SG=<i>P</i>4/<i>n</i><i>n</i>'<i>c</i>'
 name=126.381
 spinor=False
symmetries=
               1 0 0   0 1 0   0 0 1   0 0 0
 -1 0 0   0 -1 0   0 0 1   0.50000 0.50000 0
        0 -1 0   1 0 0   0 0 1   0.50000 0 0
        0 1 0   -1 0 0   0 0 1   0 0.50000 0
            -1 0 0   0 -1 0   0 0 -1   0 0 0
  1 0 0   0 1 0   0 0 -1   0.50000 0.50000 0
       0 1 0   -1 0 0   0 0 -1   0.50000 0 0
       0 -1 0   1 0 0   0 0 -1   0 0.50000 0


kpoint  GM : 0.000000 0.000000 0.000000 :  1 2 3 4 5 6 7 8
-GM1+  1   1.000 1.000 1.000 1.000 1.000 1.000 1.000 1.000 1.000 1.000 1.000 1.000 1.000 1.000 1.000 1.000 1.000 1.000 1.000 1.000 1.000 1.000 1.000 1.000 1.000 1.000 1.000 1.000 1.000 1.000 1.000 1.000 1.000
-GM1-  1   1.000 1.000 1.000 1.000 1.000 -1.000 -1.000 -1.000 -1.000 1.000 1.000 1.000 1.000 -1.000 -1.000 -1.000 -1.000 1.000 1.000 1.000 1.000 -1.000 -1.000 -1.000 -1.000 1.000 1.000 1.000 1.000 -1.000 -1.000 -1.000 -1.000 0.000 0.000 0.000 0.000 0.000 -1.000 -1.000 -1.000 -1.000 0.000 0.000 0.000 0.000 -1.000 -1.000 -1.000 -1.000 0.000 0.000 0.000 0.000 -1.000 -1.000 -1.000 -1.000 0.000 0.000 0.000 0.000 -1.000 -1.000 -1.000 -1.000
-GM10  1   1.000 1.000 -0.000 0.707 0.707 -1.000 -0.000 -0.707 -0.707 -1.000 -0.000 -0.707 -0.707 1.000 -0.000 0.707 0.707 1.000 -0.000 0.707 0.707 -1.000 -0.000 -0.707 -0.707 -1.000 -0.000 -0.707 -0.707 1.000 -0.000 0.707 0.707 0.000 0.000 -0.500 -0.250 0.250 -1.000 0.500 0.750 -0.750 -1.000 0.500 0.750 -0.750 0.000 -0.500 -0.250 0.250 0.000 0.500 0.250 -0.250 -1.000 -0.500 -0.750 0.750 -1.000 -0.500 -0.750 0.750 0.000 0.500 0.250 -0.250
-GM11  1   1.000 1.000 -0.000 -0.707 -0.707 -1.000 -0.000 0.707 0.707 -1.000 -0.000 0.707 0.707 1.000 -0.000 -0.707 -0.707 1.000 -0.000 -0.707 -0.707 -1.000 -0.000 0.707 0.707 -1.000 -0.000 0.707 0.707 1.000 -0.000 -0.707 -0.707 0.000 0.000 0.500 -0.750 0.750 -1.000 -0.500 0.250 -0.250 -1.000 -0.500 0.250 -0.250 0.000 0.500 -0.750 0.750 0.000 -0.500 0.750 -0.750 -1.000 0.500 -0.250 0.250 -1.000 0.500 -0.250 0.250 0.000 -0.500 0.750 -0.750
-GM12  1   1.000 1.000 -0.000 0.707 0.707 -1.000 -0.000 -0.707 -0.707 -1.000 -0.000 -0.707 -0.707 1.000 -0.000 0.707 0.707 1.000 -0.000 0.707 0.707 -1.000 -0.000 -0.707 -0.707 -1.000 -0.000 -0.707 -0.707 1.000 -0.000 0.707 0.707 0.000 0.000 0.500 0.250 -0.250 -1.000 -0.500 -0.750 0.750 -1.000 -0.500 -0.750 0.750 0.000 0.500 0.250 -0.250 0.000 -0.500 -0.250 0.250 -1.000 0.500 0.750 -0.750 -1.000 0.500 0.750 -0.750 0.000 -0.500 -0.250 0.250
-GM2+  1   1.000 1.000 1.000 -1.000 -1.000 1.000 1.000 -1.000 -1.000 1.000 1.000 -1.000 -1.000 1.000 1.000 -1.000 -1.000 1.000 1.000 -1.000 -1.000 1.000 1.000 -1.000 -1.000 1.000 1.000 -1.000 -1.000 1.000 1.000 -1.000 -1.000 0.000 0.000 0.000 -1.000 -1.000 0.000 0.000 -1.000 -1.000 0.000 0.000 -1.000 -1.000 0.000 0.000 -1.000 -1.000 0.000 0.000 -1.000 -1.000 0.000 0.000 -1.000 -1.000 0.000 0.000 -1.000 -1.000 0.000 0.000 -1.000 -1.000
-GM2-  1   1.000 1.000 1.000 -1.000 -1.000 -1.000 -1.000 1.000 1.000 1.000 1.000 -1.000 -1.000 -1.000 -1.000 1.000 1.000 1.000 1.000 -1.000 -1.000 -1.000 -1.000 1.000 1.000 1.000 1.000 -1.000 -1.000 -1.000 -1.000 1.000 1.000 0.000 0.000 0.000 -1.000 -1.000 -1.000 -1.000 0.000 0.000 0.000 0.000 -1.000 -1.000 -1.000 -1.000 0.000 0.000 0.000 0.000 -1.000 -1.000 -1.000 -1.000 0.000 0.000 0.000 0.000 -1.000 -1.000 -1.000 -1.000 0.000 0.000
-GM3+  1   1.000 1.000 -1.000 -0.000 -0.000 1.000 -1.000 -0.000 -0.000 1.000 -1.000 -0.000 -0.000 1.000 -1.000 -0.000 -0.000 1.000 -1.000 -0.000 -0.000 1.000 -1.000 -0.000 -0.000 1.000 -1.000 -0.000 -0.000 1.000 -1.000 -0.000 -0.000 0.000 0.000 -1.000 0.500 -0.500 0.000 -1.000 0.500 -0.500 0.000 -1.000 0.500 -0.500 0.000 -1.000 0.500 -0.500 0.000 -1.000 -0.500 0.500 0.000 -1.000 -0.500 0.500 0.000 -1.000 -0.500 0.500 0.000 -1.000 -0.500 0.500
-GM3-  1   1.000 1.000 -1.000 -0.000 -0.000 -1.000 1.000 -0.000 -0.000 1.000 -1.000 -0.000 -0.000 -1.000 1.000 -0.000 -0.000 1.000 -1.000 -0.000 -0.000 -1.000 1.000 -0.000 -0.000 1.000 -1.000 -0.000 -0.000 -1.000 1.000 -0.000 -0.000 0.000 0.000 -1.000 0.500 -0.500 -1.000 0.000 -0.500 0.500 0.000 -1.000 0.500 -0.500 -1.000 0.000 -0.500 0.500 0.000 -1.000 -0.500 0.500 -1.000 0.000 0.500 -0.500 0.000 -1.000 -0.500 0.500 -1.000 0.000 0.500 -0.500
-GM4+  1   1.000 1.000 -1.000 -0.000 -0.000 1.000 -1.000 -0.000 -0.000 1.000 -1.000 -0.000 -0.000 1.000 -1.000 -0.000 -0.000 1.000 -1.000 -0.000 -0.000 1.000 -1.000 -0.000 -0.000 1.000 -1.000 -0.000 -0.000 1.000 -1.000 -0.000 -0.000 0.000 0.000 -1.000 -0.500 0.500 0.000 -1.000 -0.500 0.500 0.000 -1.000 -0.500 0.500 0.000 -1.000 -0.500 0.500 0.000 -1.000 0.500 -0.500 0.000 -1.000 0.500 -0.500 0.000 -1.000 0.500 -0.500 0.000 -1.000 0.500 -0.500
-GM4-  1   1.000 1.000 -1.000 -0.000 -0.000 -1.000 1.000 -0.000 -0.000 1.000 -1.000 -0.000 -0.000 -1.000 1.000 -0.000 -0.000 1.000 -1.000 -0.000 -0.000 -1.000 1.000 -0.000 -0.000 1.000 -1.000 -0.000 -0.000 -1.000 1.000 -0.000 -0.000 0.000 0.000 -1.000 -0.500 0.500 -1.000 0.000 0.500 -0.500 0.000 -1.000 -0.500 0.500 -1.000 0.000 0.500 -0.500 0.000 -1.000 0.500 -0.500 -1.000 0.000 -0.500 0.500 0.000 -1.000 0.500 -0.500 -1.000 0.000 -0.500 0.500
-GM9  1   1.000 1.000 -0.000 -0.707 -0.707 -1.000 -0.000 0.707 0.707 -1.000 -0.000 0.707 0.707 1.000 -0.000 -0.707 -0.707 1.000 -0.000 -0.707 -0.707 -1.000 -0.000 0.707 0.707 -1.000 -0.000 0.707 0.707 1.000 -0.000 -0.707 -0.707 0.000 0.000 -0.500 0.750 -0.750 -1.000 0.500 -0.250 0.250 -1.000 0.500 -0.250 0.250 0.000 -0.500 0.750 -0.750 0.000 0.500 -0.750 0.750 -1.000 -0.500 0.250 -0.250 -1.000 -0.500 0.250 -0.250 0.000 0.500 -0.750 0.750



kpoint  A : 0.500000 0.500000 0.500000 ; A  :  0.5 0.5 0.5 :  1 2 3 4 5 6 7 8
-A1  2   2.000 2.000 -2.000 0.000 0.000 0.000 0.000 0.000 0.000 2.000 -2.000 0.000 0.000 0.000 0.000 0.000 0.000 0.000 0.000 0.000 0.000 -0.000 -0.000 0.000 0.000 0.000 0.000 0.000 0.000 -0.000 -0.000 0.000 0.000 0.000 0.000 -1.000 0.000 0.000 0.000 0.000 0.000 0.000 0.000 -1.000 0.000 0.000 0.000 0.000 0.000 0.000 0.000 0.000 0.000 0.000 -0.500 0.500 0.000 0.000 0.000 0.000 0.000 0.000 -0.500 0.500 0.000 0.000
-A2  2   2.000 2.000 2.000 0.000 0.000 0.000 0.000 0.000 0.000 2.000 2.000 0.000 0.000 0.000 0.000 0.000 0.000 2.000 2.000 0.000 0.000 0.000 0.000 0.000 0.000 2.000 2.000 0.000 0.000 0.000 0.000 0.000 0.000



kpoint  M : 0.500000 0.500000 0.000000 ; M  :  0.5 0.5 0.0 :  1 2 3 4 5 6 7 8
-M1  2   2.000 2.000 -2.000 0.000 0.000 0.000 0.000 0.000 0.000 2.000 -2.000 0.000 0.000 0.000 0.000 0.000 0.000 0.000 0.000 0.000 0.000 0.000 0.000 -0.000 -0.000 0.000 0.000 0.000 0.000 0.000 0.000 -0.000 -0.000 0.000 0.000 -1.000 0.000 0.000 0.000 0.000 0.000 0.000 0.000 -1.000 0.000 0.000 0.000 0.000 0.000 0.000 0.000 0.000 0.000 0.000 0.000 0.000 -0.500 0.500 0.000 0.000 0.000 0.000 0.000 0.000 -0.500 0.500
-M2  2   2.000 2.000 2.000 0.000 0.000 0.000 0.000 0.000 0.000 2.000 2.000 0.000 0.000 0.000 0.000 0.000 0.000 0.000 0.000 -0.000 -0.000 0.000 0.000 0.000 0.000 0.000 0.000 -0.000 -0.000 0.000 0.000 0.000 0.000 0.000 0.000 0.000 0.000 0.000 0.000 0.000 0.000 0.000 0.000 0.000 0.000 0.000 0.000 0.000 0.000 0.000 0.000 0.000 -0.500 -0.500 0.000 0.000 0.000 0.000 0.000 0.000 -0.500 -0.500 0.000 0.000 0.000 0.000



kpoint  R : 0.000000 0.500000 0.500000 ; R  :  0.0 0.5 0.5 :  1 2 3 4
-R1  2   2.000 2.000 0.000 0.000 0.000 2.000 0.000 0.000 0.000 0.000 -1.414 0.000 0.000 0.000 -1.414 0.000 0.000 0.000 0.000 0.000 0.000 0.000 0.000 0.000 0.000 0.000 0.000 -0.750 0.000 0.000 0.000 -0.750 0.000 0.000



kpoint  X : 0.000000 0.500000 0.000000 ; X  :  0.0 0.5 0.0 :  1 2 3 4
-X1  2   2.000 2.000 0.000 0.000 0.000 2.000 0.000 0.000 0.000 -1.414 0.000 0.000 0.000 -1.414 0.000 0.000 0.000 0.000 0.000 0.000 0.000 0.000 0.000 0.000 0.000 0.000 -0.750 0.000 0.000 0.000 -0.750 0.000 0.000 0.000



kpoint  Z : 0.000000 0.000000 0.500000 ; Z  :  0.0 0.0 0.5 :  1 2 3 4 5 6 7 8
-Z1-Z1+  2   2.000 2.000 2.000 2.000 2.000 0.000 0.000 0.000 0.000 2.000 2.000 2.000 2.000 0.000 0.000 0.000 0.000 0.000 0.000 0.000 0.000 0.000 0.000 0.000 0.000 0.000 0.000 0.000 0.000 0.000 0.000 0.000 0.000
-Z2-Z2+  2   2.000 2.000 2.000 -2.000 -2.000 0.000 0.000 0.000 0.000 2.000 2.000 -2.000 -2.000 0.000 0.000 0.000 0.000 0.000 0.000 0.000 0.000 0.000 0.000 0.000 0.000 0.000 0.000 0.000 0.000 0.000 0.000 0.000 0.000 0.000 0.000 0.000 -1.000 -1.000 0.000 0.000 0.000 0.000 0.000 0.000 -1.000 -1.000 0.000 0.000 0.000 0.000 0.000 0.000 0.000 0.000 0.000 0.000 0.000 0.000 0.000 0.000 0.000 0.000 0.000 0.000 0.000 0.000
-Z3-Z3+  2   2.000 2.000 -2.000 -0.000 -0.000 0.000 0.000 0.000 0.000 2.000 -2.000 -0.000 -0.000 0.000 0.000 0.000 0.000 0.000 0.000 0.000 0.000 0.000 0.000 0.000 0.000 0.000 0.000 0.000 0.000 0.000 0.000 0.000 0.000 0.000 0.000 -1.000 0.500 -0.500 0.000 0.000 0.000 0.000 0.000 -1.000 0.500 -0.500 0.000 0.000 0.000 0.000 0.000 0.000 0.000 0.000 0.000 0.000 0.000 0.000 0.000 0.000 0.000 0.000 0.000 0.000 0.000 0.000
-Z4-Z4+  2   2.000 2.000 -2.000 -0.000 -0.000 0.000 0.000 0.000 0.000 2.000 -2.000 -0.000 -0.000 0.000 0.000 0.000 0.000 0.000 0.000 0.000 0.000 0.000 0.000 0.000 0.000 0.000 0.000 0.000 0.000 0.000 0.000 0.000 0.000 0.000 0.000 -1.000 -0.500 0.500 0.000 0.000 0.000 0.000 0.000 -1.000 -0.500 0.500 0.000 0.000 0.000 0.000 0.000 0.000 0.000 0.000 0.000 0.000 0.000 0.000 0.000 0.000 0.000 0.000 0.000 0.000 0.000 0.000
