SG=<i>I</i>4<sub>1</sub>/<i>a</i><i>m</i><i>d</i>1'
 name=141.552
 spinor=False
symmetries=
          1 0 0 0 1 0 0 0 1    0 0 0     1.0 0.0 0.0 1.0    0.0 0.0 0.0 0.0
      -1 0 0 0 -1 0 0 0 1    0 1/2 0    1.0 0.0 0.0 1.0    -0.5 0.0 0.0 0.5
   0 -1 0 1 0 0 0 0 1    1/4 3/4 1/4   1.0 0.0 0.0 1.0    0.75 0.0 0.0 0.25
   0 1 0 -1 0 0 0 0 1    1/4 1/4 3/4   1.0 0.0 0.0 1.0    0.25 0.0 0.0 0.75
      -1 0 0 0 1 0 0 0 -1    0 1/2 0     0.0 1.0 1.0 0.0    0.0 1.0 0.0 0.0
        1 0 0 0 -1 0 0 0 -1    0 0 0   0.0 1.0 1.0 0.0    0.0 -0.5 -0.5 0.0
   0 1 0 1 0 0 0 0 -1    1/4 3/4 1/4  0.0 1.0 1.0 0.0    0.0 -0.75 0.75 0.0
 0 -1 0 -1 0 0 0 0 -1    1/4 1/4 3/4   0.0 1.0 1.0 0.0    0.0 0.75 0.25 0.0
       -1 0 0 0 -1 0 0 0 -1    0 0 0     1.0 0.0 0.0 1.0    0.0 0.0 0.0 0.0
       1 0 0 0 1 0 0 0 -1    0 1/2 0    1.0 0.0 0.0 1.0    -0.5 0.0 0.0 0.5
  0 1 0 -1 0 0 0 0 -1    1/4 3/4 1/4   1.0 0.0 0.0 1.0    0.75 0.0 0.0 0.25
  0 -1 0 1 0 0 0 0 -1    1/4 1/4 3/4   1.0 0.0 0.0 1.0    0.25 0.0 0.0 0.75
       1 0 0 0 -1 0 0 0 1    0 1/2 0     0.0 1.0 1.0 0.0    0.0 1.0 0.0 0.0
         -1 0 0 0 1 0 0 0 1    0 0 0   0.0 1.0 1.0 0.0    0.0 -0.5 -0.5 0.0
  0 -1 0 -1 0 0 0 0 1    1/4 3/4 1/4  0.0 1.0 1.0 0.0    0.0 -0.75 0.75 0.0
    0 1 0 1 0 0 0 0 1    1/4 1/4 3/4   0.0 1.0 1.0 0.0    0.0 0.75 0.25 0.0
          1 0 0 0 1 0 0 0 1    0 0 0     1.0 0.0 0.0 1.0    0.0 0.0 0.0 0.0
      -1 0 0 0 -1 0 0 0 1    0 1/2 0    1.0 0.0 0.0 1.0    -0.5 0.0 0.0 0.5
   0 -1 0 1 0 0 0 0 1    1/4 3/4 1/4   1.0 0.0 0.0 1.0    0.75 0.0 0.0 0.25
   0 1 0 -1 0 0 0 0 1    1/4 1/4 3/4   1.0 0.0 0.0 1.0    0.25 0.0 0.0 0.75
      -1 0 0 0 1 0 0 0 -1    0 1/2 0     0.0 1.0 1.0 0.0    0.0 1.0 0.0 0.0
        1 0 0 0 -1 0 0 0 -1    0 0 0   0.0 1.0 1.0 0.0    0.0 -0.5 -0.5 0.0
   0 1 0 1 0 0 0 0 -1    1/4 3/4 1/4  0.0 1.0 1.0 0.0    0.0 -0.75 0.75 0.0
 0 -1 0 -1 0 0 0 0 -1    1/4 1/4 3/4   0.0 1.0 1.0 0.0    0.0 0.75 0.25 0.0
       -1 0 0 0 -1 0 0 0 -1    0 0 0     1.0 0.0 0.0 1.0    0.0 0.0 0.0 0.0
       1 0 0 0 1 0 0 0 -1    0 1/2 0    1.0 0.0 0.0 1.0    -0.5 0.0 0.0 0.5
  0 1 0 -1 0 0 0 0 -1    1/4 3/4 1/4   1.0 0.0 0.0 1.0    0.75 0.0 0.0 0.25
  0 -1 0 1 0 0 0 0 -1    1/4 1/4 3/4   1.0 0.0 0.0 1.0    0.25 0.0 0.0 0.75
       1 0 0 0 -1 0 0 0 1    0 1/2 0     0.0 1.0 1.0 0.0    0.0 1.0 0.0 0.0
         -1 0 0 0 1 0 0 0 1    0 0 0   0.0 1.0 1.0 0.0    0.0 -0.5 -0.5 0.0
  0 -1 0 -1 0 0 0 0 1    1/4 3/4 1/4  0.0 1.0 1.0 0.0    0.0 -0.75 0.75 0.0
    0 1 0 1 0 0 0 0 1    1/4 1/4 3/4   0.0 1.0 1.0 0.0    0.0 0.75 0.25 0.0


kpoint  GM : 0.000000 0.000000 0.000000 :  1 2 3 4 5 6 7 8 9 10 11 12 13 14 15 16 17 18 19 20 21 22 23 24 25 26 27 28 29 30 31 32
-GM1+  1  1.0  1.000000  1.000000  1.0  1.0  1.0  1.0  1.0  1.0  1.000000  1.000000  1.0  1.0  1.0  1.0  1.0  1.0  1.000000  1.000000  1.0  1.0  1.0  1.0  1.0  1.0  1.000000  1.000000  1.0  1.0  1.0  1.0  1.0  1.0  1.0  1.0  1.000000  1.000000  1.0  1.0  1.0  1.0  1.0  1.0  1.000000  1.000000  1.0  1.0  1.0  1.0  1.0  1.0  1.000000  1.000000  1.0  1.0  1.0  1.0  1.0  1.0  1.000000  1.000000  1.0  1.0
-GM1-  1  1.0  1.000000  1.000000  1.0  1.0  1.0  1.0 -1.0 -1.0 -1.000000 -1.000000 -1.0 -1.0 -1.0 -1.0  1.0  1.0  1.000000  1.000000  1.0  1.0  1.0  1.0 -1.0 -1.0 -1.000000 -1.000000 -1.0 -1.0 -1.0 -1.0 -1.0 -1.0 -1.0 -1.0 -1.000000 -1.000000 -1.0 -1.0  1.0  1.0  1.0  1.0  1.000000  1.000000  1.0  1.0 -1.0 -1.0 -1.0 -1.0 -1.000000 -1.000000 -1.0 -1.0  1.0  1.0  1.0  1.0  1.000000  1.000000  1.0  1.0
-GM2+  1  1.0 -1.000000 -1.000000  1.0  1.0 -1.0 -1.0  1.0  1.0 -1.000000 -1.000000  1.0  1.0 -1.0 -1.0  1.0  1.0 -1.000000 -1.000000  1.0  1.0 -1.0 -1.0  1.0  1.0 -1.000000 -1.000000  1.0  1.0 -1.0 -1.0  1.0  1.0 -1.0 -1.0  1.000000  1.000000 -1.0 -1.0  1.0  1.0 -1.0 -1.0  1.000000  1.000000 -1.0 -1.0  1.0  1.0 -1.0 -1.0  1.000000  1.000000 -1.0 -1.0  1.0  1.0 -1.0 -1.0  1.000000  1.000000 -1.0 -1.0
-GM2-  1  1.0 -1.000000 -1.000000  1.0  1.0 -1.0 -1.0 -1.0 -1.0  1.000000  1.000000 -1.0 -1.0  1.0  1.0  1.0  1.0 -1.000000 -1.000000  1.0  1.0 -1.0 -1.0 -1.0 -1.0  1.000000  1.000000 -1.0 -1.0  1.0  1.0 -1.0 -1.0  1.0  1.0 -1.000000 -1.000000  1.0  1.0  1.0  1.0 -1.0 -1.0  1.000000  1.000000 -1.0 -1.0 -1.0 -1.0  1.0  1.0 -1.000000 -1.000000  1.0  1.0  1.0  1.0 -1.0 -1.0  1.000000  1.000000 -1.0 -1.0
-GM3+  1  1.0  1.000000  1.000000 -1.0 -1.0 -1.0 -1.0  1.0  1.0  1.000000  1.000000 -1.0 -1.0 -1.0 -1.0  1.0  1.0  1.000000  1.000000 -1.0 -1.0 -1.0 -1.0  1.0  1.0  1.000000  1.000000 -1.0 -1.0 -1.0 -1.0  1.0  1.0  1.0  1.0 -1.000000 -1.000000 -1.0 -1.0  1.0  1.0  1.0  1.0 -1.000000 -1.000000 -1.0 -1.0  1.0  1.0  1.0  1.0 -1.000000 -1.000000 -1.0 -1.0  1.0  1.0  1.0  1.0 -1.000000 -1.000000 -1.0 -1.0
-GM3-  1  1.0  1.000000  1.000000 -1.0 -1.0 -1.0 -1.0 -1.0 -1.0 -1.000000 -1.000000  1.0  1.0  1.0  1.0  1.0  1.0  1.000000  1.000000 -1.0 -1.0 -1.0 -1.0 -1.0 -1.0 -1.000000 -1.000000  1.0  1.0  1.0  1.0 -1.0 -1.0 -1.0 -1.0  1.000000  1.000000  1.0  1.0  1.0  1.0  1.0  1.0 -1.000000 -1.000000 -1.0 -1.0 -1.0 -1.0 -1.0 -1.0  1.000000  1.000000  1.0  1.0  1.0  1.0  1.0  1.0 -1.000000 -1.000000 -1.0 -1.0
-GM4+  1  1.0 -1.000000 -1.000000 -1.0 -1.0  1.0  1.0  1.0  1.0 -1.000000 -1.000000 -1.0 -1.0  1.0  1.0  1.0  1.0 -1.000000 -1.000000 -1.0 -1.0  1.0  1.0  1.0  1.0 -1.000000 -1.000000 -1.0 -1.0  1.0  1.0  1.0  1.0 -1.0 -1.0 -1.000000 -1.000000  1.0  1.0  1.0  1.0 -1.0 -1.0 -1.000000 -1.000000  1.0  1.0  1.0  1.0 -1.0 -1.0 -1.000000 -1.000000  1.0  1.0  1.0  1.0 -1.0 -1.0 -1.000000 -1.000000  1.0  1.0
-GM4-  1  1.0 -1.000000 -1.000000 -1.0 -1.0  1.0  1.0 -1.0 -1.0  1.000000  1.000000  1.0  1.0 -1.0 -1.0  1.0  1.0 -1.000000 -1.000000 -1.0 -1.0  1.0  1.0 -1.0 -1.0  1.000000  1.000000  1.0  1.0 -1.0 -1.0 -1.0 -1.0  1.0  1.0  1.000000  1.000000 -1.0 -1.0  1.0  1.0 -1.0 -1.0 -1.000000 -1.000000  1.0  1.0 -1.0 -1.0  1.0  1.0  1.000000  1.000000 -1.0 -1.0  1.0  1.0 -1.0 -1.0 -1.000000 -1.000000  1.0  1.0
-GM5+  2 -2.0  0.000000  0.000000  0.0  0.0  0.0  0.0  2.0 -2.0  0.000000  0.000000  0.0  0.0  0.0  0.0  2.0 -2.0  0.000000  0.000000  0.0  0.0  0.0  0.0  2.0 -2.0  0.000000  0.000000  0.0  0.0  0.0  0.0  2.0 -2.0  0.0  0.0  0.000000  0.000000  0.0  0.0  2.0 -2.0  0.0  0.0  0.000000  0.000000  0.0  0.0  2.0 -2.0  0.0  0.0  0.000000  0.000000  0.0  0.0  2.0 -2.0  0.0  0.0  0.000000  0.000000  0.0  0.0
-GM5-  2 -2.0  0.000000  0.000000  0.0  0.0  0.0  0.0 -2.0  2.0  0.000000  0.000000  0.0  0.0  0.0  0.0  2.0 -2.0  0.000000  0.000000  0.0  0.0  0.0  0.0 -2.0  2.0  0.000000  0.000000  0.0  0.0  0.0  0.0 -2.0  2.0  0.0  0.0  0.000000  0.000000  0.0  0.0  2.0 -2.0  0.0  0.0  0.000000  0.000000  0.0  0.0 -2.0  2.0  0.0  0.0  0.000000  0.000000  0.0  0.0  2.0 -2.0  0.0  0.0  0.000000  0.000000  0.0  0.0
-GM8   2  0.0 -1.414214 -1.414214  0.0  0.0  0.0  0.0 -2.0  0.0  1.414214  1.414214  0.0  0.0  0.0  0.0 -2.0  0.0  1.414214  1.414214  0.0  0.0  0.0  0.0  2.0  0.0 -1.414214 -1.414214  0.0  0.0  0.0  0.0  0.0  0.0  0.0  0.0  1.414214  1.414214 -2.0  0.0  0.0  0.0  0.0  0.0 -1.414214 -1.414214  2.0  0.0  0.0  0.0  0.0  0.0 -1.414214 -1.414214  2.0  0.0  0.0  0.0  0.0  0.0  1.414214  1.414214 -2.0  0.0
-GM9   2  0.0  1.414214  1.414214  0.0  0.0  0.0  0.0 -2.0  0.0 -1.414214 -1.414214  0.0  0.0  0.0  0.0 -2.0  0.0 -1.414214 -1.414214  0.0  0.0  0.0  0.0  2.0  0.0  1.414214  1.414214  0.0  0.0  0.0  0.0  0.0  0.0  0.0  0.0 -1.414214 -1.414214 -2.0  0.0  0.0  0.0  0.0  0.0  1.414214  1.414214  2.0  0.0  0.0  0.0  0.0  0.0  1.414214  1.414214  2.0  0.0  0.0  0.0  0.0  0.0 -1.414214 -1.414214 -2.0  0.0



kpoint  M : 0.500000 0.500000 0.500000 :  1 2 3 4 5 6 7 8 9 10 11 12 13 14 15 16 17 18 19 20 21 22 23 24 25 26 27 28 29 30 31 32
-M1  2  2.0  0.0  0.0  0.0  0.0  0.0  0.0  0.0  0.0  0.0  0.0  2.0  2.0  0.0  0.0  2.0  2.0  0.0  0.0  0.0  0.0  0.0  0.0  0.0  0.0  0.0  0.0  2.0  2.0  0.0  0.0  0.0  0.0  0.0  0.0  0.0  0.0  0.0  0.0  0.0  0.0  0.0  0.0  0.0  0.0  0.0  0.0  0.0  0.0  0.0  0.0  0.0  0.0  0.0  0.0  0.0  0.0  0.0  0.0  0.0  0.0  0.0  0.0
-M2  2  2.0  0.0  0.0  0.0  0.0  0.0  0.0  0.0  0.0  0.0  0.0 -2.0 -2.0  0.0  0.0  2.0  2.0  0.0  0.0  0.0  0.0  0.0  0.0  0.0  0.0  0.0  0.0 -2.0 -2.0  0.0  0.0  0.0  0.0  0.0  0.0  0.0  0.0  0.0  0.0  0.0  0.0  0.0  0.0  0.0  0.0  0.0  0.0  0.0  0.0  0.0  0.0  0.0  0.0  0.0  0.0  0.0  0.0  0.0  0.0  0.0  0.0  0.0  0.0
-M3  2 -2.0  0.0  0.0 -2.0  2.0  0.0  0.0  0.0  0.0  0.0  0.0  0.0  0.0  0.0  0.0  2.0 -2.0  0.0  0.0 -2.0  2.0  0.0  0.0  0.0  0.0  0.0  0.0  0.0  0.0  0.0  0.0  0.0  0.0  0.0  0.0  0.0  0.0  0.0  0.0  0.0  0.0  0.0  0.0  0.0  0.0  0.0  0.0  0.0  0.0  0.0  0.0  0.0  0.0  0.0  0.0  0.0  0.0  0.0  0.0  0.0  0.0  0.0  0.0
-M4  2 -2.0  0.0  0.0  2.0 -2.0  0.0  0.0  0.0  0.0  0.0  0.0  0.0  0.0  0.0  0.0  2.0 -2.0  0.0  0.0  2.0 -2.0  0.0  0.0  0.0  0.0  0.0  0.0  0.0  0.0  0.0  0.0  0.0  0.0  0.0  0.0  0.0  0.0  0.0  0.0  0.0  0.0  0.0  0.0  0.0  0.0  0.0  0.0  0.0  0.0  0.0  0.0  0.0  0.0  0.0  0.0  0.0  0.0  0.0  0.0  0.0  0.0  0.0  0.0



kpoint  N : 0.000000 0.500000 0.000000 :  1 2 3 4 5 6 7 8
-N1+   1  1.0  1.0  1.0  1.0  1.0  1.0  1.0 -0.707107 -0.707107 -0.707107 -0.707107 -0.707107 -0.707107 -0.707107 -0.707107
-N1-   1  1.0 -1.0 -1.0  1.0  1.0 -1.0 -1.0  0.707107  0.707107 -0.707107 -0.707107  0.707107  0.707107 -0.707107 -0.707107
-N2+   1 -1.0  1.0 -1.0  1.0 -1.0  1.0 -1.0 -0.707107  0.707107 -0.707107  0.707107 -0.707107  0.707107 -0.707107  0.707107
-N2-   1 -1.0 -1.0  1.0  1.0 -1.0 -1.0  1.0  0.707107 -0.707107 -0.707107  0.707107  0.707107 -0.707107 -0.707107  0.707107
-N5N6  2  0.0 -2.0  0.0 -2.0  0.0  2.0  0.0  0.000000  0.000000  0.000000  0.000000  0.000000  0.000000  0.000000  0.000000



kpoint  P : 0.250000 0.250000 0.250000 :  1 2 3 4 5 6 7 8 9 10 11 12 13 14 15 16
-P1  2  0.0  0.0  0.0 -1.0 -1.0  0.0  0.0  2.0  0.0  0.0  0.0 -1.0 -1.0  0.0  0.0  0.0  0.0 -1.0 -1.0  0.0  0.0  0.0  2.0  0.0  0.0 -1.0 -1.0  0.0  0.0  0.0  2.0
-P2  2  0.0  0.0  0.0  1.0  1.0  0.0  0.0  2.0  0.0  0.0  0.0  1.0  1.0  0.0  0.0  0.0  0.0 -1.0 -1.0  0.0  0.0  0.0 -2.0  0.0  0.0 -1.0 -1.0  0.0  0.0  0.0 -2.0



kpoint  X : 0.000000 0.000000 0.500000 :  1 2 3 4 5 6 7 8 9 10 11 12 13 14 15 16
-X1  2  0.0 -2.0  0.0  0.0  0.0  0.0  0.0  2.0  0.0 -2.0  0.0  0.0  0.0  0.0  0.0  2.0  0.0 -2.0  0.0  0.0  0.0  0.0  0.0  2.0  0.0 -2.0  0.0  0.0  0.0  0.0  0.0
-X2  2  0.0  2.0  0.0  0.0  0.0  0.0  0.0  2.0  0.0  2.0  0.0  0.0  0.0  0.0  0.0  2.0  0.0  2.0  0.0  0.0  0.0  0.0  0.0  2.0  0.0  2.0  0.0  0.0  0.0  0.0  0.0
