SG=<i>R</i>32
 name=155.45
 spinor=False
symmetries=
    1 0 0 0 1 0 0 0 1    0 0 0                                 1.0 0.0 0.0 1.0    0.0 0.0 0.0 0.0
  0 -1 0 1 -1 0 0 0 1    0 0 0   1.0 0.0 0.0 1.0    0.3333333333333333 0.0 0.0 0.6666666666666667
  -1 1 0 -1 0 0 0 0 1    0 0 0   1.0 0.0 0.0 1.0    0.6666666666666667 0.0 0.0 0.3333333333333333
   0 1 0 1 0 0 0 0 -1    0 0 0  0.0 1.0 1.0 0.0    0.0 -0.6666666666666667 0.6666666666666667 0.0
 1 -1 0 0 -1 0 0 0 -1    0 0 0                                 0.0 1.0 1.0 0.0    0.0 1.0 0.0 0.0
 -1 0 0 -1 1 0 0 0 -1    0 0 0   0.0 1.0 1.0 0.0    0.0 0.6666666666666667 0.3333333333333333 0.0


kpoint  GM : 0.000000 0.000000 0.000000 :  1 2 3 4 5 6
-GM1  1  1.0  1.0  1.0  1.0  1.0  1.0  1.0  1.0  1.0  1.0  1.0
-GM2  1  1.0  1.0 -1.0 -1.0 -1.0  1.0  1.0  1.0 -1.0 -1.0 -1.0
-GM3  2 -1.0 -1.0  0.0  0.0  0.0  2.0 -1.0 -1.0  0.0  0.0  0.0



kpoint  F : 0.500000 0.500000 0.500000 :  1 2
-F1  1  1.0  1.0  1.0
-F2  1 -1.0  1.0 -1.0



kpoint  L : 0.333333 0.666667 0.166667 :  1 2
-L1  1  1.0  1.0  1.0
-L2  1 -1.0  1.0 -1.0



kpoint  T : 0.500000 0.000000 0.500000 :  1 2 3 4 5 6
-T1  1  1.0  1.0  1.0  1.0  1.0  1.0  1.0  1.0  1.0  1.0  1.0
-T2  1  1.0  1.0 -1.0 -1.0 -1.0  1.0  1.0  1.0 -1.0 -1.0 -1.0
-T3  2 -1.0 -1.0  0.0  0.0  0.0  2.0 -1.0 -1.0  0.0  0.0  0.0
