SG=<i>C</i><i>c</i><i>c</i>'<i>m</i>'
 name=66.496
 spinor=True
symmetries=
     1 0 0 0 1 0 0 0 1    0 0 0    1.0 0.0 0.0 1.0    0.0 0.0 0.0 0.0
 1 0 0 0 -1 0 0 0 -1    0 0 1/2  0.0 1.0 1.0 0.0    0.0 -0.5 -0.5 0.0
  -1 0 0 0 -1 0 0 0 -1    0 0 0    1.0 0.0 0.0 1.0    0.0 0.0 0.0 0.0
  -1 0 0 0 1 0 0 0 1    0 0 1/2  0.0 1.0 1.0 0.0    0.0 -0.5 -0.5 0.0
   -1 0 0 0 -1 0 0 0 1    0 0 0   1.0 0.0 0.0 1.0    -0.5 0.0 0.0 0.5
 -1 0 0 0 1 0 0 0 -1    0 0 1/2    0.0 1.0 1.0 0.0    0.0 1.0 0.0 0.0
    1 0 0 0 1 0 0 0 -1    0 0 0   1.0 0.0 0.0 1.0    -0.5 0.0 0.0 0.5
  1 0 0 0 -1 0 0 0 1    0 0 1/2    0.0 1.0 1.0 0.0    0.0 1.0 0.0 0.0


kpoint  GM : 0.000000 0.000000 0.000000 :  1 2 3 4 5 6 7 8
-GM3  1  0.0  1.0  0.0 -1.0  0.0 -1.0  0.0  1.0  0.0  1.0  0.0 -1.0  0.0 -1.0  0.0
-GM4  1  0.0  1.0  0.0 -1.0  0.0 -1.0  0.0  1.0  0.0  1.0  0.0 -1.0  0.0 -1.0  0.0



kpoint  R : 0.500000 0.000000 0.500000 :  1 2 3 4
-(R)L2  1  1.0 -1.0 -1.0  0.0  0.0  0.0  0.0



kpoint  S : 0.500000 0.000000 0.000000 :  1 2 3 4
-(S)V2  1  1.0 -1.0 -1.0  0.0  0.0  0.0  0.0



kpoint  T : 0.500000 0.500000 0.500000 :  1 2 3 4 5 6 7 8
-(T)M2  2  0.0  0.0  0.0 -2.0  0.0  0.0  0.0  0.0  0.0  0.0  0.0  0.0  0.0  0.0  0.0



kpoint  Y : 0.500000 0.500000 0.000000 :  1 2 3 4 5 6 7 8
-Y3  1  0.0  1.0  0.0 -1.0  0.0 -1.0  0.0  1.0  0.0  1.0  0.0 -1.0  0.0 -1.0  0.0
-Y4  1  0.0  1.0  0.0 -1.0  0.0 -1.0  0.0  1.0  0.0  1.0  0.0 -1.0  0.0 -1.0  0.0



kpoint  Z : 0.000000 0.000000 0.500000 :  1 2 3 4 5 6 7 8
-(Z)A2  2  0.0  0.0  0.0 -2.0  0.0  0.0  0.0  0.0  0.0  0.0  0.0  0.0  0.0  0.0  0.0
