SG=<i>R</i>321'
 name=155.46
 spinor=True
symmetries=
    1 0 0 0 1 0 0 0 1    0 0 0                                 1.0 0.0 0.0 1.0    0.0 0.0 0.0 0.0
  0 -1 0 1 -1 0 0 0 1    0 0 0   1.0 0.0 0.0 1.0    0.3333333333333333 0.0 0.0 0.6666666666666667
  -1 1 0 -1 0 0 0 0 1    0 0 0   1.0 0.0 0.0 1.0    0.6666666666666667 0.0 0.0 0.3333333333333333
   0 1 0 1 0 0 0 0 -1    0 0 0  0.0 1.0 1.0 0.0    0.0 -0.6666666666666667 0.6666666666666667 0.0
 1 -1 0 0 -1 0 0 0 -1    0 0 0                                 0.0 1.0 1.0 0.0    0.0 1.0 0.0 0.0
 -1 0 0 -1 1 0 0 0 -1    0 0 0   0.0 1.0 1.0 0.0    0.0 0.6666666666666667 0.3333333333333333 0.0
    1 0 0 0 1 0 0 0 1    0 0 0                                 1.0 0.0 0.0 1.0    0.0 0.0 0.0 0.0
  0 -1 0 1 -1 0 0 0 1    0 0 0   1.0 0.0 0.0 1.0    0.3333333333333333 0.0 0.0 0.6666666666666667
  -1 1 0 -1 0 0 0 0 1    0 0 0   1.0 0.0 0.0 1.0    0.6666666666666667 0.0 0.0 0.3333333333333333
   0 1 0 1 0 0 0 0 -1    0 0 0  0.0 1.0 1.0 0.0    0.0 -0.6666666666666667 0.6666666666666667 0.0
 1 -1 0 0 -1 0 0 0 -1    0 0 0                                 0.0 1.0 1.0 0.0    0.0 1.0 0.0 0.0
 -1 0 0 -1 1 0 0 0 -1    0 0 0   0.0 1.0 1.0 0.0    0.0 0.6666666666666667 0.3333333333333333 0.0


kpoint  GM : 0.000000 0.000000 0.000000 :  1 2 3 4 5 6 7 8 9 10 11 12
-GM4GM5  2 -2.0 -2.0  0.0  0.0  0.0 -2.0  2.0  2.0  0.0  0.0  0.0  0.0  0.0  0.0  0.0  0.0  0.0  0.0  0.0  0.0  0.0  0.0  0.0
-GM6     2  1.0  1.0  0.0  0.0  0.0 -2.0 -1.0 -1.0  0.0  0.0  0.0  0.0  0.0  0.0  2.0  1.0 -1.0  0.0  0.0  0.0 -2.0 -1.0  1.0



kpoint  F : 0.500000 0.500000 0.500000 :  1 2 3 4
-F3F4  2  0.0 -2.0  0.0  0.0  0.0  0.0  0.0



kpoint  L : 0.333333 0.666667 0.166667 :  1 2 3 4
-L3L4  2  0.0 -2.0  0.0  0.0  0.0  0.0  0.0



kpoint  T : 0.500000 0.000000 0.500000 :  1 2 3 4 5 6 7 8 9 10 11 12
-T4T5  2 -2.0 -2.0  0.0  0.0  0.0 -2.0  2.0  2.0  0.0  0.0  0.0  0.0  0.0  0.0  0.0  0.0  0.0  0.0  0.0  0.0  0.0  0.0  0.0
-T6    2  1.0  1.0  0.0  0.0  0.0 -2.0 -1.0 -1.0  0.0  0.0  0.0  0.0  0.0  0.0  2.0  1.0 -1.0  0.0  0.0  0.0 -2.0 -1.0  1.0
