SG=<i>P</i><sub><i>b</i></sub>2/<i>c</i>
 name=13.71
 spinor=True
symmetries=
       1 0 0 0 1 0 0 0 1    0 0 0  1.0 0.0 0.0 1.0    0.0 0.0 0.0 0.0
   -1 0 0 0 1 0 0 0 -1    0 0 1/2  0.0 1.0 1.0 0.0    0.0 1.0 0.0 0.0
    -1 0 0 0 -1 0 0 0 -1    0 0 0  1.0 0.0 0.0 1.0    0.0 0.0 0.0 0.0
    1 0 0 0 -1 0 0 0 1    0 0 1/2  0.0 1.0 1.0 0.0    0.0 1.0 0.0 0.0
     1 0 0 0 1 0 0 0 1    0 1/2 0  1.0 0.0 0.0 1.0    0.0 0.0 0.0 0.0
 -1 0 0 0 1 0 0 0 -1    0 1/2 1/2  0.0 1.0 1.0 0.0    0.0 1.0 0.0 0.0
  -1 0 0 0 -1 0 0 0 -1    0 1/2 0  1.0 0.0 0.0 1.0    0.0 0.0 0.0 0.0
  1 0 0 0 -1 0 0 0 1    0 1/2 1/2  0.0 1.0 1.0 0.0    0.0 1.0 0.0 0.0


kpoint  GM : 0.000000 0.000000 0.000000 :  1 2 3 4 5 6 7 8
-GM3GM4  2  0.0  2.0  0.0 -2.0  0.0 -2.0  0.0  0.0  0.0  0.0  0.0  0.0  0.0  0.0  0.0



kpoint  A : 0.500000 0.000000 0.500000 :  1 2 3 4 5 6 7 8
-A2A2  4  0.0  0.0  0.0 -4.0  0.0  0.0  0.0  0.0  0.0  0.0  0.0  0.0  0.0  0.0  0.0



kpoint  B : 0.000000 0.000000 0.500000 :  1 2 3 4 5 6 7 8
-B2B2  4  0.0  0.0  0.0 -4.0  0.0  0.0  0.0  0.0  0.0  0.0  0.0  0.0  0.0  0.0  0.0



kpoint  C : 0.500000 0.500000 0.000000 :  1 2 3 4 5 6 7 8
-C3C6  2  0.0  0.0  0.0 -2.0  0.0  0.0  0.0  0.0  0.0  0.0  0.0  0.0  0.0  0.0  0.0
-C4C5  2  0.0  0.0  0.0 -2.0  0.0  0.0  0.0  0.0  0.0  0.0  0.0  0.0  0.0  0.0  0.0



kpoint  D : 0.000000 0.500000 0.500000 :  1 2 3 4 5 6 7 8
-D2D2  4  0.0  0.0  0.0 -4.0  0.0  0.0  0.0  0.0  0.0  0.0  0.0  0.0  0.0  0.0  0.0



kpoint  E : 0.500000 0.500000 0.500000 :  1 2 3 4 5 6 7 8
-E2E2  4  0.0  0.0  0.0 -4.0  0.0  0.0  0.0  0.0  0.0  0.0  0.0  0.0  0.0  0.0  0.0



kpoint  Y : 0.500000 0.000000 0.000000 :  1 2 3 4 5 6 7 8
-Y3Y4  2  0.0  2.0  0.0 -2.0  0.0 -2.0  0.0  0.0  0.0  0.0  0.0  0.0  0.0  0.0  0.0



kpoint  Z : 0.000000 0.500000 0.000000 :  1 2 3 4 5 6 7 8
-Z3Z6  2  0.0  0.0  0.0 -2.0  0.0  0.0  0.0  0.0  0.0  0.0  0.0  0.0  0.0  0.0  0.0
-Z4Z5  2  0.0  0.0  0.0 -2.0  0.0  0.0  0.0  0.0  0.0  0.0  0.0  0.0  0.0  0.0  0.0
