SG=<i>I</i>-4'3<i>d</i>'
 name=220.91
 spinor=False
symmetries=
         1 0 0 0 1 0 0 0 1    0 0 0                                                                                                                            1.0 0.0 0.0 1.0    0.0 0.0 0.0 0.0
     -1 0 0 0 -1 0 0 0 1    0 1/2 0                                                                                                                           1.0 0.0 0.0 1.0    -0.5 0.0 0.0 0.5
     -1 0 0 0 1 0 0 0 -1    1/2 0 0                                                                                                                            0.0 1.0 1.0 0.0    0.0 1.0 0.0 0.0
     1 0 0 0 -1 0 0 0 -1    0 0 1/2                                                                                                                          0.0 1.0 1.0 0.0    0.0 -0.5 -0.5 0.0
         0 0 1 1 0 0 0 1 0    0 0 0  0.7071067811865476 0.7071067811865476 0.7071067811865476 0.7071067811865476    -0.7853981633974483 -2.356194490192345 -0.7853981633974483 0.7853981633974483
     0 0 1 -1 0 0 0 -1 0    0 0 1/2    0.7071067811865476 0.7071067811865476 0.7071067811865476 0.7071067811865476    0.7853981633974483 2.356194490192345 0.7853981633974483 -0.7853981633974483
     0 0 -1 -1 0 0 0 1 0    0 1/2 0  0.7071067811865476 0.7071067811865476 0.7071067811865476 0.7071067811865476    0.7853981633974483 -0.7853981633974483 -2.356194490192345 -0.7853981633974483
     0 0 -1 1 0 0 0 -1 0    1/2 0 0    0.7071067811865476 0.7071067811865476 0.7071067811865476 0.7071067811865476    -0.7853981633974483 0.7853981633974483 2.356194490192345 0.7853981633974483
         0 1 0 0 0 1 1 0 0    0 0 0    0.7071067811865476 0.7071067811865476 0.7071067811865476 0.7071067811865476    0.7853981633974483 0.7853981633974483 2.356194490192345 -0.7853981633974483
     0 -1 0 0 0 1 -1 0 0    1/2 0 0    0.7071067811865476 0.7071067811865476 0.7071067811865476 0.7071067811865476    -0.7853981633974483 2.356194490192345 0.7853981633974483 0.7853981633974483
     0 1 0 0 0 -1 -1 0 0    0 0 1/2  0.7071067811865476 0.7071067811865476 0.7071067811865476 0.7071067811865476    0.7853981633974483 -2.356194490192345 -0.7853981633974483 -0.7853981633974483
     0 -1 0 0 0 -1 1 0 0    0 1/2 0  0.7071067811865476 0.7071067811865476 0.7071067811865476 0.7071067811865476    -0.7853981633974483 -0.7853981633974483 -2.356194490192345 0.7853981633974483
   0 1 0 1 0 0 0 0 1    1/4 1/4 1/4                                                                                                                          0.0 1.0 1.0 0.0    0.0 0.75 0.25 0.0
 0 -1 0 -1 0 0 0 0 1    3/4 1/4 1/4                                                                                                                         0.0 1.0 1.0 0.0    0.0 -0.75 0.75 0.0
 0 1 0 -1 0 0 0 0 -1    1/4 3/4 1/4                                                                                                                          1.0 0.0 0.0 1.0    0.75 0.0 0.0 0.25
 0 -1 0 1 0 0 0 0 -1    1/4 1/4 3/4                                                                                                                          1.0 0.0 0.0 1.0    0.25 0.0 0.0 0.75
   1 0 0 0 0 1 0 1 0    1/4 1/4 1/4                                                               0.7071067811865475 0.7071067811865475 0.7071067811865475 0.7071067811865475    -0.5 0.0 1.0 0.5
 -1 0 0 0 0 1 0 -1 0    1/4 1/4 3/4                                                              0.7071067811865475 0.7071067811865475 0.7071067811865475 0.7071067811865475    0.0 -0.5 -0.5 0.0
 -1 0 0 0 0 -1 0 1 0    3/4 1/4 1/4                                                                0.7071067811865475 0.7071067811865475 0.7071067811865475 0.7071067811865475    0.0 0.5 0.5 0.0
 1 0 0 0 0 -1 0 -1 0    1/4 3/4 1/4                                                               0.7071067811865475 0.7071067811865475 0.7071067811865475 0.7071067811865475    0.5 0.0 1.0 -0.5
   0 0 1 0 1 0 1 0 0    1/4 1/4 1/4                                                             0.7071067811865475 0.7071067811865475 0.7071067811865475 0.7071067811865475    0.5 -0.5 -0.5 -0.5
 0 0 1 0 -1 0 -1 0 0    1/4 3/4 1/4                                                                0.7071067811865475 0.7071067811865475 0.7071067811865475 0.7071067811865475    0.0 0.0 1.0 0.0
 0 0 -1 0 1 0 -1 0 0    1/4 1/4 3/4                                                             0.7071067811865475 0.7071067811865475 0.7071067811865475 0.7071067811865475    -0.5 -0.5 -0.5 0.5
 0 0 -1 0 -1 0 1 0 0    3/4 1/4 1/4                                                                0.7071067811865475 0.7071067811865475 0.7071067811865475 0.7071067811865475    0.0 1.0 0.0 0.0


kpoint  GM : 0.000000 0.000000 0.000000 :  1 2 3 4 5 6 7 8 9 10 11 12 13 14 15 16 17 18 19 20 21 22 23 24
-GM1  1  1.0  1.0  1.0  1.0  1.0  1.0  1.0  1.0  1.0  1.0  1.0  1.0  1.0  1.0  1.0  1.0  1.0  1.0  1.0  1.0  1.0  1.0  1.0  1.0  1.0  1.0  1.0  1.0  1.0  1.0  1.0  1.0  1.0  1.0  1.0  1.0  1.0  1.0  1.0  1.0  1.0  1.0  1.0  1.0  1.0  1.0  1.0
-GM2  1  1.0  1.0  1.0 -0.5 -0.5 -0.5 -0.5 -0.5 -0.5 -0.5 -0.5  1.0  1.0  1.0  1.0 -0.5 -0.5 -0.5 -0.5 -0.5 -0.5 -0.5 -0.5  1.0  1.0  1.0  1.0 -0.5 -0.5 -0.5 -0.5 -0.5 -0.5 -0.5 -0.5  1.0  1.0  1.0  1.0 -0.5 -0.5 -0.5 -0.5 -0.5 -0.5 -0.5 -0.5
-GM3  1  1.0  1.0  1.0 -0.5 -0.5 -0.5 -0.5 -0.5 -0.5 -0.5 -0.5  1.0  1.0  1.0  1.0 -0.5 -0.5 -0.5 -0.5 -0.5 -0.5 -0.5 -0.5  1.0  1.0  1.0  1.0 -0.5 -0.5 -0.5 -0.5 -0.5 -0.5 -0.5 -0.5  1.0  1.0  1.0  1.0 -0.5 -0.5 -0.5 -0.5 -0.5 -0.5 -0.5 -0.5
-GM4  3 -1.0 -1.0 -1.0  0.0  0.0  0.0  0.0  0.0  0.0  0.0  0.0  3.0 -1.0 -1.0 -1.0  0.0  0.0  0.0  0.0  0.0  0.0  0.0  0.0 -1.0 -1.0  1.0  1.0 -1.0  1.0  1.0 -1.0 -1.0  1.0 -1.0  1.0 -1.0 -1.0  1.0  1.0 -1.0  1.0  1.0 -1.0 -1.0  1.0 -1.0  1.0



kpoint  H : 0.500000 0.500000 0.500000 :  1 2 3 4 5 6 7 8 9 10 11 12 13 14 15 16 17 18 19 20 21 22 23 24
-H1H1  2 -2.0 -2.0 -2.0  2.0 -2.0 -2.0 -2.0  2.0 -2.0 -2.0 -2.0  2.0 -2.0 -2.0 -2.0  2.0 -2.0 -2.0 -2.0  2.0 -2.0 -2.0 -2.0  0.0  0.0  0.0  0.0  0.0  0.0  0.0  0.0  0.0  0.0  0.0  0.0  0.0  0.0  0.0  0.0  0.0  0.0  0.0  0.0  0.0  0.0  0.0  0.0
-H2H2  2 -2.0 -2.0 -2.0 -1.0  1.0  1.0  1.0 -1.0  1.0  1.0  1.0  2.0 -2.0 -2.0 -2.0 -1.0  1.0  1.0  1.0 -1.0  1.0  1.0  1.0  0.0  0.0  0.0  0.0  0.0  0.0  0.0  0.0  0.0  0.0  0.0  0.0  0.0  0.0  0.0  0.0  0.0  0.0  0.0  0.0  0.0  0.0  0.0  0.0
-H3H3  2 -2.0 -2.0 -2.0 -1.0  1.0  1.0  1.0 -1.0  1.0  1.0  1.0  2.0 -2.0 -2.0 -2.0 -1.0  1.0  1.0  1.0 -1.0  1.0  1.0  1.0  0.0  0.0  0.0  0.0  0.0  0.0  0.0  0.0  0.0  0.0  0.0  0.0  0.0  0.0  0.0  0.0  0.0  0.0  0.0  0.0  0.0  0.0  0.0  0.0
-H4H4  6  2.0  2.0  2.0  0.0  0.0  0.0  0.0  0.0  0.0  0.0  0.0  6.0  2.0  2.0  2.0  0.0  0.0  0.0  0.0  0.0  0.0  0.0  0.0  0.0  0.0  0.0  0.0  0.0  0.0  0.0  0.0  0.0  0.0  0.0  0.0  0.0  0.0  0.0  0.0  0.0  0.0  0.0  0.0  0.0  0.0  0.0  0.0



kpoint  N : 0.000000 0.000000 0.500000 :  1 2 3 4
-N1N2  2  0.0  2.0  0.0  0.0  0.0  0.0  0.0



kpoint  P : 0.250000 0.250000 0.250000 :  1 2 3 4 5 6 7 8 9 10 11 12
-P1  2  0.0  0.0  0.0  1.092678  0.081832  0.081832  0.081832  1.092678  0.081832  0.081832  0.081832  2.0  0.0  0.0  0.0  1.092678  0.081832  0.081832  0.081832  1.092678  0.081832  0.081832  0.081832
-P2  2  0.0  0.0  0.0  0.617397 -0.243702 -0.243702 -0.243702  0.617397 -0.243702 -0.243702 -0.243702  2.0  0.0  0.0  0.0  0.617397 -0.243702 -0.243702 -0.243702  0.617397 -0.243702 -0.243702 -0.243702
-P3  2  0.0  0.0  0.0  1.092678 -0.045730 -0.045730 -0.045730  1.092678 -0.045730 -0.045730 -0.045730  2.0  0.0  0.0  0.0  1.092678 -0.045730 -0.045730 -0.045730  1.092678 -0.045730 -0.045730 -0.045730



kpoint  PA : 0.750000 0.750000 0.750000 :  1 2 3 4 5 6 7 8 9 10 11 12
-PA1  2  0.0  0.0  0.0  1.092678  0.081832  0.081832  0.081832  1.092678  0.081832  0.081832  0.081832  2.0  0.0  0.0  0.0  1.092678  0.081832  0.081832  0.081832  1.092678  0.081832  0.081832  0.081832
-PA2  2  0.0  0.0  0.0  0.617397 -0.243702 -0.243702 -0.243702  0.617397 -0.243702 -0.243702 -0.243702  2.0  0.0  0.0  0.0  0.617397 -0.243702 -0.243702 -0.243702  0.617397 -0.243702 -0.243702 -0.243702
-PA3  2  0.0  0.0  0.0  1.092678 -0.045730 -0.045730 -0.045730  1.092678 -0.045730 -0.045730 -0.045730  2.0  0.0  0.0  0.0  1.092678 -0.045730 -0.045730 -0.045730  1.092678 -0.045730 -0.045730 -0.045730
