SG=<i>I</i>4<sub>1</sub>'2'2
 name=98.161
 spinor=False
symmetries=
       1 0 0 0 1 0 0 0 1    0 0 0     1.0 0.0 0.0 1.0    0.0 0.0 0.0 0.0
     -1 0 0 0 -1 0 0 0 1    0 0 0    1.0 0.0 0.0 1.0    -0.5 0.0 0.0 0.5
      0 1 0 1 0 0 0 0 -1    0 0 0  0.0 1.0 1.0 0.0    0.0 -0.75 0.75 0.0
    0 -1 0 -1 0 0 0 0 -1    0 0 0   0.0 1.0 1.0 0.0    0.0 0.75 0.25 0.0
  0 -1 0 1 0 0 0 0 1    0 1/2 1/4   1.0 0.0 0.0 1.0    0.75 0.0 0.0 0.25
  0 1 0 -1 0 0 0 0 1    0 1/2 1/4   1.0 0.0 0.0 1.0    0.25 0.0 0.0 0.75
 -1 0 0 0 1 0 0 0 -1    0 1/2 1/4     0.0 1.0 1.0 0.0    0.0 1.0 0.0 0.0
 1 0 0 0 -1 0 0 0 -1    0 1/2 1/4   0.0 1.0 1.0 0.0    0.0 -0.5 -0.5 0.0


kpoint  GM : 0.000000 0.000000 0.000000 :  1 2 3 4 5 6 7 8
-GM1     1  1.0  1.0  1.0  1.0  1.0  1.0  1.0  1.0  1.0  1.0  1.0  1.0  1.0  1.0  1.0
-GM2     1  1.0 -1.0 -1.0  1.0  1.0 -1.0 -1.0 -1.0 -1.0  1.0  1.0 -1.0 -1.0  1.0  1.0
-GM3GM4  2 -2.0  0.0  0.0  2.0 -2.0  0.0  0.0  0.0  0.0  0.0  0.0  0.0  0.0  0.0  0.0



kpoint  M : 0.500000 0.500000 0.500000 :  1 2 3 4 5 6 7 8
-(M)Z1Z2  2  2.0  0.0  0.0  2.0  2.0  0.0  0.0  0.0  0.0  0.0  0.0  0.0  0.0  0.0  0.0
-(M)Z3    1 -1.0 -1.0  1.0  1.0 -1.0 -1.0  1.0 -1.0  1.0  1.0 -1.0 -1.0  1.0  1.0 -1.0
-(M)Z4    1 -1.0  1.0 -1.0  1.0 -1.0  1.0 -1.0  1.0 -1.0  1.0 -1.0  1.0 -1.0  1.0 -1.0



kpoint  N : 0.000000 0.500000 0.000000 :  1 2
-(N)L1  1  1.0  1.0  1.0



kpoint  P : 0.250000 0.250000 0.250000 :  1 2 3 4
-(P)H1H2  2  0.0  2.0  0.0  0.0  0.0  0.0  0.0



kpoint  X : 0.000000 0.000000 0.500000 :  1 2 3 4
-(X)Y1  1  1.0  1.0  1.0  1.0  1.0  1.0  1.0
-(X)Y2  1  1.0 -1.0 -1.0  1.0  1.0 -1.0 -1.0
-(X)Y3  1 -1.0 -1.0  1.0  1.0 -1.0 -1.0  1.0
-(X)Y4  1 -1.0  1.0 -1.0  1.0 -1.0  1.0 -1.0



kpoint  XA : 0.500000 0.500000 0.000000 :  1 2 3 4
-(XA)T1  1  1.0  1.0  1.0  1.0  1.0  1.0  1.0
-(XA)T2  1  1.0 -1.0 -1.0  1.0  1.0 -1.0 -1.0
-(XA)T3  1 -1.0 -1.0  1.0  1.0 -1.0 -1.0  1.0
-(XA)T4  1 -1.0  1.0 -1.0  1.0 -1.0  1.0 -1.0
