SG=<i>F</i><i>d</i>'<i>d</i>'2
 name=43.227
 spinor=True
symmetries=
        1 0 0 0 1 0 0 0 1    0 0 0    1.0 0.0 0.0 1.0    0.0 0.0 0.0 0.0
      -1 0 0 0 -1 0 0 0 1    0 0 0   1.0 0.0 0.0 1.0    -0.5 0.0 0.0 0.5
 1 0 0 0 -1 0 0 0 1    1/4 1/4 1/4    0.0 1.0 1.0 0.0    0.0 1.0 0.0 0.0
 -1 0 0 0 1 0 0 0 1    1/4 1/4 1/4  0.0 1.0 1.0 0.0    0.0 -0.5 -0.5 0.0


kpoint  GM : 0.000000 0.000000 0.000000 :  1 2 3 4
-GM3  1  0.0 -1.0  0.0  1.0  0.0 -1.0  0.0
-GM4  1  0.0 -1.0  0.0  1.0  0.0 -1.0  0.0



kpoint  L : 0.000000 0.000000 0.500000 :  1
-(L)V2  1 -1.0



kpoint  LA : 0.500000 0.000000 0.000000 :  1
-(LA)L2  1 -1.0



kpoint  T : 0.000000 0.500000 0.500000 :  1 2 3 4
-(T)M3M4  2  0.0 -2.0  0.0  0.0  0.0  0.0  0.0



kpoint  Y : 0.500000 0.000000 0.500000 :  1 2 3 4
-(Y)A3A4  2  0.0 -2.0  0.0  0.0  0.0  0.0  0.0



kpoint  Z : 0.500000 0.500000 0.000000 :  1 2 3 4
-(Z)Y3Y3  2  0.0 -2.0  0.0  0.0  0.0  0.0  0.0
-(Z)Y4Y4  2  0.0 -2.0  0.0  0.0  0.0  0.0  0.0
