SG=<i>P</i><sub><i>c</i></sub>4<i>b</i><i>m</i>
 name=100.176
 spinor=True
symmetries=
         1 0 0 0 1 0 0 0 1    0 0 0     1.0 0.0 0.0 1.0    0.0 0.0 0.0 0.0
       -1 0 0 0 -1 0 0 0 1    0 0 0    1.0 0.0 0.0 1.0    -0.5 0.0 0.0 0.5
        0 -1 0 1 0 0 0 0 1    0 0 0   1.0 0.0 0.0 1.0    0.75 0.0 0.0 0.25
        0 1 0 -1 0 0 0 0 1    0 0 0   1.0 0.0 0.0 1.0    0.25 0.0 0.0 0.75
    1 0 0 0 -1 0 0 0 1    1/2 1/2 0     0.0 1.0 1.0 0.0    0.0 1.0 0.0 0.0
    -1 0 0 0 1 0 0 0 1    1/2 1/2 0   0.0 1.0 1.0 0.0    0.0 -0.5 -0.5 0.0
   0 -1 0 -1 0 0 0 0 1    1/2 1/2 0  0.0 1.0 1.0 0.0    0.0 -0.75 0.75 0.0
     0 1 0 1 0 0 0 0 1    1/2 1/2 0   0.0 1.0 1.0 0.0    0.0 0.75 0.25 0.0
       1 0 0 0 1 0 0 0 1    0 0 1/2     1.0 0.0 0.0 1.0    0.0 0.0 0.0 0.0
     -1 0 0 0 -1 0 0 0 1    0 0 1/2    1.0 0.0 0.0 1.0    -0.5 0.0 0.0 0.5
      0 -1 0 1 0 0 0 0 1    0 0 1/2   1.0 0.0 0.0 1.0    0.75 0.0 0.0 0.25
      0 1 0 -1 0 0 0 0 1    0 0 1/2   1.0 0.0 0.0 1.0    0.25 0.0 0.0 0.75
  1 0 0 0 -1 0 0 0 1    1/2 1/2 1/2     0.0 1.0 1.0 0.0    0.0 1.0 0.0 0.0
  -1 0 0 0 1 0 0 0 1    1/2 1/2 1/2   0.0 1.0 1.0 0.0    0.0 -0.5 -0.5 0.0
 0 -1 0 -1 0 0 0 0 1    1/2 1/2 1/2  0.0 1.0 1.0 0.0    0.0 -0.75 0.75 0.0
   0 1 0 1 0 0 0 0 1    1/2 1/2 1/2   0.0 1.0 1.0 0.0    0.0 0.75 0.25 0.0


kpoint  GM : 0.000000 0.000000 0.000000 :  1 2 3 4 5 6 7 8 9 10 11 12 13 14 15 16
-GM6  2  0.0 -1.414214 -1.414214  0.0  0.0  0.0  0.0 -2.0  0.0  1.414214  1.414214  0.0  0.0  0.0  0.0  0.0  0.0  0.0  0.0 -1.414214 -1.414214  2.0  0.0  0.0  0.0  0.0  0.0  1.414214  1.414214 -2.0  0.0
-GM7  2  0.0  1.414214  1.414214  0.0  0.0  0.0  0.0 -2.0  0.0 -1.414214 -1.414214  0.0  0.0  0.0  0.0  0.0  0.0  0.0  0.0  1.414214  1.414214  2.0  0.0  0.0  0.0  0.0  0.0 -1.414214 -1.414214 -2.0  0.0



kpoint  A : 0.500000 0.500000 0.500000 :  1 2 3 4 5 6 7 8 9 10 11 12 13 14 15 16
-A6A7  4  0.0  0.0  0.0  0.0  0.0  0.0  0.0 -4.0  0.0  0.0  0.0  0.0  0.0  0.0  0.0  0.0  0.0  0.0  0.0  0.0  0.0  0.0  0.0  0.0  0.0  0.0  0.0  0.0  0.0  0.0  0.0



kpoint  M : 0.500000 0.500000 0.000000 :  1 2 3 4 5 6 7 8 9 10 11 12 13 14 15 16
-M6M7  4  0.0  0.0  0.0  0.0  0.0  0.0  0.0 -4.0  0.0  0.0  0.0  0.0  0.0  0.0  0.0  0.0  0.0  0.0  0.0  0.0  0.0  0.0  0.0  0.0  0.0  0.0  0.0  0.0  0.0  0.0  0.0



kpoint  R : 0.000000 0.500000 0.500000 :  1 2 3 4 5 6 7 8
-R2R3  2  0.0  0.0  2.0 -2.0  0.0  0.0 -2.0  0.0  0.0  0.0  0.0  0.0  0.0  0.0  0.0
-R4R5  2  0.0  0.0 -2.0 -2.0  0.0  0.0  2.0  0.0  0.0  0.0  0.0  0.0  0.0  0.0  0.0



kpoint  X : 0.000000 0.500000 0.000000 :  1 2 3 4 5 6 7 8
-X2X3  2  0.0  0.0  2.0 -2.0  0.0  0.0 -2.0  0.0  0.0  0.0  0.0  0.0  0.0  0.0  0.0
-X4X5  2  0.0  0.0 -2.0 -2.0  0.0  0.0  2.0  0.0  0.0  0.0  0.0  0.0  0.0  0.0  0.0



kpoint  Z : 0.000000 0.000000 0.500000 :  1 2 3 4 5 6 7 8 9 10 11 12 13 14 15 16
-Z6Z6  4  0.0 -2.828427 -2.828427  0.0  0.0  0.0  0.0 -4.0  0.0  2.828427  2.828427  0.0  0.0  0.0  0.0  0.0  0.0  0.0  0.0  0.0  0.0  0.0  0.0  0.0  0.0  0.0  0.0  0.0  0.0  0.0  0.0
-Z7Z7  4  0.0  2.828427  2.828427  0.0  0.0  0.0  0.0 -4.0  0.0 -2.828427 -2.828427  0.0  0.0  0.0  0.0  0.0  0.0  0.0  0.0  0.0  0.0  0.0  0.0  0.0  0.0  0.0  0.0  0.0  0.0  0.0  0.0
