SG=<i>C</i><i>c</i>'<i>c</i>'<i>m</i>
 name=66.495
 spinor=True
symmetries=
     1 0 0 0 1 0 0 0 1    0 0 0    1.0 0.0 0.0 1.0    0.0 0.0 0.0 0.0
   -1 0 0 0 -1 0 0 0 1    0 0 0   1.0 0.0 0.0 1.0    -0.5 0.0 0.0 0.5
  -1 0 0 0 -1 0 0 0 -1    0 0 0    1.0 0.0 0.0 1.0    0.0 0.0 0.0 0.0
    1 0 0 0 1 0 0 0 -1    0 0 0   1.0 0.0 0.0 1.0    -0.5 0.0 0.0 0.5
 -1 0 0 0 1 0 0 0 -1    0 0 1/2    0.0 1.0 1.0 0.0    0.0 1.0 0.0 0.0
 1 0 0 0 -1 0 0 0 -1    0 0 1/2  0.0 1.0 1.0 0.0    0.0 -0.5 -0.5 0.0
  1 0 0 0 -1 0 0 0 1    0 0 1/2    0.0 1.0 1.0 0.0    0.0 1.0 0.0 0.0
  -1 0 0 0 1 0 0 0 1    0 0 1/2  0.0 1.0 1.0 0.0    0.0 -0.5 -0.5 0.0


kpoint  GM : 0.000000 0.000000 0.000000 :  1 2 3 4 5 6 7 8
-GM3  1  0.0  1.0  0.0 -1.0  0.0 -1.0  0.0  1.0  0.0  1.0  0.0 -1.0  0.0 -1.0  0.0
-GM4  1  0.0  1.0  0.0 -1.0  0.0 -1.0  0.0  1.0  0.0  1.0  0.0 -1.0  0.0 -1.0  0.0



kpoint  R : 0.000000 0.500000 0.500000 :  1 2 3 4
-(R)C3  1  0.0  1.0  0.0 -1.0  0.0 -1.0  0.0
-(R)C4  1  0.0  1.0  0.0 -1.0  0.0 -1.0  0.0



kpoint  RA : 0.500000 0.000000 0.500000 :  1 2 3 4
-(RA)D3  1  0.0  1.0  0.0 -1.0  0.0 -1.0  0.0
-(RA)D4  1  0.0  1.0  0.0 -1.0  0.0 -1.0  0.0



kpoint  S : 0.000000 0.500000 0.000000 :  1 2 3 4
-(S)Y3  1  0.0  1.0  0.0 -1.0  0.0 -1.0  0.0
-(S)Y4  1  0.0  1.0  0.0 -1.0  0.0 -1.0  0.0



kpoint  SA : 0.500000 0.000000 0.000000 :  1 2 3 4
-(SA)B3  1  0.0  1.0  0.0 -1.0  0.0 -1.0  0.0
-(SA)B4  1  0.0  1.0  0.0 -1.0  0.0 -1.0  0.0



kpoint  T : 0.500000 0.500000 0.500000 :  1 2 3 4 5 6 7 8
-(T)E3E5  2  0.0  0.0  0.0 -2.0  0.0  0.0  0.0  0.0  0.0  0.0  0.0  0.0  0.0  0.0  0.0
-(T)E4E6  2  0.0  0.0  0.0 -2.0  0.0  0.0  0.0  0.0  0.0  0.0  0.0  0.0  0.0  0.0  0.0



kpoint  Y : 0.500000 0.500000 0.000000 :  1 2 3 4 5 6 7 8
-(Y)A3  1  0.0  1.0  0.0 -1.0  0.0 -1.0  0.0  1.0  0.0  1.0  0.0 -1.0  0.0 -1.0  0.0
-(Y)A4  1  0.0  1.0  0.0 -1.0  0.0 -1.0  0.0  1.0  0.0  1.0  0.0 -1.0  0.0 -1.0  0.0



kpoint  Z : 0.000000 0.000000 0.500000 :  1 2 3 4 5 6 7 8
-Z3Z5  2  0.0  0.0  0.0 -2.0  0.0  0.0  0.0  0.0  0.0  0.0  0.0  0.0  0.0  0.0  0.0
-Z4Z6  2  0.0  0.0  0.0 -2.0  0.0  0.0  0.0  0.0  0.0  0.0  0.0  0.0  0.0  0.0  0.0
