SG=<i>P</i><sub><i>c</i></sub>-3
 name=147.16
 spinor=False
symmetries=
      1 0 0 0 1 0 0 0 1    0 0 0                                1.0 0.0 0.0 1.0    0.0 0.0 0.0 0.0
    0 -1 0 1 -1 0 0 0 1    0 0 0  1.0 0.0 0.0 1.0    0.3333333333333333 0.0 0.0 0.6666666666666667
    -1 1 0 -1 0 0 0 0 1    0 0 0  1.0 0.0 0.0 1.0    0.6666666666666667 0.0 0.0 0.3333333333333333
   -1 0 0 0 -1 0 0 0 -1    0 0 0                                1.0 0.0 0.0 1.0    0.0 0.0 0.0 0.0
    0 1 0 -1 1 0 0 0 -1    0 0 0  1.0 0.0 0.0 1.0    0.3333333333333333 0.0 0.0 0.6666666666666667
    1 -1 0 1 0 0 0 0 -1    0 0 0  1.0 0.0 0.0 1.0    0.6666666666666667 0.0 0.0 0.3333333333333333
    1 0 0 0 1 0 0 0 1    0 0 1/2                                1.0 0.0 0.0 1.0    0.0 0.0 0.0 0.0
  0 -1 0 1 -1 0 0 0 1    0 0 1/2  1.0 0.0 0.0 1.0    0.3333333333333333 0.0 0.0 0.6666666666666667
  -1 1 0 -1 0 0 0 0 1    0 0 1/2  1.0 0.0 0.0 1.0    0.6666666666666667 0.0 0.0 0.3333333333333333
 -1 0 0 0 -1 0 0 0 -1    0 0 1/2                                1.0 0.0 0.0 1.0    0.0 0.0 0.0 0.0
  0 1 0 -1 1 0 0 0 -1    0 0 1/2  1.0 0.0 0.0 1.0    0.3333333333333333 0.0 0.0 0.6666666666666667
  1 -1 0 1 0 0 0 0 -1    0 0 1/2  1.0 0.0 0.0 1.0    0.6666666666666667 0.0 0.0 0.3333333333333333


kpoint  GM : 0.000000 0.000000 0.000000 :  1 2 3 4 5 6 7 8 9 10 11 12
-GM1+      1  1.0  1.0  1.0  1.0  1.0  1.0  1.0  1.0  1.0  1.0  1.0  1.0  1.0  1.0  1.0  1.0  1.0  1.0  1.0  1.0  1.0  1.0  1.0
-GM1-      1  1.0  1.0 -1.0 -1.0 -1.0  1.0  1.0  1.0 -1.0 -1.0 -1.0 -1.0 -1.0 -1.0  1.0  1.0  1.0 -1.0 -1.0 -1.0  1.0  1.0  1.0
-GM2+GM3+  2 -1.0 -1.0  2.0 -1.0 -1.0  2.0 -1.0 -1.0  2.0 -1.0 -1.0  0.0  0.0  0.0  0.0  0.0  0.0  0.0  0.0  0.0  0.0  0.0  0.0
-GM2-GM3-  2 -1.0 -1.0 -2.0  1.0  1.0  2.0 -1.0 -1.0 -2.0  1.0  1.0  0.0  0.0  0.0  0.0  0.0  0.0  0.0  0.0  0.0  0.0  0.0  0.0
-GM7GM7    2 -2.0 -2.0 -2.0  2.0  2.0 -2.0  2.0  2.0  2.0 -2.0 -2.0  0.0  0.0  0.0  0.0  0.0  0.0  0.0  0.0  0.0  0.0  0.0  0.0
-GM8GM9    2  1.0  1.0 -2.0 -1.0 -1.0 -2.0 -1.0 -1.0  2.0  1.0  1.0  0.0  0.0  0.0  0.0  0.0  0.0  0.0  0.0  0.0  0.0  0.0  0.0



kpoint  A : 0.000000 0.000000 0.500000 :  1 2 3 4 5 6 7 8 9 10 11 12
-A1-A1+  2  2.0  2.0  0.0  0.0  0.0  2.0  2.0  2.0  0.0  0.0  0.0  0.0  0.0  0.0  0.0  0.0  0.0  0.0  0.0  0.0  0.0  0.0  0.0
-A2+A3-  2 -1.0 -1.0  0.0  0.0  0.0  2.0 -1.0 -1.0  0.0  0.0  0.0  0.0  0.0  0.0  0.0  0.0  0.0  0.0  0.0  0.0  0.0  0.0  0.0
-A2-A3+  2 -1.0 -1.0  0.0  0.0  0.0  2.0 -1.0 -1.0  0.0  0.0  0.0  0.0  0.0  0.0  0.0  0.0  0.0  0.0  0.0  0.0  0.0  0.0  0.0



kpoint  H : 0.333333 0.333333 0.500000 :  1 2 3 4 5 6
-H1    1  1.0  1.0  1.0  1.0  1.0  0.0  0.0  0.0  0.0  0.0  0.0
-H2H3  2 -1.0 -1.0  2.0 -1.0 -1.0  0.0  0.0  0.0  0.0  0.0  0.0



kpoint  K : 0.333333 0.333333 0.000000 :  1 2 3 4 5 6
-K1    1  1.0  1.0  1.0  1.0  1.0  1.0  1.0  1.0  1.0  1.0  1.0
-K2K3  2 -1.0 -1.0  2.0 -1.0 -1.0  0.0  0.0  0.0  0.0  0.0  0.0



kpoint  L : 0.500000 0.000000 0.500000 :  1 2 3 4
-L1-L1+  2  0.0  2.0  0.0  0.0  0.0  0.0  0.0



kpoint  M : 0.500000 0.000000 0.000000 :  1 2 3 4
-M1+   1  1.0  1.0  1.0  1.0  1.0  1.0  1.0
-M1-   1 -1.0  1.0 -1.0 -1.0  1.0 -1.0  1.0
-M2M2  2 -2.0 -2.0  2.0  0.0  0.0  0.0  0.0
