SG=<i>F</i><i>d</i>'-3'
 name=203.28
 spinor=False
symmetries=
       1 0 0 0 1 0 0 0 1    0 0 0                                                                                                                            1.0 0.0 0.0 1.0    0.0 0.0 0.0 0.0
 -1 0 0 0 -1 0 0 0 1    1/4 1/4 0                                                                                                                           1.0 0.0 0.0 1.0    -0.5 0.0 0.0 0.5
 -1 0 0 0 1 0 0 0 -1    1/4 0 1/4                                                                                                                            0.0 1.0 1.0 0.0    0.0 1.0 0.0 0.0
 1 0 0 0 -1 0 0 0 -1    0 1/4 1/4                                                                                                                          0.0 1.0 1.0 0.0    0.0 -0.5 -0.5 0.0
       0 0 1 1 0 0 0 1 0    0 0 0  0.7071067811865476 0.7071067811865476 0.7071067811865476 0.7071067811865476    -0.7853981633974483 -2.356194490192345 -0.7853981633974483 0.7853981633974483
 0 0 1 -1 0 0 0 -1 0    0 1/4 1/4    0.7071067811865476 0.7071067811865476 0.7071067811865476 0.7071067811865476    0.7853981633974483 2.356194490192345 0.7853981633974483 -0.7853981633974483
 0 0 -1 -1 0 0 0 1 0    1/4 1/4 0  0.7071067811865476 0.7071067811865476 0.7071067811865476 0.7071067811865476    0.7853981633974483 -0.7853981633974483 -2.356194490192345 -0.7853981633974483
 0 0 -1 1 0 0 0 -1 0    1/4 0 1/4    0.7071067811865476 0.7071067811865476 0.7071067811865476 0.7071067811865476    -0.7853981633974483 0.7853981633974483 2.356194490192345 0.7853981633974483
       0 1 0 0 0 1 1 0 0    0 0 0    0.7071067811865476 0.7071067811865476 0.7071067811865476 0.7071067811865476    0.7853981633974483 0.7853981633974483 2.356194490192345 -0.7853981633974483
 0 -1 0 0 0 1 -1 0 0    1/4 0 1/4    0.7071067811865476 0.7071067811865476 0.7071067811865476 0.7071067811865476    -0.7853981633974483 2.356194490192345 0.7853981633974483 0.7853981633974483
 0 1 0 0 0 -1 -1 0 0    0 1/4 1/4  0.7071067811865476 0.7071067811865476 0.7071067811865476 0.7071067811865476    0.7853981633974483 -2.356194490192345 -0.7853981633974483 -0.7853981633974483
 0 -1 0 0 0 -1 1 0 0    1/4 1/4 0  0.7071067811865476 0.7071067811865476 0.7071067811865476 0.7071067811865476    -0.7853981633974483 -0.7853981633974483 -2.356194490192345 0.7853981633974483
    -1 0 0 0 -1 0 0 0 -1    0 0 0                                                                                                                            1.0 0.0 0.0 1.0    0.0 0.0 0.0 0.0
  1 0 0 0 1 0 0 0 -1    1/4 1/4 0                                                                                                                           1.0 0.0 0.0 1.0    -0.5 0.0 0.0 0.5
  1 0 0 0 -1 0 0 0 1    1/4 0 1/4                                                                                                                            0.0 1.0 1.0 0.0    0.0 1.0 0.0 0.0
  -1 0 0 0 1 0 0 0 1    0 1/4 1/4                                                                                                                          0.0 1.0 1.0 0.0    0.0 -0.5 -0.5 0.0
    0 0 -1 -1 0 0 0 -1 0    0 0 0  0.7071067811865476 0.7071067811865476 0.7071067811865476 0.7071067811865476    -0.7853981633974483 -2.356194490192345 -0.7853981633974483 0.7853981633974483
  0 0 -1 1 0 0 0 1 0    0 1/4 1/4    0.7071067811865476 0.7071067811865476 0.7071067811865476 0.7071067811865476    0.7853981633974483 2.356194490192345 0.7853981633974483 -0.7853981633974483
  0 0 1 1 0 0 0 -1 0    1/4 1/4 0  0.7071067811865476 0.7071067811865476 0.7071067811865476 0.7071067811865476    0.7853981633974483 -0.7853981633974483 -2.356194490192345 -0.7853981633974483
  0 0 1 -1 0 0 0 1 0    1/4 0 1/4    0.7071067811865476 0.7071067811865476 0.7071067811865476 0.7071067811865476    -0.7853981633974483 0.7853981633974483 2.356194490192345 0.7853981633974483
    0 -1 0 0 0 -1 -1 0 0    0 0 0    0.7071067811865476 0.7071067811865476 0.7071067811865476 0.7071067811865476    0.7853981633974483 0.7853981633974483 2.356194490192345 -0.7853981633974483
  0 1 0 0 0 -1 1 0 0    1/4 0 1/4    0.7071067811865476 0.7071067811865476 0.7071067811865476 0.7071067811865476    -0.7853981633974483 2.356194490192345 0.7853981633974483 0.7853981633974483
  0 -1 0 0 0 1 1 0 0    0 1/4 1/4  0.7071067811865476 0.7071067811865476 0.7071067811865476 0.7071067811865476    0.7853981633974483 -2.356194490192345 -0.7853981633974483 -0.7853981633974483
  0 1 0 0 0 1 -1 0 0    1/4 1/4 0  0.7071067811865476 0.7071067811865476 0.7071067811865476 0.7071067811865476    -0.7853981633974483 -0.7853981633974483 -2.356194490192345 0.7853981633974483


kpoint  GM : 0.000000 0.000000 0.000000 :  1 2 3 4 5 6 7 8 9 10 11 12 13 14 15 16 17 18 19 20 21 22 23 24
-GM1     1  1.0  1.0  1.0  1.0  1.0  1.0  1.0  1.0  1.0  1.0  1.0  1.0  1.0  1.0  1.0  1.0  1.0  1.0  1.0  1.0  1.0  1.0  1.0  1.0  1.0  1.0  1.0  1.0  1.0  1.0  1.0  1.0  1.0  1.0  1.0  1.0  1.0  1.0  1.0  1.0  1.0  1.0  1.0  1.0  1.0  1.0  1.0
-GM2GM3  2  2.0  2.0  2.0 -1.0 -1.0 -1.0 -1.0 -1.0 -1.0 -1.0 -1.0  2.0  2.0  2.0  2.0 -1.0 -1.0 -1.0 -1.0 -1.0 -1.0 -1.0 -1.0  0.0  0.0  0.0  0.0  0.0  0.0  0.0  0.0  0.0  0.0  0.0  0.0  0.0  0.0  0.0  0.0  0.0  0.0  0.0  0.0  0.0  0.0  0.0  0.0
-GM4     3 -1.0 -1.0 -1.0  0.0  0.0  0.0  0.0  0.0  0.0  0.0  0.0  3.0 -1.0 -1.0 -1.0  0.0  0.0  0.0  0.0  0.0  0.0  0.0  0.0  3.0 -1.0 -1.0 -1.0  0.0  0.0  0.0  0.0  0.0  0.0  0.0  0.0  3.0 -1.0 -1.0 -1.0  0.0  0.0  0.0  0.0  0.0  0.0  0.0  0.0



kpoint  L : 0.500000 0.500000 0.500000 :  1 2 3 4 5 6
-L1    1  1.0  1.0  1.0  1.0  1.0 -0.707107 -0.707107 -0.707107 -0.707107 -0.707107 -0.707107
-L2L3  2 -1.0 -1.0  2.0 -1.0 -1.0  0.000000  0.000000  0.000000  0.000000  0.000000  0.000000



kpoint  W : 0.500000 0.250000 0.750000 :  1 2 3 4
-W1W2  2  0.0  2.0  0.0  0.0  0.0  0.0  0.0



kpoint  X : 0.500000 0.000000 0.500000 :  1 2 3 4 5 6 7 8
-X1X4  2  0.0  2.0  0.0  2.0  0.0  2.0  0.0  0.0  0.0  0.0  0.0  0.0  0.0  0.0  0.0
-X2X3  2  0.0 -2.0  0.0  2.0  0.0 -2.0  0.0  0.0  0.0  0.0  0.0  0.0  0.0  0.0  0.0
