SG=<i>P</i>41'
 name=75.2
 spinor=False
symmetries=
   1 0 0 0 1 0 0 0 1    0 0 0    1.0 0.0 0.0 1.0    0.0 0.0 0.0 0.0
 -1 0 0 0 -1 0 0 0 1    0 0 0   1.0 0.0 0.0 1.0    -0.5 0.0 0.0 0.5
  0 -1 0 1 0 0 0 0 1    0 0 0  1.0 0.0 0.0 1.0    0.75 0.0 0.0 0.25
  0 1 0 -1 0 0 0 0 1    0 0 0  1.0 0.0 0.0 1.0    0.25 0.0 0.0 0.75
   1 0 0 0 1 0 0 0 1    0 0 0    1.0 0.0 0.0 1.0    0.0 0.0 0.0 0.0
 -1 0 0 0 -1 0 0 0 1    0 0 0   1.0 0.0 0.0 1.0    -0.5 0.0 0.0 0.5
  0 -1 0 1 0 0 0 0 1    0 0 0  1.0 0.0 0.0 1.0    0.75 0.0 0.0 0.25
  0 1 0 -1 0 0 0 0 1    0 0 0  1.0 0.0 0.0 1.0    0.25 0.0 0.0 0.75


kpoint  GM : 0.000000 0.000000 0.000000 :  1 2 3 4 5 6 7 8
-GM1     1  1.0  1.0  1.0  1.0  1.0  1.0  1.0  1.0  1.0  1.0  1.0  1.0  1.0  1.0  1.0
-GM2     1  1.0 -1.0 -1.0  1.0  1.0 -1.0 -1.0  1.0  1.0 -1.0 -1.0  1.0  1.0 -1.0 -1.0
-GM3GM4  2 -2.0  0.0  0.0  2.0 -2.0  0.0  0.0  0.0  0.0  0.0  0.0  0.0  0.0  0.0  0.0



kpoint  A : 0.500000 0.500000 0.500000 :  1 2 3 4 5 6 7 8
-A1    1  1.0  1.0  1.0  1.0  1.0  1.0  1.0  1.0  1.0  1.0  1.0  1.0  1.0  1.0  1.0
-A2    1  1.0 -1.0 -1.0  1.0  1.0 -1.0 -1.0  1.0  1.0 -1.0 -1.0  1.0  1.0 -1.0 -1.0
-A3A4  2 -2.0  0.0  0.0  2.0 -2.0  0.0  0.0  0.0  0.0  0.0  0.0  0.0  0.0  0.0  0.0



kpoint  M : 0.500000 0.500000 0.000000 :  1 2 3 4 5 6 7 8
-M1    1  1.0  1.0  1.0  1.0  1.0  1.0  1.0  1.0  1.0  1.0  1.0  1.0  1.0  1.0  1.0
-M2    1  1.0 -1.0 -1.0  1.0  1.0 -1.0 -1.0  1.0  1.0 -1.0 -1.0  1.0  1.0 -1.0 -1.0
-M3M4  2 -2.0  0.0  0.0  2.0 -2.0  0.0  0.0  0.0  0.0  0.0  0.0  0.0  0.0  0.0  0.0



kpoint  R : 0.000000 0.500000 0.500000 :  1 2 3 4
-R1  1  1.0  1.0  1.0  1.0  1.0  1.0  1.0
-R2  1 -1.0  1.0 -1.0  1.0 -1.0  1.0 -1.0



kpoint  X : 0.000000 0.500000 0.000000 :  1 2 3 4
-X1  1  1.0  1.0  1.0  1.0  1.0  1.0  1.0
-X2  1 -1.0  1.0 -1.0  1.0 -1.0  1.0 -1.0



kpoint  Z : 0.000000 0.000000 0.500000 :  1 2 3 4 5 6 7 8
-Z1    1  1.0  1.0  1.0  1.0  1.0  1.0  1.0  1.0  1.0  1.0  1.0  1.0  1.0  1.0  1.0
-Z2    1  1.0 -1.0 -1.0  1.0  1.0 -1.0 -1.0  1.0  1.0 -1.0 -1.0  1.0  1.0 -1.0 -1.0
-Z3Z4  2 -2.0  0.0  0.0  2.0 -2.0  0.0  0.0  0.0  0.0  0.0  0.0  0.0  0.0  0.0  0.0
