SG=<i>C</i>2
 name=5.13
 spinor=True
symmetries=
   1 0 0 0 1 0 0 0 1    0 0 0  1.0 0.0 0.0 1.0    0.0 0.0 0.0 0.0
 -1 0 0 0 1 0 0 0 -1    0 0 0  0.0 1.0 1.0 0.0    0.0 1.0 0.0 0.0


kpoint  GM : 0.000000 0.000000 0.000000 :  1 2
-GM3  1  0.0 -1.0  0.0
-GM4  1  0.0 -1.0  0.0



kpoint  A : 0.000000 0.000000 0.500000 :  1 2
-A3  1  0.0 -1.0  0.0
-A4  1  0.0 -1.0  0.0



kpoint  L : 0.000000 0.500000 0.500000 :  1
-L2  1 -1.0



kpoint  M : 0.500000 0.500000 0.500000 :  1 2
-M3  1  0.0 -1.0  0.0
-M4  1  0.0 -1.0  0.0



kpoint  V : 0.000000 0.500000 0.000000 :  1
-V2  1 -1.0



kpoint  Y : 0.500000 0.500000 0.000000 :  1 2
-Y3  1  0.0 -1.0  0.0
-Y4  1  0.0 -1.0  0.0
