SG=<i>P</i>4<sub>2</sub>'<i>c</i>'<i>m</i>
 name=101.181
 spinor=False
symmetries=
    1 0 0 0 1 0 0 0 1    0 0 0     1.0 0.0 0.0 1.0    0.0 0.0 0.0 0.0
  -1 0 0 0 -1 0 0 0 1    0 0 0    1.0 0.0 0.0 1.0    -0.5 0.0 0.0 0.5
  0 -1 0 -1 0 0 0 0 1    0 0 0  0.0 1.0 1.0 0.0    0.0 -0.75 0.75 0.0
    0 1 0 1 0 0 0 0 1    0 0 0   0.0 1.0 1.0 0.0    0.0 0.75 0.25 0.0
 0 -1 0 1 0 0 0 0 1    0 0 1/2   1.0 0.0 0.0 1.0    0.75 0.0 0.0 0.25
 0 1 0 -1 0 0 0 0 1    0 0 1/2   1.0 0.0 0.0 1.0    0.25 0.0 0.0 0.75
 1 0 0 0 -1 0 0 0 1    0 0 1/2     0.0 1.0 1.0 0.0    0.0 1.0 0.0 0.0
 -1 0 0 0 1 0 0 0 1    0 0 1/2   0.0 1.0 1.0 0.0    0.0 -0.5 -0.5 0.0


kpoint  GM : 0.000000 0.000000 0.000000 :  1 2 3 4 5 6 7 8
-GM1     1  1.0  1.0  1.0  1.0  1.0  1.0  1.0  1.0  1.0  1.0  1.0  1.0  1.0  1.0  1.0
-GM2     1  1.0 -1.0 -1.0  1.0  1.0 -1.0 -1.0 -1.0 -1.0  1.0  1.0 -1.0 -1.0  1.0  1.0
-GM3GM4  2 -2.0  0.0  0.0  2.0 -2.0  0.0  0.0  0.0  0.0  0.0  0.0  0.0  0.0  0.0  0.0



kpoint  A : 0.500000 0.500000 0.500000 :  1 2 3 4 5 6 7 8
-(A)T1T1  2  2.0  2.0  2.0  2.0  2.0  2.0  2.0  0.0  0.0  0.0  0.0  0.0  0.0  0.0  0.0
-(A)T2T2  2  2.0 -2.0 -2.0  2.0  2.0 -2.0 -2.0  0.0  0.0  0.0  0.0  0.0  0.0  0.0  0.0
-(A)T3T4  2 -2.0  0.0  0.0  2.0 -2.0  0.0  0.0  0.0  0.0  0.0  0.0  0.0  0.0  0.0  0.0



kpoint  M : 0.500000 0.500000 0.000000 :  1 2 3 4 5 6 7 8
-(M)Y1    1  1.0  1.0  1.0  1.0  1.0  1.0  1.0  1.0  1.0  1.0  1.0  1.0  1.0  1.0  1.0
-(M)Y2    1  1.0 -1.0 -1.0  1.0  1.0 -1.0 -1.0 -1.0 -1.0  1.0  1.0 -1.0 -1.0  1.0  1.0
-(M)Y3Y4  2 -2.0  0.0  0.0  2.0 -2.0  0.0  0.0  0.0  0.0  0.0  0.0  0.0  0.0  0.0  0.0



kpoint  R : 0.000000 0.500000 0.500000 :  1 2 3 4
-R1R1  2  2.0  2.0  2.0  0.0  0.0  0.0  0.0
-R2R2  2 -2.0  2.0 -2.0  0.0  0.0  0.0  0.0



kpoint  X : 0.000000 0.500000 0.000000 :  1 2 3 4
-(X)S1  1  1.0  1.0  1.0  1.0  1.0  1.0  1.0
-(X)S2  1 -1.0  1.0 -1.0  0.0  0.0  0.0  0.0



kpoint  Z : 0.000000 0.000000 0.500000 :  1 2 3 4 5 6 7 8
-Z1Z1  2  2.0  2.0  2.0  2.0  2.0  2.0  2.0  0.0  0.0  0.0  0.0  0.0  0.0  0.0  0.0
-Z2Z2  2  2.0 -2.0 -2.0  2.0  2.0 -2.0 -2.0  0.0  0.0  0.0  0.0  0.0  0.0  0.0  0.0
-Z3Z4  2 -2.0  0.0  0.0  2.0 -2.0  0.0  0.0  0.0  0.0  0.0  0.0  0.0  0.0  0.0  0.0
