SG=<i>P</i>4<sub>2</sub>1'
 name=77.14
 spinor=True
symmetries=
    1 0 0 0 1 0 0 0 1    0 0 0    1.0 0.0 0.0 1.0    0.0 0.0 0.0 0.0
  -1 0 0 0 -1 0 0 0 1    0 0 0   1.0 0.0 0.0 1.0    -0.5 0.0 0.0 0.5
 0 -1 0 1 0 0 0 0 1    0 0 1/2  1.0 0.0 0.0 1.0    0.75 0.0 0.0 0.25
 0 1 0 -1 0 0 0 0 1    0 0 1/2  1.0 0.0 0.0 1.0    0.25 0.0 0.0 0.75
    1 0 0 0 1 0 0 0 1    0 0 0    1.0 0.0 0.0 1.0    0.0 0.0 0.0 0.0
  -1 0 0 0 -1 0 0 0 1    0 0 0   1.0 0.0 0.0 1.0    -0.5 0.0 0.0 0.5
 0 -1 0 1 0 0 0 0 1    0 0 1/2  1.0 0.0 0.0 1.0    0.75 0.0 0.0 0.25
 0 1 0 -1 0 0 0 0 1    0 0 1/2  1.0 0.0 0.0 1.0    0.25 0.0 0.0 0.75


kpoint  GM : 0.000000 0.000000 0.000000 :  1 2 3 4 5 6 7 8
-GM5GM7  2  0.0 -1.414214 -1.414214 -2.0  0.0  1.414214  1.414214  0.0  0.0  0.0  0.0  0.0  0.0  0.0  0.0
-GM6GM8  2  0.0  1.414214  1.414214 -2.0  0.0 -1.414214 -1.414214  0.0  0.0  0.0  0.0  0.0  0.0  0.0  0.0



kpoint  A : 0.500000 0.500000 0.500000 :  1 2 3 4 5 6 7 8
-A5A7  2  0.0 -1.414214  1.414214 -2.0  0.0  1.414214 -1.414214  0.0  0.0  0.0  0.0  0.0  0.0  0.0  0.0
-A6A8  2  0.0  1.414214 -1.414214 -2.0  0.0 -1.414214  1.414214  0.0  0.0  0.0  0.0  0.0  0.0  0.0  0.0



kpoint  M : 0.500000 0.500000 0.000000 :  1 2 3 4 5 6 7 8
-M5M7  2  0.0 -1.414214 -1.414214 -2.0  0.0  1.414214  1.414214  0.0  0.0  0.0  0.0  0.0  0.0  0.0  0.0
-M6M8  2  0.0  1.414214  1.414214 -2.0  0.0 -1.414214 -1.414214  0.0  0.0  0.0  0.0  0.0  0.0  0.0  0.0



kpoint  R : 0.000000 0.500000 0.500000 :  1 2 3 4
-R3R4  2  0.0 -2.0  0.0  0.0  0.0  0.0  0.0



kpoint  X : 0.000000 0.500000 0.000000 :  1 2 3 4
-X3X4  2  0.0 -2.0  0.0  0.0  0.0  0.0  0.0



kpoint  Z : 0.000000 0.000000 0.500000 :  1 2 3 4 5 6 7 8
-Z5Z8  2  0.0 -1.414214  1.414214 -2.0  0.0  1.414214 -1.414214  0.0  0.0  0.0  0.0  0.0  0.0  0.0  0.0
-Z6Z7  2  0.0  1.414214 -1.414214 -2.0  0.0 -1.414214  1.414214  0.0  0.0  0.0  0.0  0.0  0.0  0.0  0.0
