SG=<i>P</i><i>b</i>'<i>a</i>'<i>m</i>
 name=55.357
 spinor=False
symmetries=
       1 0 0 0 1 0 0 0 1    0 0 0    1.0 0.0 0.0 1.0    0.0 0.0 0.0 0.0
     -1 0 0 0 -1 0 0 0 1    0 0 0   1.0 0.0 0.0 1.0    -0.5 0.0 0.0 0.5
    -1 0 0 0 -1 0 0 0 -1    0 0 0    1.0 0.0 0.0 1.0    0.0 0.0 0.0 0.0
      1 0 0 0 1 0 0 0 -1    0 0 0   1.0 0.0 0.0 1.0    -0.5 0.0 0.0 0.5
 -1 0 0 0 1 0 0 0 -1    1/2 1/2 0    0.0 1.0 1.0 0.0    0.0 1.0 0.0 0.0
 1 0 0 0 -1 0 0 0 -1    1/2 1/2 0  0.0 1.0 1.0 0.0    0.0 -0.5 -0.5 0.0
  1 0 0 0 -1 0 0 0 1    1/2 1/2 0    0.0 1.0 1.0 0.0    0.0 1.0 0.0 0.0
  -1 0 0 0 1 0 0 0 1    1/2 1/2 0  0.0 1.0 1.0 0.0    0.0 -0.5 -0.5 0.0


kpoint  GM : 0.000000 0.000000 0.000000 :  1 2 3 4 5 6 7 8
-GM1+  1  1.0  1.0  1.0  1.0  1.0  1.0  1.0  1.0  1.0  1.0  1.0  1.0  1.0  1.0  1.0
-GM1-  1  1.0 -1.0 -1.0  1.0  1.0 -1.0 -1.0  1.0  1.0 -1.0 -1.0  1.0  1.0 -1.0 -1.0
-GM2+  1 -1.0  1.0 -1.0  1.0 -1.0  1.0 -1.0  1.0 -1.0  1.0 -1.0  1.0 -1.0  1.0 -1.0
-GM2-  1 -1.0 -1.0  1.0  1.0 -1.0 -1.0  1.0  1.0 -1.0 -1.0  1.0  1.0 -1.0 -1.0  1.0
-GM5   1  0.0 -1.0  0.0 -1.0  0.0  1.0  0.0  1.0  0.0 -1.0  0.0 -1.0  0.0  1.0  0.0
-GM6   1  0.0 -1.0  0.0 -1.0  0.0  1.0  0.0  1.0  0.0 -1.0  0.0 -1.0  0.0  1.0  0.0



kpoint  R : 0.500000 0.500000 0.500000 :  1 2 3 4 5 6 7 8
-(R)E1+E1+  2  2.0  2.0  2.0  2.0  2.0  2.0  2.0  0.0  0.0  0.0  0.0  0.0  0.0  0.0  0.0
-(R)E1-E1-  2  2.0 -2.0 -2.0  2.0  2.0 -2.0 -2.0  0.0  0.0  0.0  0.0  0.0  0.0  0.0  0.0
-(R)E2+E2+  2 -2.0  2.0 -2.0  2.0 -2.0  2.0 -2.0  0.0  0.0  0.0  0.0  0.0  0.0  0.0  0.0
-(R)E2-E2-  2 -2.0 -2.0  2.0  2.0 -2.0 -2.0  2.0  0.0  0.0  0.0  0.0  0.0  0.0  0.0  0.0
-(R)E5E5    2  0.0 -2.0  0.0 -2.0  0.0  2.0  0.0  0.0  0.0  0.0  0.0  0.0  0.0  0.0  0.0
-(R)E6E6    2  0.0 -2.0  0.0 -2.0  0.0  2.0  0.0  0.0  0.0  0.0  0.0  0.0  0.0  0.0  0.0



kpoint  S : 0.500000 0.500000 0.000000 :  1 2 3 4 5 6 7 8
-(S)A1+A1+  2  2.0  2.0  2.0  2.0  2.0  2.0  2.0  0.0  0.0  0.0  0.0  0.0  0.0  0.0  0.0
-(S)A1-A1-  2  2.0 -2.0 -2.0  2.0  2.0 -2.0 -2.0  0.0  0.0  0.0  0.0  0.0  0.0  0.0  0.0
-(S)A2+A2+  2 -2.0  2.0 -2.0  2.0 -2.0  2.0 -2.0  0.0  0.0  0.0  0.0  0.0  0.0  0.0  0.0
-(S)A2-A2-  2 -2.0 -2.0  2.0  2.0 -2.0 -2.0  2.0  0.0  0.0  0.0  0.0  0.0  0.0  0.0  0.0
-(S)A5A5    2  0.0 -2.0  0.0 -2.0  0.0  2.0  0.0  0.0  0.0  0.0  0.0  0.0  0.0  0.0  0.0
-(S)A6A6    2  0.0 -2.0  0.0 -2.0  0.0  2.0  0.0  0.0  0.0  0.0  0.0  0.0  0.0  0.0  0.0



kpoint  T : 0.000000 0.500000 0.500000 :  1 2 3 4 5 6 7 8
-(T)D1+D2-  2  0.0  0.0  2.0  2.0  0.0  0.0  2.0  0.0  0.0  0.0  0.0  0.0  0.0  0.0  0.0
-(T)D1-D2+  2  0.0  0.0 -2.0  2.0  0.0  0.0 -2.0  0.0  0.0  0.0  0.0  0.0  0.0  0.0  0.0



kpoint  U : 0.500000 0.000000 0.500000 :  1 2 3 4 5 6 7 8
-(U)C1+C2-  2  0.0  0.0  2.0  2.0  0.0  0.0  2.0  0.0  0.0  0.0  0.0  0.0  0.0  0.0  0.0
-(U)C1-C2+  2  0.0  0.0 -2.0  2.0  0.0  0.0 -2.0  0.0  0.0  0.0  0.0  0.0  0.0  0.0  0.0



kpoint  X : 0.500000 0.000000 0.000000 :  1 2 3 4 5 6 7 8
-(X)Y1+Y2-  2  0.0  0.0  2.0  2.0  0.0  0.0  2.0  0.0  0.0  0.0  0.0  0.0  0.0  0.0  0.0
-(X)Y1-Y2+  2  0.0  0.0 -2.0  2.0  0.0  0.0 -2.0  0.0  0.0  0.0  0.0  0.0  0.0  0.0  0.0



kpoint  Y : 0.000000 0.500000 0.000000 :  1 2 3 4 5 6 7 8
-(Y)B1+B2-  2  0.0  0.0  2.0  2.0  0.0  0.0  2.0  0.0  0.0  0.0  0.0  0.0  0.0  0.0  0.0
-(Y)B1-B2+  2  0.0  0.0 -2.0  2.0  0.0  0.0 -2.0  0.0  0.0  0.0  0.0  0.0  0.0  0.0  0.0



kpoint  Z : 0.000000 0.000000 0.500000 :  1 2 3 4 5 6 7 8
-Z1+  1  1.0  1.0  1.0  1.0  1.0  1.0  1.0  1.0  1.0  1.0  1.0  1.0  1.0  1.0  1.0
-Z1-  1  1.0 -1.0 -1.0  1.0  1.0 -1.0 -1.0  1.0  1.0 -1.0 -1.0  1.0  1.0 -1.0 -1.0
-Z2+  1 -1.0  1.0 -1.0  1.0 -1.0  1.0 -1.0  1.0 -1.0  1.0 -1.0  1.0 -1.0  1.0 -1.0
-Z2-  1 -1.0 -1.0  1.0  1.0 -1.0 -1.0  1.0  1.0 -1.0 -1.0  1.0  1.0 -1.0 -1.0  1.0
-Z5   1  0.0 -1.0  0.0 -1.0  0.0  1.0  0.0  1.0  0.0 -1.0  0.0 -1.0  0.0  1.0  0.0
-Z6   1  0.0 -1.0  0.0 -1.0  0.0  1.0  0.0  1.0  0.0 -1.0  0.0 -1.0  0.0  1.0  0.0
