SG=<i>I</i>4<sub>1</sub><i>c</i>'<i>d</i>'
 name=110.249
 spinor=False
symmetries=
       1 0 0 0 1 0 0 0 1    0 0 0     1.0 0.0 0.0 1.0    0.0 0.0 0.0 0.0
     -1 0 0 0 -1 0 0 0 1    0 0 0    1.0 0.0 0.0 1.0    -0.5 0.0 0.0 0.5
  0 -1 0 1 0 0 0 0 1    0 1/2 1/4   1.0 0.0 0.0 1.0    0.75 0.0 0.0 0.25
  0 1 0 -1 0 0 0 0 1    0 1/2 1/4   1.0 0.0 0.0 1.0    0.25 0.0 0.0 0.75
    1 0 0 0 -1 0 0 0 1    0 0 1/2     0.0 1.0 1.0 0.0    0.0 1.0 0.0 0.0
    -1 0 0 0 1 0 0 0 1    0 0 1/2   0.0 1.0 1.0 0.0    0.0 -0.5 -0.5 0.0
 0 -1 0 -1 0 0 0 0 1    1/2 0 1/4  0.0 1.0 1.0 0.0    0.0 -0.75 0.75 0.0
   0 1 0 1 0 0 0 0 1    1/2 0 1/4   0.0 1.0 1.0 0.0    0.0 0.75 0.25 0.0


kpoint  GM : 0.000000 0.000000 0.000000 :  1 2 3 4 5 6 7 8
-GM1  1  1.0  1.0  1.0  1.0  1.0  1.0  1.0  1.0  1.0  1.0  1.0  1.0  1.0  1.0  1.0
-GM2  1  1.0 -1.0 -1.0  1.0  1.0 -1.0 -1.0  1.0  1.0 -1.0 -1.0  1.0  1.0 -1.0 -1.0
-GM3  1 -1.0  0.0  0.0  1.0 -1.0  0.0  0.0  1.0 -1.0  0.0  0.0  1.0 -1.0  0.0  0.0
-GM4  1 -1.0  0.0  0.0  1.0 -1.0  0.0  0.0  1.0 -1.0  0.0  0.0  1.0 -1.0  0.0  0.0



kpoint  M : 0.500000 0.500000 0.500000 :  1 2 3 4 5 6 7 8
-M1M2  2  2.0  0.0  0.0  2.0  2.0  0.0  0.0  0.0  0.0  0.0  0.0  0.0  0.0  0.0  0.0
-M3M4  2 -2.0  0.0  0.0  2.0 -2.0  0.0  0.0  0.0  0.0  0.0  0.0  0.0  0.0  0.0  0.0



kpoint  N : 0.000000 0.500000 0.000000 :  1 2
-N1N1  2  2.0  0.0  0.0



kpoint  P : 0.250000 0.250000 0.250000 :  1 2 3 4
-P1P1  2  2.0  2.0  2.0  0.0  0.0  0.0  0.0
-P2P2  2 -2.0  2.0 -2.0  0.0  0.0  0.0  0.0



kpoint  X : 0.000000 0.000000 0.500000 :  1 2 3 4
-X1X2  2  0.0  2.0  0.0  0.0  0.0  0.0  0.0
