SG=<i>I</i>4<sub>1</sub><i>c</i>'<i>d</i>'
 name=110.249
 spinor=True
symmetries=
       1 0 0 0 1 0 0 0 1    0 0 0     1.0 0.0 0.0 1.0    0.0 0.0 0.0 0.0
     -1 0 0 0 -1 0 0 0 1    0 0 0    1.0 0.0 0.0 1.0    -0.5 0.0 0.0 0.5
  0 -1 0 1 0 0 0 0 1    0 1/2 1/4   1.0 0.0 0.0 1.0    0.75 0.0 0.0 0.25
  0 1 0 -1 0 0 0 0 1    0 1/2 1/4   1.0 0.0 0.0 1.0    0.25 0.0 0.0 0.75
    1 0 0 0 -1 0 0 0 1    0 0 1/2     0.0 1.0 1.0 0.0    0.0 1.0 0.0 0.0
    -1 0 0 0 1 0 0 0 1    0 0 1/2   0.0 1.0 1.0 0.0    0.0 -0.5 -0.5 0.0
 0 -1 0 -1 0 0 0 0 1    1/2 0 1/4  0.0 1.0 1.0 0.0    0.0 -0.75 0.75 0.0
   0 1 0 1 0 0 0 0 1    1/2 0 1/4   0.0 1.0 1.0 0.0    0.0 0.75 0.25 0.0


kpoint  GM : 0.000000 0.000000 0.000000 :  1 2 3 4 5 6 7 8
-GM5  1  0.0 -0.707107 -0.707107 -1.0  0.0  0.707107  0.707107  1.0  0.0 -0.707107 -0.707107 -1.0  0.0  0.707107  0.707107
-GM6  1  0.0  0.707107  0.707107 -1.0  0.0 -0.707107 -0.707107  1.0  0.0  0.707107  0.707107 -1.0  0.0 -0.707107 -0.707107
-GM7  1  0.0 -0.707107 -0.707107 -1.0  0.0  0.707107  0.707107  1.0  0.0 -0.707107 -0.707107 -1.0  0.0  0.707107  0.707107
-GM8  1  0.0  0.707107  0.707107 -1.0  0.0 -0.707107 -0.707107  1.0  0.0  0.707107  0.707107 -1.0  0.0 -0.707107 -0.707107



kpoint  M : 0.500000 0.500000 0.500000 :  1 2 3 4 5 6 7 8
-M5M6  2  0.0  0.0  0.0 -2.0  0.0  0.0  0.0  0.0  0.0  0.0  0.0  0.0  0.0  0.0  0.0
-M7M8  2  0.0  0.0  0.0 -2.0  0.0  0.0  0.0  0.0  0.0  0.0  0.0  0.0  0.0  0.0  0.0



kpoint  N : 0.000000 0.500000 0.000000 :  1 2
-N2N2  2 -2.0  0.0  0.0



kpoint  P : 0.250000 0.250000 0.250000 :  1 2 3 4
-P3P3  2  0.0 -2.0  0.0  0.0  0.0  0.0  0.0
-P4P4  2  0.0 -2.0  0.0  0.0  0.0  0.0  0.0



kpoint  X : 0.000000 0.000000 0.500000 :  1 2 3 4
-X3X4  2  0.0 -2.0  0.0  0.0  0.0  0.0  0.0
