SG=<i>P</i><sub><i>c</i></sub>4<sub>2</sub>/<i>n</i>
 name=86.72
 spinor=False
symmetries=
         1 0 0 0 1 0 0 0 1    0 0 0    1.0 0.0 0.0 1.0    0.0 0.0 0.0 0.0
   -1 0 0 0 -1 0 0 0 1    1/2 1/2 0   1.0 0.0 0.0 1.0    -0.5 0.0 0.0 0.5
    0 -1 0 1 0 0 0 0 1    0 1/2 1/2  1.0 0.0 0.0 1.0    0.75 0.0 0.0 0.25
    0 1 0 -1 0 0 0 0 1    1/2 0 1/2  1.0 0.0 0.0 1.0    0.25 0.0 0.0 0.75
      -1 0 0 0 -1 0 0 0 -1    0 0 0    1.0 0.0 0.0 1.0    0.0 0.0 0.0 0.0
    1 0 0 0 1 0 0 0 -1    1/2 1/2 0   1.0 0.0 0.0 1.0    -0.5 0.0 0.0 0.5
   0 1 0 -1 0 0 0 0 -1    0 1/2 1/2  1.0 0.0 0.0 1.0    0.75 0.0 0.0 0.25
   0 -1 0 1 0 0 0 0 -1    1/2 0 1/2  1.0 0.0 0.0 1.0    0.25 0.0 0.0 0.75
       1 0 0 0 1 0 0 0 1    0 0 1/2    1.0 0.0 0.0 1.0    0.0 0.0 0.0 0.0
 -1 0 0 0 -1 0 0 0 1    1/2 1/2 1/2   1.0 0.0 0.0 1.0    -0.5 0.0 0.0 0.5
      0 -1 0 1 0 0 0 0 1    0 1/2 0  1.0 0.0 0.0 1.0    0.75 0.0 0.0 0.25
      0 1 0 -1 0 0 0 0 1    1/2 0 0  1.0 0.0 0.0 1.0    0.25 0.0 0.0 0.75
    -1 0 0 0 -1 0 0 0 -1    0 0 1/2    1.0 0.0 0.0 1.0    0.0 0.0 0.0 0.0
  1 0 0 0 1 0 0 0 -1    1/2 1/2 1/2   1.0 0.0 0.0 1.0    -0.5 0.0 0.0 0.5
     0 1 0 -1 0 0 0 0 -1    0 1/2 0  1.0 0.0 0.0 1.0    0.75 0.0 0.0 0.25
     0 -1 0 1 0 0 0 0 -1    1/2 0 0  1.0 0.0 0.0 1.0    0.25 0.0 0.0 0.75


kpoint  GM : 0.000000 0.000000 0.000000 :  1 2 3 4 5 6 7 8 9 10 11 12 13 14 15 16
-GM1+      1  1.0  1.000000  1.000000  1.0  1.0  1.000000  1.000000  1.0  1.0  1.000000  1.000000  1.0  1.0  1.000000  1.000000  1.0  1.0  1.0  1.0  1.0  1.0  1.0  1.0  1.0  1.0  1.0  1.0  1.0  1.0  1.0  1.0
-GM1-      1  1.0  1.000000  1.000000 -1.0 -1.0 -1.000000 -1.000000  1.0  1.0  1.000000  1.000000 -1.0 -1.0 -1.000000 -1.000000 -1.0 -1.0 -1.0 -1.0  1.0  1.0  1.0  1.0 -1.0 -1.0 -1.0 -1.0  1.0  1.0  1.0  1.0
-GM10GM12  2  0.0  1.414214  1.414214 -2.0  0.0 -1.414214 -1.414214 -2.0  0.0 -1.414214 -1.414214  2.0  0.0  1.414214  1.414214  0.0  0.0  0.0  0.0  0.0  0.0  0.0  0.0  0.0  0.0  0.0  0.0  0.0  0.0  0.0  0.0
-GM11GM9   2  0.0 -1.414214 -1.414214 -2.0  0.0  1.414214  1.414214 -2.0  0.0  1.414214  1.414214  2.0  0.0 -1.414214 -1.414214  0.0  0.0  0.0  0.0  0.0  0.0  0.0  0.0  0.0  0.0  0.0  0.0  0.0  0.0  0.0  0.0
-GM2+      1  1.0 -1.000000 -1.000000  1.0  1.0 -1.000000 -1.000000  1.0  1.0 -1.000000 -1.000000  1.0  1.0 -1.000000 -1.000000  1.0  1.0 -1.0 -1.0  1.0  1.0 -1.0 -1.0  1.0  1.0 -1.0 -1.0  1.0  1.0 -1.0 -1.0
-GM2-      1  1.0 -1.000000 -1.000000 -1.0 -1.0  1.000000  1.000000  1.0  1.0 -1.000000 -1.000000 -1.0 -1.0  1.000000  1.000000 -1.0 -1.0  1.0  1.0  1.0  1.0 -1.0 -1.0 -1.0 -1.0  1.0  1.0  1.0  1.0 -1.0 -1.0
-GM3+GM4+  2 -2.0  0.000000  0.000000  2.0 -2.0  0.000000  0.000000  2.0 -2.0  0.000000  0.000000  2.0 -2.0  0.000000  0.000000  0.0  0.0  0.0  0.0  0.0  0.0  0.0  0.0  0.0  0.0  0.0  0.0  0.0  0.0  0.0  0.0
-GM3-GM4-  2 -2.0  0.000000  0.000000 -2.0  2.0  0.000000  0.000000  2.0 -2.0  0.000000  0.000000 -2.0  2.0  0.000000  0.000000  0.0  0.0  0.0  0.0  0.0  0.0  0.0  0.0  0.0  0.0  0.0  0.0  0.0  0.0  0.0  0.0



kpoint  A : 0.500000 0.500000 0.500000 :  1 2 3 4 5 6 7 8 9 10 11 12 13 14 15 16
-A1-A1+  2  2.0  2.0  2.0  0.0  0.0  0.0  0.0  2.0  2.0  2.0  2.0  0.0  0.0  0.0  0.0  0.0  0.0  0.0  0.0  0.0  0.0  0.0  0.0  0.0  0.0  0.0  0.0  0.0  0.0  0.0  0.0
-A2-A2+  2  2.0 -2.0 -2.0  0.0  0.0  0.0  0.0  2.0  2.0 -2.0 -2.0  0.0  0.0  0.0  0.0  0.0  0.0  0.0  0.0  0.0  0.0  0.0  0.0  0.0  0.0  0.0  0.0  0.0  0.0  0.0  0.0
-A3+A4-  2 -2.0  0.0  0.0  0.0  0.0  0.0  0.0  2.0 -2.0  0.0  0.0  0.0  0.0  0.0  0.0  0.0  0.0  0.0  0.0  0.0  0.0  0.0  0.0  0.0  0.0  0.0  0.0  0.0  0.0  0.0  0.0
-A3-A4+  2 -2.0  0.0  0.0  0.0  0.0  0.0  0.0  2.0 -2.0  0.0  0.0  0.0  0.0  0.0  0.0  0.0  0.0  0.0  0.0  0.0  0.0  0.0  0.0  0.0  0.0  0.0  0.0  0.0  0.0  0.0  0.0



kpoint  M : 0.500000 0.500000 0.000000 :  1 2 3 4 5 6 7 8 9 10 11 12 13 14 15 16
-M1  2  2.0  0.0  0.0  0.0  0.0  0.0  0.0  2.0  2.0  0.0  0.0  0.0  0.0  0.0  0.0  0.0  0.0  0.0  0.0  0.0  0.0  0.0  0.0  0.0  0.0  0.0  0.0  0.0  0.0  0.0  0.0
-M2  2 -2.0  0.0  0.0  0.0  0.0  0.0  0.0  2.0 -2.0  0.0  0.0  0.0  0.0  0.0  0.0  0.0  0.0  0.0  0.0  0.0  0.0  0.0  0.0  0.0  0.0  0.0  0.0  0.0  0.0  0.0  0.0



kpoint  R : 0.000000 0.500000 0.500000 :  1 2 3 4 5 6 7 8
-R1R1  4  0.0  0.0  0.0  4.0  0.0  0.0  0.0  0.0  0.0  0.0  0.0  0.0  0.0  0.0  0.0



kpoint  X : 0.000000 0.500000 0.000000 :  1 2 3 4 5 6 7 8
-X1  2  0.0  0.0  0.0  2.0  0.0  0.0  0.0  2.0  0.0  0.0  0.0  2.0  0.0  0.0  0.0



kpoint  Z : 0.000000 0.000000 0.500000 :  1 2 3 4 5 6 7 8 9 10 11 12 13 14 15 16
-Z1    2  2.0  0.0  0.0  0.0  0.0  0.0  0.0  2.0  2.0  0.0  0.0  0.0  0.0  0.0  0.0  0.0  0.0  0.0  0.0  0.0  0.0  0.0  0.0  0.0  0.0  0.0  0.0  0.0  0.0  0.0  0.0
-Z2Z2  4 -4.0  0.0  0.0  0.0  0.0  0.0  0.0  4.0 -4.0  0.0  0.0  0.0  0.0  0.0  0.0  0.0  0.0  0.0  0.0  0.0  0.0  0.0  0.0  0.0  0.0  0.0  0.0  0.0  0.0  0.0  0.0
