SG=<i>I</i>4/<i>m</i>
 name=87.75
 spinor=False
symmetries=
    1 0 0 0 1 0 0 0 1    0 0 0    1.0 0.0 0.0 1.0    0.0 0.0 0.0 0.0
  -1 0 0 0 -1 0 0 0 1    0 0 0   1.0 0.0 0.0 1.0    -0.5 0.0 0.0 0.5
   0 -1 0 1 0 0 0 0 1    0 0 0  1.0 0.0 0.0 1.0    0.75 0.0 0.0 0.25
   0 1 0 -1 0 0 0 0 1    0 0 0  1.0 0.0 0.0 1.0    0.25 0.0 0.0 0.75
 -1 0 0 0 -1 0 0 0 -1    0 0 0    1.0 0.0 0.0 1.0    0.0 0.0 0.0 0.0
   1 0 0 0 1 0 0 0 -1    0 0 0   1.0 0.0 0.0 1.0    -0.5 0.0 0.0 0.5
  0 1 0 -1 0 0 0 0 -1    0 0 0  1.0 0.0 0.0 1.0    0.75 0.0 0.0 0.25
  0 -1 0 1 0 0 0 0 -1    0 0 0  1.0 0.0 0.0 1.0    0.25 0.0 0.0 0.75


kpoint  GM : 0.000000 0.000000 0.000000 :  1 2 3 4 5 6 7 8
-GM1+  1  1.0  1.000000  1.000000  1.0  1.0  1.000000  1.000000  1.0  1.0  1.000000  1.000000  1.0  1.0  1.000000  1.000000
-GM1-  1  1.0  1.000000  1.000000 -1.0 -1.0 -1.000000 -1.000000  1.0  1.0  1.000000  1.000000 -1.0 -1.0 -1.000000 -1.000000
-GM10  1  0.0  0.707107  0.707107 -1.0  0.0 -0.707107 -0.707107 -1.0  0.0 -0.707107 -0.707107  1.0  0.0  0.707107  0.707107
-GM11  1  0.0 -0.707107 -0.707107 -1.0  0.0  0.707107  0.707107 -1.0  0.0  0.707107  0.707107  1.0  0.0 -0.707107 -0.707107
-GM12  1  0.0  0.707107  0.707107 -1.0  0.0 -0.707107 -0.707107 -1.0  0.0 -0.707107 -0.707107  1.0  0.0  0.707107  0.707107
-GM2+  1  1.0 -1.000000 -1.000000  1.0  1.0 -1.000000 -1.000000  1.0  1.0 -1.000000 -1.000000  1.0  1.0 -1.000000 -1.000000
-GM2-  1  1.0 -1.000000 -1.000000 -1.0 -1.0  1.000000  1.000000  1.0  1.0 -1.000000 -1.000000 -1.0 -1.0  1.000000  1.000000
-GM3+  1 -1.0  0.000000  0.000000  1.0 -1.0  0.000000  0.000000  1.0 -1.0  0.000000  0.000000  1.0 -1.0  0.000000  0.000000
-GM3-  1 -1.0  0.000000  0.000000 -1.0  1.0  0.000000  0.000000  1.0 -1.0  0.000000  0.000000 -1.0  1.0  0.000000  0.000000
-GM4+  1 -1.0  0.000000  0.000000  1.0 -1.0  0.000000  0.000000  1.0 -1.0  0.000000  0.000000  1.0 -1.0  0.000000  0.000000
-GM4-  1 -1.0  0.000000  0.000000 -1.0  1.0  0.000000  0.000000  1.0 -1.0  0.000000  0.000000 -1.0  1.0  0.000000  0.000000
-GM9   1  0.0 -0.707107 -0.707107 -1.0  0.0  0.707107  0.707107 -1.0  0.0  0.707107  0.707107  1.0  0.0 -0.707107 -0.707107



kpoint  M : 0.500000 0.500000 0.500000 :  1 2 3 4 5 6 7 8
-M1+  1  1.0  1.000000  1.000000  1.0  1.0  1.000000  1.000000  1.0  1.0  1.000000  1.000000  1.0  1.0  1.000000  1.000000
-M1-  1  1.0  1.000000  1.000000 -1.0 -1.0 -1.000000 -1.000000  1.0  1.0  1.000000  1.000000 -1.0 -1.0 -1.000000 -1.000000
-M10  1  0.0  0.707107  0.707107 -1.0  0.0 -0.707107 -0.707107 -1.0  0.0 -0.707107 -0.707107  1.0  0.0  0.707107  0.707107
-M11  1  0.0 -0.707107 -0.707107 -1.0  0.0  0.707107  0.707107 -1.0  0.0  0.707107  0.707107  1.0  0.0 -0.707107 -0.707107
-M12  1  0.0  0.707107  0.707107 -1.0  0.0 -0.707107 -0.707107 -1.0  0.0 -0.707107 -0.707107  1.0  0.0  0.707107  0.707107
-M2+  1  1.0 -1.000000 -1.000000  1.0  1.0 -1.000000 -1.000000  1.0  1.0 -1.000000 -1.000000  1.0  1.0 -1.000000 -1.000000
-M2-  1  1.0 -1.000000 -1.000000 -1.0 -1.0  1.000000  1.000000  1.0  1.0 -1.000000 -1.000000 -1.0 -1.0  1.000000  1.000000
-M3+  1 -1.0  0.000000  0.000000  1.0 -1.0  0.000000  0.000000  1.0 -1.0  0.000000  0.000000  1.0 -1.0  0.000000  0.000000
-M3-  1 -1.0  0.000000  0.000000 -1.0  1.0  0.000000  0.000000  1.0 -1.0  0.000000  0.000000 -1.0  1.0  0.000000  0.000000
-M4+  1 -1.0  0.000000  0.000000  1.0 -1.0  0.000000  0.000000  1.0 -1.0  0.000000  0.000000  1.0 -1.0  0.000000  0.000000
-M4-  1 -1.0  0.000000  0.000000 -1.0  1.0  0.000000  0.000000  1.0 -1.0  0.000000  0.000000 -1.0  1.0  0.000000  0.000000
-M9   1  0.0 -0.707107 -0.707107 -1.0  0.0  0.707107  0.707107 -1.0  0.0  0.707107  0.707107  1.0  0.0 -0.707107 -0.707107



kpoint  N : 0.000000 0.500000 0.000000 :  1 2
-N1+  1  1.0  1.0  1.0
-N1-  1 -1.0  1.0 -1.0
-N2   1 -1.0 -1.0  1.0



kpoint  P : 0.250000 0.250000 0.250000 :  1 2 3 4
-P1  1  1.0  1.0  1.0  1.0  1.0  1.0  1.0
-P2  1  1.0 -1.0 -1.0  1.0  1.0 -1.0 -1.0
-P3  1 -1.0  0.0  0.0  1.0 -1.0  0.0  0.0
-P4  1 -1.0  0.0  0.0  1.0 -1.0  0.0  0.0



kpoint  X : 0.000000 0.000000 0.500000 :  1 2 3 4
-X1+  1  1.0  1.0  1.0  1.0  1.0  1.0  1.0
-X1-  1  1.0 -1.0 -1.0  1.0  1.0 -1.0 -1.0
-X2+  1 -1.0  1.0 -1.0  1.0 -1.0  1.0 -1.0
-X2-  1 -1.0 -1.0  1.0  1.0 -1.0 -1.0  1.0
-X5   1  0.0 -1.0  0.0 -1.0  0.0  1.0  0.0
-X6   1  0.0 -1.0  0.0 -1.0  0.0  1.0  0.0
