SG=<i>P</i>4'/<i>n</i>'<i>c</i><i>c</i>'
 name=130.430
 spinor=True
symmetries=
         1 0 0 0 1 0 0 0 1    0 0 0     1.0 0.0 0.0 1.0    0.0 0.0 0.0 0.0
   -1 0 0 0 -1 0 0 0 1    1/2 1/2 0    1.0 0.0 0.0 1.0    -0.5 0.0 0.0 0.5
  0 1 0 1 0 0 0 0 -1    1/2 1/2 1/2  0.0 1.0 1.0 0.0    0.0 -0.75 0.75 0.0
    0 -1 0 -1 0 0 0 0 -1    0 0 1/2   0.0 1.0 1.0 0.0    0.0 0.75 0.25 0.0
     0 1 0 -1 0 0 0 0 -1    1/2 0 0   1.0 0.0 0.0 1.0    0.75 0.0 0.0 0.25
     0 -1 0 1 0 0 0 0 -1    0 1/2 0   1.0 0.0 0.0 1.0    0.25 0.0 0.0 0.75
    1 0 0 0 -1 0 0 0 1    0 1/2 1/2     0.0 1.0 1.0 0.0    0.0 1.0 0.0 0.0
    -1 0 0 0 1 0 0 0 1    1/2 0 1/2   0.0 1.0 1.0 0.0    0.0 -0.5 -0.5 0.0
      0 -1 0 1 0 0 0 0 1    1/2 0 0   1.0 0.0 0.0 1.0    0.75 0.0 0.0 0.25
      0 1 0 -1 0 0 0 0 1    0 1/2 0   1.0 0.0 0.0 1.0    0.25 0.0 0.0 0.75
   -1 0 0 0 1 0 0 0 -1    0 1/2 1/2     0.0 1.0 1.0 0.0    0.0 1.0 0.0 0.0
   1 0 0 0 -1 0 0 0 -1    1/2 0 1/2   0.0 1.0 1.0 0.0    0.0 -0.5 -0.5 0.0
      -1 0 0 0 -1 0 0 0 -1    0 0 0     1.0 0.0 0.0 1.0    0.0 0.0 0.0 0.0
    1 0 0 0 1 0 0 0 -1    1/2 1/2 0    1.0 0.0 0.0 1.0    -0.5 0.0 0.0 0.5
 0 -1 0 -1 0 0 0 0 1    1/2 1/2 1/2  0.0 1.0 1.0 0.0    0.0 -0.75 0.75 0.0
       0 1 0 1 0 0 0 0 1    0 0 1/2   0.0 1.0 1.0 0.0    0.0 0.75 0.25 0.0


kpoint  GM : 0.000000 0.000000 0.000000 :  1 2 3 4 5 6 7 8 9 10 11 12 13 14 15 16
-GM6  2  0.0  0.0  0.0 -1.414214 -1.414214  0.0  0.0 -2.0  0.0  0.0  0.0  1.414214  1.414214  0.0  0.0  0.0  0.0 -1.414214 -1.414214  0.0  0.0  2.0  0.0  0.0  0.0  1.414214  1.414214  0.0  0.0 -2.0  0.0
-GM7  2  0.0  0.0  0.0  1.414214  1.414214  0.0  0.0 -2.0  0.0  0.0  0.0 -1.414214 -1.414214  0.0  0.0  0.0  0.0  1.414214  1.414214  0.0  0.0  2.0  0.0  0.0  0.0 -1.414214 -1.414214  0.0  0.0 -2.0  0.0



kpoint  A : 0.500000 0.500000 0.500000 :  1 2 3 4 5 6 7 8 9 10 11 12 13 14 15 16
-A6A6  4  0.0  0.0  0.0  0.0  0.0  0.0  0.0 -4.0  0.0  0.0  0.0  0.0  0.0  0.0  0.0  0.0  0.0  0.0  0.0  0.0  0.0  0.0  0.0  0.0  0.0  0.0  0.0  0.0  0.0  0.0  0.0
-A7A7  4  0.0  0.0  0.0  0.0  0.0  0.0  0.0 -4.0  0.0  0.0  0.0  0.0  0.0  0.0  0.0  0.0  0.0  0.0  0.0  0.0  0.0  0.0  0.0  0.0  0.0  0.0  0.0  0.0  0.0  0.0  0.0



kpoint  M : 0.500000 0.500000 0.000000 :  1 2 3 4 5 6 7 8 9 10 11 12 13 14 15 16
-M6M7  4  0.0  0.0  0.0  0.0  0.0  0.0  0.0 -4.0  0.0  0.0  0.0  0.0  0.0  0.0  0.0  0.0  0.0  0.0  0.0  0.0  0.0  0.0  0.0  0.0  0.0  0.0  0.0  0.0  0.0  0.0  0.0



kpoint  R : 0.000000 0.500000 0.500000 :  1 2 3 4 5 6 7 8
-R5R5  4  0.0  0.0  0.0 -4.0  0.0  0.0  0.0  0.0  0.0  0.0  0.0  0.0  0.0  0.0  0.0



kpoint  X : 0.000000 0.500000 0.000000 :  1 2 3 4 5 6 7 8
-X5X5  4  0.0  0.0  0.0 -4.0  0.0  0.0  0.0  0.0  0.0  0.0  0.0  0.0  0.0  0.0  0.0



kpoint  Z : 0.000000 0.000000 0.500000 :  1 2 3 4 5 6 7 8 9 10 11 12 13 14 15 16
-Z6Z7  4  0.0  0.0  0.0  0.0  0.0  0.0  0.0 -4.0  0.0  0.0  0.0  0.0  0.0  0.0  0.0  0.0  0.0  0.0  0.0  0.0  0.0  0.0  0.0  0.0  0.0  0.0  0.0  0.0  0.0  0.0  0.0
