SG=<i>P</i>-4'3<i>n</i>'
 name=218.83
 spinor=False
symmetries=
         1 0 0 0 1 0 0 0 1    0 0 0                                                                                                                            1.0 0.0 0.0 1.0    0.0 0.0 0.0 0.0
       -1 0 0 0 -1 0 0 0 1    0 0 0                                                                                                                           1.0 0.0 0.0 1.0    -0.5 0.0 0.0 0.5
       -1 0 0 0 1 0 0 0 -1    0 0 0                                                                                                                            0.0 1.0 1.0 0.0    0.0 1.0 0.0 0.0
       1 0 0 0 -1 0 0 0 -1    0 0 0                                                                                                                          0.0 1.0 1.0 0.0    0.0 -0.5 -0.5 0.0
         0 0 1 1 0 0 0 1 0    0 0 0  0.7071067811865476 0.7071067811865476 0.7071067811865476 0.7071067811865476    -0.7853981633974483 -2.356194490192345 -0.7853981633974483 0.7853981633974483
       0 0 1 -1 0 0 0 -1 0    0 0 0    0.7071067811865476 0.7071067811865476 0.7071067811865476 0.7071067811865476    0.7853981633974483 2.356194490192345 0.7853981633974483 -0.7853981633974483
       0 0 -1 -1 0 0 0 1 0    0 0 0  0.7071067811865476 0.7071067811865476 0.7071067811865476 0.7071067811865476    0.7853981633974483 -0.7853981633974483 -2.356194490192345 -0.7853981633974483
       0 0 -1 1 0 0 0 -1 0    0 0 0    0.7071067811865476 0.7071067811865476 0.7071067811865476 0.7071067811865476    -0.7853981633974483 0.7853981633974483 2.356194490192345 0.7853981633974483
         0 1 0 0 0 1 1 0 0    0 0 0    0.7071067811865476 0.7071067811865476 0.7071067811865476 0.7071067811865476    0.7853981633974483 0.7853981633974483 2.356194490192345 -0.7853981633974483
       0 -1 0 0 0 1 -1 0 0    0 0 0    0.7071067811865476 0.7071067811865476 0.7071067811865476 0.7071067811865476    -0.7853981633974483 2.356194490192345 0.7853981633974483 0.7853981633974483
       0 1 0 0 0 -1 -1 0 0    0 0 0  0.7071067811865476 0.7071067811865476 0.7071067811865476 0.7071067811865476    0.7853981633974483 -2.356194490192345 -0.7853981633974483 -0.7853981633974483
       0 -1 0 0 0 -1 1 0 0    0 0 0  0.7071067811865476 0.7071067811865476 0.7071067811865476 0.7071067811865476    -0.7853981633974483 -0.7853981633974483 -2.356194490192345 0.7853981633974483
   0 1 0 1 0 0 0 0 1    1/2 1/2 1/2                                                                                                                          0.0 1.0 1.0 0.0    0.0 0.75 0.25 0.0
 0 -1 0 -1 0 0 0 0 1    1/2 1/2 1/2                                                                                                                         0.0 1.0 1.0 0.0    0.0 -0.75 0.75 0.0
 0 1 0 -1 0 0 0 0 -1    1/2 1/2 1/2                                                                                                                          1.0 0.0 0.0 1.0    0.75 0.0 0.0 0.25
 0 -1 0 1 0 0 0 0 -1    1/2 1/2 1/2                                                                                                                          1.0 0.0 0.0 1.0    0.25 0.0 0.0 0.75
   1 0 0 0 0 1 0 1 0    1/2 1/2 1/2                                                               0.7071067811865475 0.7071067811865475 0.7071067811865475 0.7071067811865475    -0.5 0.0 1.0 0.5
 -1 0 0 0 0 1 0 -1 0    1/2 1/2 1/2                                                              0.7071067811865475 0.7071067811865475 0.7071067811865475 0.7071067811865475    0.0 -0.5 -0.5 0.0
 -1 0 0 0 0 -1 0 1 0    1/2 1/2 1/2                                                                0.7071067811865475 0.7071067811865475 0.7071067811865475 0.7071067811865475    0.0 0.5 0.5 0.0
 1 0 0 0 0 -1 0 -1 0    1/2 1/2 1/2                                                               0.7071067811865475 0.7071067811865475 0.7071067811865475 0.7071067811865475    0.5 0.0 1.0 -0.5
   0 0 1 0 1 0 1 0 0    1/2 1/2 1/2                                                             0.7071067811865475 0.7071067811865475 0.7071067811865475 0.7071067811865475    0.5 -0.5 -0.5 -0.5
 0 0 1 0 -1 0 -1 0 0    1/2 1/2 1/2                                                                0.7071067811865475 0.7071067811865475 0.7071067811865475 0.7071067811865475    0.0 0.0 1.0 0.0
 0 0 -1 0 1 0 -1 0 0    1/2 1/2 1/2                                                             0.7071067811865475 0.7071067811865475 0.7071067811865475 0.7071067811865475    -0.5 -0.5 -0.5 0.5
 0 0 -1 0 -1 0 1 0 0    1/2 1/2 1/2                                                                0.7071067811865475 0.7071067811865475 0.7071067811865475 0.7071067811865475    0.0 1.0 0.0 0.0


kpoint  GM : 0.000000 0.000000 0.000000 :  1 2 3 4 5 6 7 8 9 10 11 12 13 14 15 16 17 18 19 20 21 22 23 24
-GM1  1  1.0  1.0  1.0  1.0  1.0  1.0  1.0  1.0  1.0  1.0  1.0  1.0  1.0  1.0  1.0  1.0  1.0  1.0  1.0  1.0  1.0  1.0  1.0  1.0  1.0  1.0  1.0  1.0  1.0  1.0  1.0  1.0  1.0  1.0  1.0  1.0  1.0  1.0  1.0  1.0  1.0  1.0  1.0  1.0  1.0  1.0  1.0
-GM2  1  1.0  1.0  1.0 -0.5 -0.5 -0.5 -0.5 -0.5 -0.5 -0.5 -0.5  1.0  1.0  1.0  1.0 -0.5 -0.5 -0.5 -0.5 -0.5 -0.5 -0.5 -0.5  1.0  1.0  1.0  1.0 -0.5 -0.5 -0.5 -0.5 -0.5 -0.5 -0.5 -0.5  1.0  1.0  1.0  1.0 -0.5 -0.5 -0.5 -0.5 -0.5 -0.5 -0.5 -0.5
-GM3  1  1.0  1.0  1.0 -0.5 -0.5 -0.5 -0.5 -0.5 -0.5 -0.5 -0.5  1.0  1.0  1.0  1.0 -0.5 -0.5 -0.5 -0.5 -0.5 -0.5 -0.5 -0.5  1.0  1.0  1.0  1.0 -0.5 -0.5 -0.5 -0.5 -0.5 -0.5 -0.5 -0.5  1.0  1.0  1.0  1.0 -0.5 -0.5 -0.5 -0.5 -0.5 -0.5 -0.5 -0.5
-GM4  3 -1.0 -1.0 -1.0  0.0  0.0  0.0  0.0  0.0  0.0  0.0  0.0  3.0 -1.0 -1.0 -1.0  0.0  0.0  0.0  0.0  0.0  0.0  0.0  0.0 -1.0 -1.0  1.0  1.0 -1.0  1.0  1.0 -1.0 -1.0  1.0 -1.0  1.0 -1.0 -1.0  1.0  1.0 -1.0  1.0  1.0 -1.0 -1.0  1.0 -1.0  1.0



kpoint  M : 0.500000 0.500000 0.000000 :  1 2 3 4 5 6 7 8
-M1M2  2  2.0  0.0  0.0  2.0  2.0  0.0  0.0  0.0  0.0  0.0  0.0  0.0  0.0  0.0  0.0
-M3    1 -1.0 -1.0  1.0  1.0 -1.0 -1.0  1.0 -1.0  1.0  1.0 -1.0 -1.0  1.0  1.0 -1.0
-M4    1 -1.0  1.0 -1.0  1.0 -1.0  1.0 -1.0 -1.0  1.0 -1.0  1.0 -1.0  1.0 -1.0  1.0



kpoint  R : 0.500000 0.500000 0.500000 :  1 2 3 4 5 6 7 8 9 10 11 12 13 14 15 16 17 18 19 20 21 22 23 24
-R1R1  2  2.0  2.0  2.0  2.0  2.0  2.0  2.0  2.0  2.0  2.0  2.0  2.0  2.0  2.0  2.0  2.0  2.0  2.0  2.0  2.0  2.0  2.0  2.0  0.0  0.0  0.0  0.0  0.0  0.0  0.0  0.0  0.0  0.0  0.0  0.0  0.0  0.0  0.0  0.0  0.0  0.0  0.0  0.0  0.0  0.0  0.0  0.0
-R2R2  2  2.0  2.0  2.0 -1.0 -1.0 -1.0 -1.0 -1.0 -1.0 -1.0 -1.0  2.0  2.0  2.0  2.0 -1.0 -1.0 -1.0 -1.0 -1.0 -1.0 -1.0 -1.0  0.0  0.0  0.0  0.0  0.0  0.0  0.0  0.0  0.0  0.0  0.0  0.0  0.0  0.0  0.0  0.0  0.0  0.0  0.0  0.0  0.0  0.0  0.0  0.0
-R3R3  2  2.0  2.0  2.0 -1.0 -1.0 -1.0 -1.0 -1.0 -1.0 -1.0 -1.0  2.0  2.0  2.0  2.0 -1.0 -1.0 -1.0 -1.0 -1.0 -1.0 -1.0 -1.0  0.0  0.0  0.0  0.0  0.0  0.0  0.0  0.0  0.0  0.0  0.0  0.0  0.0  0.0  0.0  0.0  0.0  0.0  0.0  0.0  0.0  0.0  0.0  0.0
-R4R4  6 -2.0 -2.0 -2.0  0.0  0.0  0.0  0.0  0.0  0.0  0.0  0.0  6.0 -2.0 -2.0 -2.0  0.0  0.0  0.0  0.0  0.0  0.0  0.0  0.0  0.0  0.0  0.0  0.0  0.0  0.0  0.0  0.0  0.0  0.0  0.0  0.0  0.0  0.0  0.0  0.0  0.0  0.0  0.0  0.0  0.0  0.0  0.0  0.0



kpoint  X : 0.000000 0.500000 0.000000 :  1 2 3 4 5 6 7 8
-X1X4  2  0.0  2.0  0.0  2.0  0.0  2.0  0.0  0.0  0.0  0.0  0.0  0.0  0.0  0.0  0.0
-X2X2  2  2.0 -2.0 -2.0  2.0  2.0 -2.0 -2.0  0.0  0.0  0.0  0.0  0.0  0.0  0.0  0.0
-X3X3  2 -2.0 -2.0  2.0  2.0 -2.0 -2.0  2.0  0.0  0.0  0.0  0.0  0.0  0.0  0.0  0.0
