SG=<i>I</i>4<sub>1</sub>'
 name=80.31
 spinor=True
symmetries=
      1 0 0 0 1 0 0 0 1    0 0 0    1.0 0.0 0.0 1.0    0.0 0.0 0.0 0.0
    -1 0 0 0 -1 0 0 0 1    0 0 0   1.0 0.0 0.0 1.0    -0.5 0.0 0.0 0.5
 0 -1 0 1 0 0 0 0 1    0 1/2 1/4  1.0 0.0 0.0 1.0    0.75 0.0 0.0 0.25
 0 1 0 -1 0 0 0 0 1    0 1/2 1/4  1.0 0.0 0.0 1.0    0.25 0.0 0.0 0.75


kpoint  GM : 0.000000 0.000000 0.000000 :  1 2 3 4
-GM3GM4  2  0.0 -2.0  0.0  0.0  0.0  0.0  0.0



kpoint  M : 0.500000 0.500000 0.500000 :  1 2 3 4
-(M)Y3Y4  2  0.0 -2.0  0.0  0.0  0.0  0.0  0.0



kpoint  N : 0.500000 0.000000 0.500000 :  1
-(N)L2  1 -1.0



kpoint  NA : 0.000000 0.500000 0.500000 :  1
-(NA)V2  1 -1.0



kpoint  P : 0.250000 0.250000 0.250000 :  1 2 3 4
-(P)U3U3  2  0.0 -2.0  0.0  0.0  0.0  0.0  0.0
-(P)U4    1  0.0 -1.0  0.0  1.0  0.0 -1.0  0.0



kpoint  X : 0.000000 0.000000 0.500000 :  1 2
-(X)M3  1  0.0 -1.0  0.0
-(X)M4  1  0.0 -1.0  0.0



kpoint  XA : 0.500000 0.500000 0.000000 :  1 2
-(XA)A3  1  0.0 -1.0  0.0
-(XA)A4  1  0.0 -1.0  0.0
