SG=<i>I</i><i>m</i>'<i>m</i>2'
 name=44.231
 spinor=False
symmetries=
   1 0 0 0 1 0 0 0 1    0 0 0    1.0 0.0 0.0 1.0    0.0 0.0 0.0 0.0
  1 0 0 0 -1 0 0 0 1    0 0 0    0.0 1.0 1.0 0.0    0.0 1.0 0.0 0.0
 -1 0 0 0 -1 0 0 0 1    0 0 0   1.0 0.0 0.0 1.0    -0.5 0.0 0.0 0.5
  -1 0 0 0 1 0 0 0 1    0 0 0  0.0 1.0 1.0 0.0    0.0 -0.5 -0.5 0.0


kpoint  GM : 0.000000 0.000000 0.000000 :  1 2 3 4
-GM1  1  1.0  1.0  1.0  1.0  1.0  1.0  1.0
-GM2  1 -1.0  1.0 -1.0  1.0 -1.0  1.0 -1.0



kpoint  R : 0.000000 0.500000 0.000000 :  1 2
-(R)M1  1  1.0  1.0  1.0
-(R)M2  1 -1.0  1.0 -1.0



kpoint  RA : 0.500000 0.000000 0.500000 :  1 2
-(RA)A1  1  1.0  1.0  1.0
-(RA)A2  1 -1.0  1.0 -1.0



kpoint  S : 0.500000 0.000000 0.000000 :  1 2
-(S)L1  1  1.0  0.0  0.0



kpoint  T : 0.000000 0.000000 0.500000 :  1 2
-(T)V1  1  1.0  1.0  1.0



kpoint  W : 0.250000 0.250000 0.250000 :  1 2
-(W)U1  1  1.0  0.0  0.0



kpoint  X : 0.500000 0.500000 0.500000 :  1 2 3 4
-(X)Y1  1  1.0  1.0  1.0  1.0  1.0  1.0  1.0
-(X)Y2  1 -1.0  1.0 -1.0  1.0 -1.0  1.0 -1.0
