SG=<i>C</i>2/<i>m</i>1'
 name=12.59
 spinor=True
symmetries=
    1 0 0 0 1 0 0 0 1    0 0 0  1.0 0.0 0.0 1.0    0.0 0.0 0.0 0.0
  -1 0 0 0 1 0 0 0 -1    0 0 0  0.0 1.0 1.0 0.0    0.0 1.0 0.0 0.0
 -1 0 0 0 -1 0 0 0 -1    0 0 0  1.0 0.0 0.0 1.0    0.0 0.0 0.0 0.0
   1 0 0 0 -1 0 0 0 1    0 0 0  0.0 1.0 1.0 0.0    0.0 1.0 0.0 0.0
    1 0 0 0 1 0 0 0 1    0 0 0  1.0 0.0 0.0 1.0    0.0 0.0 0.0 0.0
  -1 0 0 0 1 0 0 0 -1    0 0 0  0.0 1.0 1.0 0.0    0.0 1.0 0.0 0.0
 -1 0 0 0 -1 0 0 0 -1    0 0 0  1.0 0.0 0.0 1.0    0.0 0.0 0.0 0.0
   1 0 0 0 -1 0 0 0 1    0 0 0  0.0 1.0 1.0 0.0    0.0 1.0 0.0 0.0


kpoint  GM : 0.000000 0.000000 0.000000 :  1 2 3 4 5 6 7 8
-GM3GM4  2  0.0  2.0  0.0 -2.0  0.0 -2.0  0.0  0.0  0.0  0.0  0.0  0.0  0.0  0.0  0.0



kpoint  A : 0.000000 0.000000 0.500000 :  1 2 3 4 5 6 7 8
-A3A4  2  0.0  2.0  0.0 -2.0  0.0 -2.0  0.0  0.0  0.0  0.0  0.0  0.0  0.0  0.0  0.0



kpoint  L : 0.000000 0.500000 0.500000 :  1 2 3 4
-L3L3  2  2.0 -2.0 -2.0  0.0  0.0  0.0  0.0



kpoint  M : 0.500000 0.500000 0.500000 :  1 2 3 4 5 6 7 8
-M3M4  2  0.0  2.0  0.0 -2.0  0.0 -2.0  0.0  0.0  0.0  0.0  0.0  0.0  0.0  0.0  0.0



kpoint  V : 0.000000 0.500000 0.000000 :  1 2 3 4
-V3V3  2  2.0 -2.0 -2.0  0.0  0.0  0.0  0.0



kpoint  Y : 0.500000 0.500000 0.000000 :  1 2 3 4 5 6 7 8
-Y3Y4  2  0.0  2.0  0.0 -2.0  0.0 -2.0  0.0  0.0  0.0  0.0  0.0  0.0  0.0  0.0  0.0
