SG=<i>I</i><i>m</i>'<i>m</i><i>a</i>
 name=74.556
 spinor=False
symmetries=
     1 0 0 0 1 0 0 0 1    0 0 0    1.0 0.0 0.0 1.0    0.0 0.0 0.0 0.0
   1 0 0 0 -1 0 0 0 -1    0 0 0  0.0 1.0 1.0 0.0    0.0 -0.5 -0.5 0.0
  1 0 0 0 1 0 0 0 -1    0 1/2 0   1.0 0.0 0.0 1.0    -0.5 0.0 0.0 0.5
  1 0 0 0 -1 0 0 0 1    0 1/2 0    0.0 1.0 1.0 0.0    0.0 1.0 0.0 0.0
 -1 0 0 0 -1 0 0 0 1    0 1/2 0   1.0 0.0 0.0 1.0    -0.5 0.0 0.0 0.5
 -1 0 0 0 1 0 0 0 -1    0 1/2 0    0.0 1.0 1.0 0.0    0.0 1.0 0.0 0.0
  -1 0 0 0 -1 0 0 0 -1    0 0 0    1.0 0.0 0.0 1.0    0.0 0.0 0.0 0.0
    -1 0 0 0 1 0 0 0 1    0 0 0  0.0 1.0 1.0 0.0    0.0 -0.5 -0.5 0.0


kpoint  GM : 0.000000 0.000000 0.000000 :  1 2 3 4 5 6 7 8
-GM1  1  1.0  1.0  1.0  1.0  1.0  1.0  1.0  1.0  1.0  1.0  1.0  1.0  1.0  1.0  1.0
-GM2  1  1.0 -1.0 -1.0  1.0  1.0 -1.0 -1.0 -1.0 -1.0  1.0  1.0 -1.0 -1.0  1.0  1.0
-GM3  1 -1.0 -1.0  1.0  1.0 -1.0 -1.0  1.0 -1.0  1.0  1.0 -1.0 -1.0  1.0  1.0 -1.0
-GM4  1 -1.0  1.0 -1.0  1.0 -1.0  1.0 -1.0  1.0 -1.0  1.0 -1.0  1.0 -1.0  1.0 -1.0



kpoint  R : 0.500000 0.000000 0.500000 :  1 2 3 4
-(R)S1  1  1.0  1.0  1.0  1.0  1.0  1.0  1.0
-(R)S2  1 -1.0  1.0 -1.0 -1.0  1.0 -1.0  1.0



kpoint  S : 0.000000 0.500000 0.500000 :  1 2 3 4
-(S)T1  1  1.0  1.0  1.0  0.0  0.0  0.0  0.0
-(S)T2  1 -1.0  1.0 -1.0  0.0  0.0  0.0  0.0



kpoint  T : 0.000000 0.000000 0.500000 :  1 2 3 4
-(T)R1  1  0.0  1.0  0.0  0.0  1.0  0.0  1.0
-(T)R2  1  0.0  1.0  0.0  0.0  1.0  0.0  1.0



kpoint  W : 0.250000 0.250000 0.250000 :  1 2 3 4
-W1  1  1.0  1.0  1.0  0.0  0.0  0.0  0.0
-W2  1 -1.0  1.0 -1.0  0.0  0.0  0.0  0.0



kpoint  X : 0.500000 0.500000 0.500000 :  1 2 3 4 5 6 7 8
-X1  1  1.0  1.0  1.0  1.0  1.0  1.0  1.0  1.0  1.0  1.0  1.0  1.0  1.0  1.0  1.0
-X2  1  1.0 -1.0 -1.0  1.0  1.0 -1.0 -1.0 -1.0 -1.0  1.0  1.0 -1.0 -1.0  1.0  1.0
-X3  1 -1.0 -1.0  1.0  1.0 -1.0 -1.0  1.0 -1.0  1.0  1.0 -1.0 -1.0  1.0  1.0 -1.0
-X4  1 -1.0  1.0 -1.0  1.0 -1.0  1.0 -1.0  1.0 -1.0  1.0 -1.0  1.0 -1.0  1.0 -1.0
