SG=<i>F</i>23
 name=196.4
 spinor=False
symmetries=
   1 0 0 0 1 0 0 0 1    0 0 0                                                                                                                            1.0 0.0 0.0 1.0    0.0 0.0 0.0 0.0
 -1 0 0 0 -1 0 0 0 1    0 0 0                                                                                                                           1.0 0.0 0.0 1.0    -0.5 0.0 0.0 0.5
 -1 0 0 0 1 0 0 0 -1    0 0 0                                                                                                                            0.0 1.0 1.0 0.0    0.0 1.0 0.0 0.0
 1 0 0 0 -1 0 0 0 -1    0 0 0                                                                                                                          0.0 1.0 1.0 0.0    0.0 -0.5 -0.5 0.0
   0 0 1 1 0 0 0 1 0    0 0 0  0.7071067811865476 0.7071067811865476 0.7071067811865476 0.7071067811865476    -0.7853981633974483 -2.356194490192345 -0.7853981633974483 0.7853981633974483
 0 0 1 -1 0 0 0 -1 0    0 0 0    0.7071067811865476 0.7071067811865476 0.7071067811865476 0.7071067811865476    0.7853981633974483 2.356194490192345 0.7853981633974483 -0.7853981633974483
 0 0 -1 -1 0 0 0 1 0    0 0 0  0.7071067811865476 0.7071067811865476 0.7071067811865476 0.7071067811865476    0.7853981633974483 -0.7853981633974483 -2.356194490192345 -0.7853981633974483
 0 0 -1 1 0 0 0 -1 0    0 0 0    0.7071067811865476 0.7071067811865476 0.7071067811865476 0.7071067811865476    -0.7853981633974483 0.7853981633974483 2.356194490192345 0.7853981633974483
   0 1 0 0 0 1 1 0 0    0 0 0    0.7071067811865476 0.7071067811865476 0.7071067811865476 0.7071067811865476    0.7853981633974483 0.7853981633974483 2.356194490192345 -0.7853981633974483
 0 -1 0 0 0 1 -1 0 0    0 0 0    0.7071067811865476 0.7071067811865476 0.7071067811865476 0.7071067811865476    -0.7853981633974483 2.356194490192345 0.7853981633974483 0.7853981633974483
 0 1 0 0 0 -1 -1 0 0    0 0 0  0.7071067811865476 0.7071067811865476 0.7071067811865476 0.7071067811865476    0.7853981633974483 -2.356194490192345 -0.7853981633974483 -0.7853981633974483
 0 -1 0 0 0 -1 1 0 0    0 0 0  0.7071067811865476 0.7071067811865476 0.7071067811865476 0.7071067811865476    -0.7853981633974483 -0.7853981633974483 -2.356194490192345 0.7853981633974483


kpoint  GM : 0.000000 0.000000 0.000000 :  1 2 3 4 5 6 7 8 9 10 11 12
-GM1  1  1.0  1.0  1.0  1.0  1.0  1.0  1.0  1.0  1.0  1.0  1.0  1.0  1.0  1.0  1.0  1.0  1.0  1.0  1.0  1.0  1.0  1.0  1.0
-GM2  1  1.0  1.0  1.0 -0.5 -0.5 -0.5 -0.5 -0.5 -0.5 -0.5 -0.5  1.0  1.0  1.0  1.0 -0.5 -0.5 -0.5 -0.5 -0.5 -0.5 -0.5 -0.5
-GM3  1  1.0  1.0  1.0 -0.5 -0.5 -0.5 -0.5 -0.5 -0.5 -0.5 -0.5  1.0  1.0  1.0  1.0 -0.5 -0.5 -0.5 -0.5 -0.5 -0.5 -0.5 -0.5
-GM4  3 -1.0 -1.0 -1.0  0.0  0.0  0.0  0.0  0.0  0.0  0.0  0.0  3.0 -1.0 -1.0 -1.0  0.0  0.0  0.0  0.0  0.0  0.0  0.0  0.0



kpoint  L : 0.500000 0.500000 0.500000 :  1 2 3
-L1  1  1.0  1.0  1.0  1.0  1.0
-L2  1 -0.5 -0.5  1.0 -0.5 -0.5
-L3  1 -0.5 -0.5  1.0 -0.5 -0.5



kpoint  W : 0.500000 0.250000 0.750000 :  1 2
-W1  1  1.0  1.0  1.0
-W2  1 -1.0  1.0 -1.0



kpoint  X : 0.500000 0.000000 0.500000 :  1 2 3 4
-X1  1  1.0  1.0  1.0  1.0  1.0  1.0  1.0
-X2  1  1.0 -1.0 -1.0  1.0  1.0 -1.0 -1.0
-X3  1 -1.0 -1.0  1.0  1.0 -1.0 -1.0  1.0
-X4  1 -1.0  1.0 -1.0  1.0 -1.0  1.0 -1.0
