SG=<i>A</i><i>b</i><i>m</i>21'
 name=39.196
 spinor=True
symmetries=
    1 0 0 0 1 0 0 0 1    0 0 0    1.0 0.0 0.0 1.0    0.0 0.0 0.0 0.0
  -1 0 0 0 -1 0 0 0 1    0 0 0   1.0 0.0 0.0 1.0    -0.5 0.0 0.0 0.5
 1 0 0 0 -1 0 0 0 1    0 0 1/2    0.0 1.0 1.0 0.0    0.0 1.0 0.0 0.0
 -1 0 0 0 1 0 0 0 1    0 0 1/2  0.0 1.0 1.0 0.0    0.0 -0.5 -0.5 0.0
    1 0 0 0 1 0 0 0 1    0 0 0    1.0 0.0 0.0 1.0    0.0 0.0 0.0 0.0
  -1 0 0 0 -1 0 0 0 1    0 0 0   1.0 0.0 0.0 1.0    -0.5 0.0 0.0 0.5
 1 0 0 0 -1 0 0 0 1    0 0 1/2    0.0 1.0 1.0 0.0    0.0 1.0 0.0 0.0
 -1 0 0 0 1 0 0 0 1    0 0 1/2  0.0 1.0 1.0 0.0    0.0 -0.5 -0.5 0.0


kpoint  GM : 0.000000 0.000000 0.000000 :  1 2 3 4 5 6 7 8
-GM5  2  0.0  0.0  0.0 -2.0  0.0  0.0  0.0  0.0  2.0  0.0  0.0  0.0 -2.0  0.0  0.0



kpoint  R : 0.500000 0.000000 0.500000 :  1 2 3 4
-R3R3  2  2.0 -2.0 -2.0  0.0  0.0  0.0  0.0
-R4R4  2 -2.0 -2.0  2.0  0.0  0.0  0.0  0.0



kpoint  S : 0.000000 0.000000 0.500000 :  1 2 3 4
-S3S3  2 -2.0 -2.0  2.0  0.0  0.0  0.0  0.0
-S4S4  2  2.0 -2.0 -2.0  0.0  0.0  0.0  0.0



kpoint  T : 0.500000 0.500000 0.500000 :  1 2 3 4 5 6 7 8
-T5  2  0.0  0.0  0.0 -2.0  0.0  0.0  0.0  0.0  2.0  0.0  0.0  0.0 -2.0  0.0  0.0



kpoint  Y : 0.000000 0.500000 0.500000 :  1 2 3 4 5 6 7 8
-Y5  2  0.0  0.0  0.0 -2.0  0.0  0.0  0.0  0.0  2.0  0.0  0.0  0.0 -2.0  0.0  0.0



kpoint  Z : 0.500000 0.000000 0.000000 :  1 2 3 4 5 6 7 8
-Z5  2  0.0  0.0  0.0 -2.0  0.0  0.0  0.0  0.0  2.0  0.0  0.0  0.0 -2.0  0.0  0.0
