SG=<i>I</i><i>b</i>'<i>a</i>'2
 name=45.238
 spinor=True
symmetries=
    1 0 0 0 1 0 0 0 1    0 0 0    1.0 0.0 0.0 1.0    0.0 0.0 0.0 0.0
  -1 0 0 0 -1 0 0 0 1    0 0 0   1.0 0.0 0.0 1.0    -0.5 0.0 0.0 0.5
 1 0 0 0 -1 0 0 0 1    0 0 1/2    0.0 1.0 1.0 0.0    0.0 1.0 0.0 0.0
 -1 0 0 0 1 0 0 0 1    0 0 1/2  0.0 1.0 1.0 0.0    0.0 -0.5 -0.5 0.0


kpoint  GM : 0.000000 0.000000 0.000000 :  1 2 3 4
-GM3  1  0.0 -1.0  0.0  1.0  0.0 -1.0  0.0
-GM4  1  0.0 -1.0  0.0  1.0  0.0 -1.0  0.0



kpoint  R : 0.500000 0.000000 0.500000 :  1 2
-(R)L2L2  2 -2.0  0.0  0.0



kpoint  S : 0.000000 0.500000 0.500000 :  1 2
-(S)V2V2  2 -2.0  0.0  0.0



kpoint  T : 0.000000 0.000000 0.500000 :  1 2
-(T)M3  1  0.0 -1.0  0.0
-(T)M4  1  0.0 -1.0  0.0



kpoint  TA : 0.500000 0.500000 0.000000 :  1 2
-(TA)A3  1  0.0 -1.0  0.0
-(TA)A4  1  0.0 -1.0  0.0



kpoint  W : 0.250000 0.250000 0.250000 :  1 2 3 4
-(W)U3U3  2  0.0 -2.0  0.0  0.0  0.0  0.0  0.0
-(W)U4U4  2  0.0 -2.0  0.0  0.0  0.0  0.0  0.0



kpoint  X : 0.500000 0.500000 0.500000 :  1 2 3 4
-(X)Y3  1  0.0 -1.0  0.0  1.0  0.0 -1.0  0.0
-(X)Y4  1  0.0 -1.0  0.0  1.0  0.0 -1.0  0.0
