SG=<i>I</i>4<sub>1</sub>/<i>a</i>'
 name=88.84
 spinor=True
symmetries=
         1 0 0 0 1 0 0 0 1    0 0 0    1.0 0.0 0.0 1.0    0.0 0.0 0.0 0.0
     -1 0 0 0 -1 0 0 0 1    0 1/2 0   1.0 0.0 0.0 1.0    -0.5 0.0 0.0 0.5
  0 -1 0 1 0 0 0 0 1    3/4 1/4 1/4  1.0 0.0 0.0 1.0    0.75 0.0 0.0 0.25
  0 1 0 -1 0 0 0 0 1    1/4 1/4 1/4  1.0 0.0 0.0 1.0    0.25 0.0 0.0 0.75
      -1 0 0 0 -1 0 0 0 -1    0 0 0    1.0 0.0 0.0 1.0    0.0 0.0 0.0 0.0
      1 0 0 0 1 0 0 0 -1    0 1/2 0   1.0 0.0 0.0 1.0    -0.5 0.0 0.0 0.5
 0 1 0 -1 0 0 0 0 -1    3/4 1/4 1/4  1.0 0.0 0.0 1.0    0.75 0.0 0.0 0.25
 0 -1 0 1 0 0 0 0 -1    1/4 1/4 1/4  1.0 0.0 0.0 1.0    0.25 0.0 0.0 0.75


kpoint  GM : 0.000000 0.000000 0.000000 :  1 2 3 4 5 6 7 8
-GM5GM7  2  0.0 -1.414214 -1.414214 -2.0  0.0  1.414214  1.414214  0.0  0.0  0.0  0.0  0.0  0.0  0.0  0.0
-GM6GM8  2  0.0  1.414214  1.414214 -2.0  0.0 -1.414214 -1.414214  0.0  0.0  0.0  0.0  0.0  0.0  0.0  0.0



kpoint  M : 0.500000 0.500000 0.500000 :  1 2 3 4 5 6 7 8
-M5M8  2  0.0  0.0  0.0 -2.0  0.0  0.0  0.0  0.0  0.0  0.0  0.0  0.0  0.0  0.0  0.0
-M6M7  2  0.0  0.0  0.0 -2.0  0.0  0.0  0.0  0.0  0.0  0.0  0.0  0.0  0.0  0.0  0.0



kpoint  N : 0.000000 0.500000 0.000000 :  1 2
-N2N2  2 -2.0  0.0  0.0



kpoint  P : 0.250000 0.250000 0.250000 :  1 2 3 4
-P3P3  2  0.0 -2.0  0.0  0.0  0.0  0.0  0.0
-P4P4  2  0.0 -2.0  0.0  0.0  0.0  0.0  0.0



kpoint  X : 0.000000 0.000000 0.500000 :  1 2 3 4
-X3X3  2  0.0 -2.0  0.0  0.0  0.0  0.0  0.0
-X4X4  2  0.0 -2.0  0.0  0.0  0.0  0.0  0.0
