SG=<i>I</i><i>b</i>'<i>c</i>'<i>a</i>
 name=73.551
 spinor=True
symmetries=
     1 0 0 0 1 0 0 0 1    0 0 0    1.0 0.0 0.0 1.0    0.0 0.0 0.0 0.0
 -1 0 0 0 -1 0 0 0 1    0 1/2 0   1.0 0.0 0.0 1.0    -0.5 0.0 0.0 0.5
  -1 0 0 0 -1 0 0 0 -1    0 0 0    1.0 0.0 0.0 1.0    0.0 0.0 0.0 0.0
  1 0 0 0 1 0 0 0 -1    0 1/2 0   1.0 0.0 0.0 1.0    -0.5 0.0 0.0 0.5
 -1 0 0 0 1 0 0 0 -1    1/2 0 0    0.0 1.0 1.0 0.0    0.0 1.0 0.0 0.0
 1 0 0 0 -1 0 0 0 -1    0 0 1/2  0.0 1.0 1.0 0.0    0.0 -0.5 -0.5 0.0
  1 0 0 0 -1 0 0 0 1    1/2 0 0    0.0 1.0 1.0 0.0    0.0 1.0 0.0 0.0
  -1 0 0 0 1 0 0 0 1    0 0 1/2  0.0 1.0 1.0 0.0    0.0 -0.5 -0.5 0.0


kpoint  GM : 0.000000 0.000000 0.000000 :  1 2 3 4 5 6 7 8
-GM3  1  0.0  1.0  0.0 -1.0  0.0 -1.0  0.0  1.0  0.0  1.0  0.0 -1.0  0.0 -1.0  0.0
-GM4  1  0.0  1.0  0.0 -1.0  0.0 -1.0  0.0  1.0  0.0  1.0  0.0 -1.0  0.0 -1.0  0.0



kpoint  R : 0.000000 0.500000 0.000000 :  1 2 3 4
-(R)V2V3  2  0.0 -2.0  0.0  0.0  0.0  0.0  0.0



kpoint  S : 0.500000 0.000000 0.000000 :  1 2 3 4
-(S)L2L3  2  0.0 -2.0  0.0  0.0  0.0  0.0  0.0



kpoint  T : 0.000000 0.000000 0.500000 :  1 2 3 4
-(T)M2  2  0.0  0.0  0.0 -2.0  0.0  0.0  0.0



kpoint  TA : 0.500000 0.500000 0.000000 :  1 2 3 4
-(TA)A2  2  0.0  0.0  0.0 -2.0  0.0  0.0  0.0



kpoint  W : 0.250000 0.250000 0.250000 :  1 2 3 4
-(W)U3U3  2  0.0 -2.0  0.0  0.0  0.0  0.0  0.0
-(W)U4U4  2  0.0 -2.0  0.0  0.0  0.0  0.0  0.0



kpoint  X : 0.500000 0.500000 0.500000 :  1 2 3 4 5 6 7 8
-(X)Y3  1  0.0  1.0  0.0 -1.0  0.0 -1.0  0.0  1.0  0.0  1.0  0.0 -1.0  0.0 -1.0  0.0
-(X)Y4  1  0.0  1.0  0.0 -1.0  0.0 -1.0  0.0  1.0  0.0  1.0  0.0 -1.0  0.0 -1.0  0.0
