SG=<i>P</i><sub><i>c</i></sub>6<i>m</i><i>m</i>
 name=183.190
 spinor=False
symmetries=
     1 0 0 0 1 0 0 0 1    0 0 0                                 1.0 0.0 0.0 1.0    0.0 0.0 0.0 0.0
   0 -1 0 1 -1 0 0 0 1    0 0 0   1.0 0.0 0.0 1.0    0.3333333333333333 0.0 0.0 0.6666666666666667
   -1 1 0 -1 0 0 0 0 1    0 0 0   1.0 0.0 0.0 1.0    0.6666666666666667 0.0 0.0 0.3333333333333333
   -1 0 0 0 -1 0 0 0 1    0 0 0                                1.0 0.0 0.0 1.0    -0.5 0.0 0.0 0.5
    0 1 0 -1 1 0 0 0 1    0 0 0  1.0 0.0 0.0 1.0    0.8333333333333334 0.0 0.0 0.16666666666666669
    1 -1 0 1 0 0 0 0 1    0 0 0  1.0 0.0 0.0 1.0    0.16666666666666669 0.0 0.0 0.8333333333333334
   0 -1 0 -1 0 0 0 0 1    0 0 0  0.0 1.0 1.0 0.0    0.0 -0.6666666666666667 0.6666666666666667 0.0
    -1 1 0 0 1 0 0 0 1    0 0 0                                 0.0 1.0 1.0 0.0    0.0 1.0 0.0 0.0
    1 0 0 1 -1 0 0 0 1    0 0 0   0.0 1.0 1.0 0.0    0.0 0.6666666666666667 0.3333333333333333 0.0
     0 1 0 1 0 0 0 0 1    0 0 0  0.0 1.0 1.0 0.0    0.0 0.8333333333333334 0.16666666666666669 0.0
   1 -1 0 0 -1 0 0 0 1    0 0 0                               0.0 1.0 1.0 0.0    0.0 -0.5 -0.5 0.0
   -1 0 0 -1 1 0 0 0 1    0 0 0  0.0 1.0 1.0 0.0    0.0 0.16666666666666669 0.8333333333333334 0.0
   1 0 0 0 1 0 0 0 1    0 0 1/2                                 1.0 0.0 0.0 1.0    0.0 0.0 0.0 0.0
 0 -1 0 1 -1 0 0 0 1    0 0 1/2   1.0 0.0 0.0 1.0    0.3333333333333333 0.0 0.0 0.6666666666666667
 -1 1 0 -1 0 0 0 0 1    0 0 1/2   1.0 0.0 0.0 1.0    0.6666666666666667 0.0 0.0 0.3333333333333333
 -1 0 0 0 -1 0 0 0 1    0 0 1/2                                1.0 0.0 0.0 1.0    -0.5 0.0 0.0 0.5
  0 1 0 -1 1 0 0 0 1    0 0 1/2  1.0 0.0 0.0 1.0    0.8333333333333334 0.0 0.0 0.16666666666666669
  1 -1 0 1 0 0 0 0 1    0 0 1/2  1.0 0.0 0.0 1.0    0.16666666666666669 0.0 0.0 0.8333333333333334
 0 -1 0 -1 0 0 0 0 1    0 0 1/2  0.0 1.0 1.0 0.0    0.0 -0.6666666666666667 0.6666666666666667 0.0
  -1 1 0 0 1 0 0 0 1    0 0 1/2                                 0.0 1.0 1.0 0.0    0.0 1.0 0.0 0.0
  1 0 0 1 -1 0 0 0 1    0 0 1/2   0.0 1.0 1.0 0.0    0.0 0.6666666666666667 0.3333333333333333 0.0
   0 1 0 1 0 0 0 0 1    0 0 1/2  0.0 1.0 1.0 0.0    0.0 0.8333333333333334 0.16666666666666669 0.0
 1 -1 0 0 -1 0 0 0 1    0 0 1/2                               0.0 1.0 1.0 0.0    0.0 -0.5 -0.5 0.0
 -1 0 0 -1 1 0 0 0 1    0 0 1/2  0.0 1.0 1.0 0.0    0.0 0.16666666666666669 0.8333333333333334 0.0


kpoint  GM : 0.000000 0.000000 0.000000 :  1 2 3 4 5 6 7 8 9 10 11 12 13 14 15 16 17 18 19 20 21 22 23 24
-GM1  1  1.0  1.0  1.0  1.0  1.0  1.0  1.0  1.0  1.0  1.0  1.0  1.0  1.0  1.0  1.0  1.0  1.0  1.0  1.0  1.0  1.0  1.0  1.0  1.0  1.0  1.0  1.0  1.0  1.0  1.0  1.0  1.0  1.0  1.0  1.0  1.0  1.0  1.0  1.0  1.0  1.0  1.0  1.0  1.0  1.0  1.0  1.0
-GM2  1  1.0  1.0  1.0  1.0  1.0 -1.0 -1.0 -1.0 -1.0 -1.0 -1.0  1.0  1.0  1.0  1.0  1.0  1.0 -1.0 -1.0 -1.0 -1.0 -1.0 -1.0  1.0  1.0  1.0  1.0  1.0  1.0 -1.0 -1.0 -1.0 -1.0 -1.0 -1.0  1.0  1.0  1.0  1.0  1.0  1.0 -1.0 -1.0 -1.0 -1.0 -1.0 -1.0
-GM3  1  1.0  1.0 -1.0 -1.0 -1.0 -1.0 -1.0 -1.0  1.0  1.0  1.0  1.0  1.0  1.0 -1.0 -1.0 -1.0 -1.0 -1.0 -1.0  1.0  1.0  1.0  1.0  1.0  1.0 -1.0 -1.0 -1.0 -1.0 -1.0 -1.0  1.0  1.0  1.0  1.0  1.0  1.0 -1.0 -1.0 -1.0 -1.0 -1.0 -1.0  1.0  1.0  1.0
-GM4  1  1.0  1.0 -1.0 -1.0 -1.0  1.0  1.0  1.0 -1.0 -1.0 -1.0  1.0  1.0  1.0 -1.0 -1.0 -1.0  1.0  1.0  1.0 -1.0 -1.0 -1.0  1.0  1.0  1.0 -1.0 -1.0 -1.0  1.0  1.0  1.0 -1.0 -1.0 -1.0  1.0  1.0  1.0 -1.0 -1.0 -1.0  1.0  1.0  1.0 -1.0 -1.0 -1.0
-GM5  2 -1.0 -1.0  2.0 -1.0 -1.0  0.0  0.0  0.0  0.0  0.0  0.0  2.0 -1.0 -1.0  2.0 -1.0 -1.0  0.0  0.0  0.0  0.0  0.0  0.0  0.0  0.0  0.0  0.0  0.0  0.0  0.0  0.0  0.0  0.0  0.0  0.0  0.0  0.0  0.0  0.0  0.0  0.0  0.0  0.0  0.0  0.0  0.0  0.0
-GM6  2 -1.0 -1.0 -2.0  1.0  1.0  0.0  0.0  0.0  0.0  0.0  0.0  2.0 -1.0 -1.0 -2.0  1.0  1.0  0.0  0.0  0.0  0.0  0.0  0.0  0.0  0.0  0.0  0.0  0.0  0.0  0.0  0.0  0.0  0.0  0.0  0.0  0.0  0.0  0.0  0.0  0.0  0.0  0.0  0.0  0.0  0.0  0.0  0.0



kpoint  A : 0.000000 0.000000 0.500000 :  1 2 3 4 5 6 7 8 9 10 11 12 13 14 15 16 17 18 19 20 21 22 23 24
-A1A1  2  2.0  2.0  2.0  2.0  2.0  2.0  2.0  2.0  2.0  2.0  2.0  2.0  2.0  2.0  2.0  2.0  2.0  2.0  2.0  2.0  2.0  2.0  2.0  0.0  0.0  0.0  0.0  0.0  0.0  0.0  0.0  0.0  0.0  0.0  0.0  0.0  0.0  0.0  0.0  0.0  0.0  0.0  0.0  0.0  0.0  0.0  0.0
-A2A2  2  2.0  2.0  2.0  2.0  2.0 -2.0 -2.0 -2.0 -2.0 -2.0 -2.0  2.0  2.0  2.0  2.0  2.0  2.0 -2.0 -2.0 -2.0 -2.0 -2.0 -2.0  0.0  0.0  0.0  0.0  0.0  0.0  0.0  0.0  0.0  0.0  0.0  0.0  0.0  0.0  0.0  0.0  0.0  0.0  0.0  0.0  0.0  0.0  0.0  0.0
-A3A3  2  2.0  2.0 -2.0 -2.0 -2.0 -2.0 -2.0 -2.0  2.0  2.0  2.0  2.0  2.0  2.0 -2.0 -2.0 -2.0 -2.0 -2.0 -2.0  2.0  2.0  2.0  0.0  0.0  0.0  0.0  0.0  0.0  0.0  0.0  0.0  0.0  0.0  0.0  0.0  0.0  0.0  0.0  0.0  0.0  0.0  0.0  0.0  0.0  0.0  0.0
-A4A4  2  2.0  2.0 -2.0 -2.0 -2.0  2.0  2.0  2.0 -2.0 -2.0 -2.0  2.0  2.0  2.0 -2.0 -2.0 -2.0  2.0  2.0  2.0 -2.0 -2.0 -2.0  0.0  0.0  0.0  0.0  0.0  0.0  0.0  0.0  0.0  0.0  0.0  0.0  0.0  0.0  0.0  0.0  0.0  0.0  0.0  0.0  0.0  0.0  0.0  0.0
-A5A5  4 -2.0 -2.0  4.0 -2.0 -2.0  0.0  0.0  0.0  0.0  0.0  0.0  4.0 -2.0 -2.0  4.0 -2.0 -2.0  0.0  0.0  0.0  0.0  0.0  0.0  0.0  0.0  0.0  0.0  0.0  0.0  0.0  0.0  0.0  0.0  0.0  0.0  0.0  0.0  0.0  0.0  0.0  0.0  0.0  0.0  0.0  0.0  0.0  0.0
-A6A6  4 -2.0 -2.0 -4.0  2.0  2.0  0.0  0.0  0.0  0.0  0.0  0.0  4.0 -2.0 -2.0 -4.0  2.0  2.0  0.0  0.0  0.0  0.0  0.0  0.0  0.0  0.0  0.0  0.0  0.0  0.0  0.0  0.0  0.0  0.0  0.0  0.0  0.0  0.0  0.0  0.0  0.0  0.0  0.0  0.0  0.0  0.0  0.0  0.0



kpoint  H : 0.333333 0.333333 0.500000 :  1 2 3 4 5 6 7 8 9 10 11 12
-H1H1  2  2.0  2.0  2.0  2.0  2.0  2.0  2.0  2.0  2.0  2.0  2.0  0.0  0.0  0.0  0.0  0.0  0.0  0.0  0.0  0.0  0.0  0.0  0.0
-H2H2  2  2.0  2.0 -2.0 -2.0 -2.0  2.0  2.0  2.0 -2.0 -2.0 -2.0  0.0  0.0  0.0  0.0  0.0  0.0  0.0  0.0  0.0  0.0  0.0  0.0
-H3H3  4 -2.0 -2.0  0.0  0.0  0.0  4.0 -2.0 -2.0  0.0  0.0  0.0  0.0  0.0  0.0  0.0  0.0  0.0  0.0  0.0  0.0  0.0  0.0  0.0



kpoint  K : 0.333333 0.333333 0.000000 :  1 2 3 4 5 6 7 8 9 10 11 12
-K1  1  1.0  1.0  1.0  1.0  1.0  1.0  1.0  1.0  1.0  1.0  1.0  1.0  1.0  1.0  1.0  1.0  1.0  1.0  1.0  1.0  1.0  1.0  1.0
-K2  1  1.0  1.0 -1.0 -1.0 -1.0  1.0  1.0  1.0 -1.0 -1.0 -1.0  1.0  1.0  1.0 -1.0 -1.0 -1.0  1.0  1.0  1.0 -1.0 -1.0 -1.0
-K3  2 -1.0 -1.0  0.0  0.0  0.0  2.0 -1.0 -1.0  0.0  0.0  0.0  0.0  0.0  0.0  2.0 -1.0 -1.0  0.0  0.0  0.0  2.0 -1.0 -1.0



kpoint  L : 0.500000 0.000000 0.500000 :  1 2 3 4 5 6 7 8
-L1L1  2  2.0  2.0  2.0  2.0  2.0  2.0  2.0  0.0  0.0  0.0  0.0  0.0  0.0  0.0  0.0
-L2L2  2  2.0 -2.0 -2.0  2.0  2.0 -2.0 -2.0  0.0  0.0  0.0  0.0  0.0  0.0  0.0  0.0
-L3L3  2 -2.0 -2.0  2.0  2.0 -2.0 -2.0  2.0  0.0  0.0  0.0  0.0  0.0  0.0  0.0  0.0
-L4L4  2 -2.0  2.0 -2.0  2.0 -2.0  2.0 -2.0  0.0  0.0  0.0  0.0  0.0  0.0  0.0  0.0



kpoint  M : 0.500000 0.000000 0.000000 :  1 2 3 4 5 6 7 8
-M1  1  1.0  1.0  1.0  1.0  1.0  1.0  1.0  1.0  1.0  1.0  1.0  1.0  1.0  1.0  1.0
-M2  1  1.0 -1.0 -1.0  1.0  1.0 -1.0 -1.0  1.0  1.0 -1.0 -1.0  1.0  1.0 -1.0 -1.0
-M3  1 -1.0 -1.0  1.0  1.0 -1.0 -1.0  1.0  1.0 -1.0 -1.0  1.0  1.0 -1.0 -1.0  1.0
-M4  1 -1.0  1.0 -1.0  1.0 -1.0  1.0 -1.0  1.0 -1.0  1.0 -1.0  1.0 -1.0  1.0 -1.0
