SG=<i>P</i><sub><i>c</i></sub>6<sub>3</sub>/<i>m</i><i>m</i><i>c</i>
 name=194.272
 spinor=False
symmetries=
      1 0 0 0 1 0 0 0 1    0 0 0                                 1.0 0.0 0.0 1.0    0.0 0.0 0.0 0.0
    0 -1 0 1 -1 0 0 0 1    0 0 0   1.0 0.0 0.0 1.0    0.3333333333333333 0.0 0.0 0.6666666666666667
    -1 1 0 -1 0 0 0 0 1    0 0 0   1.0 0.0 0.0 1.0    0.6666666666666667 0.0 0.0 0.3333333333333333
  -1 0 0 0 -1 0 0 0 1    0 0 1/2                                1.0 0.0 0.0 1.0    -0.5 0.0 0.0 0.5
   0 1 0 -1 1 0 0 0 1    0 0 1/2  1.0 0.0 0.0 1.0    0.8333333333333334 0.0 0.0 0.16666666666666669
   1 -1 0 1 0 0 0 0 1    0 0 1/2  1.0 0.0 0.0 1.0    0.16666666666666669 0.0 0.0 0.8333333333333334
     0 1 0 1 0 0 0 0 -1    0 0 0  0.0 1.0 1.0 0.0    0.0 -0.6666666666666667 0.6666666666666667 0.0
   1 -1 0 0 -1 0 0 0 -1    0 0 0                                 0.0 1.0 1.0 0.0    0.0 1.0 0.0 0.0
   -1 0 0 -1 1 0 0 0 -1    0 0 0   0.0 1.0 1.0 0.0    0.0 0.6666666666666667 0.3333333333333333 0.0
 0 -1 0 -1 0 0 0 0 -1    0 0 1/2  0.0 1.0 1.0 0.0    0.0 0.8333333333333334 0.16666666666666669 0.0
  -1 1 0 0 1 0 0 0 -1    0 0 1/2                               0.0 1.0 1.0 0.0    0.0 -0.5 -0.5 0.0
  1 0 0 1 -1 0 0 0 -1    0 0 1/2  0.0 1.0 1.0 0.0    0.0 0.16666666666666669 0.8333333333333334 0.0
   -1 0 0 0 -1 0 0 0 -1    0 0 0                                 1.0 0.0 0.0 1.0    0.0 0.0 0.0 0.0
    0 1 0 -1 1 0 0 0 -1    0 0 0   1.0 0.0 0.0 1.0    0.3333333333333333 0.0 0.0 0.6666666666666667
    1 -1 0 1 0 0 0 0 -1    0 0 0   1.0 0.0 0.0 1.0    0.6666666666666667 0.0 0.0 0.3333333333333333
   1 0 0 0 1 0 0 0 -1    0 0 1/2                                1.0 0.0 0.0 1.0    -0.5 0.0 0.0 0.5
 0 -1 0 1 -1 0 0 0 -1    0 0 1/2  1.0 0.0 0.0 1.0    0.8333333333333334 0.0 0.0 0.16666666666666669
 -1 1 0 -1 0 0 0 0 -1    0 0 1/2  1.0 0.0 0.0 1.0    0.16666666666666669 0.0 0.0 0.8333333333333334
    0 -1 0 -1 0 0 0 0 1    0 0 0  0.0 1.0 1.0 0.0    0.0 -0.6666666666666667 0.6666666666666667 0.0
     -1 1 0 0 1 0 0 0 1    0 0 0                                 0.0 1.0 1.0 0.0    0.0 1.0 0.0 0.0
     1 0 0 1 -1 0 0 0 1    0 0 0   0.0 1.0 1.0 0.0    0.0 0.6666666666666667 0.3333333333333333 0.0
    0 1 0 1 0 0 0 0 1    0 0 1/2  0.0 1.0 1.0 0.0    0.0 0.8333333333333334 0.16666666666666669 0.0
  1 -1 0 0 -1 0 0 0 1    0 0 1/2                               0.0 1.0 1.0 0.0    0.0 -0.5 -0.5 0.0
  -1 0 0 -1 1 0 0 0 1    0 0 1/2  0.0 1.0 1.0 0.0    0.0 0.16666666666666669 0.8333333333333334 0.0
    1 0 0 0 1 0 0 0 1    0 0 1/2                                 1.0 0.0 0.0 1.0    0.0 0.0 0.0 0.0
  0 -1 0 1 -1 0 0 0 1    0 0 1/2   1.0 0.0 0.0 1.0    0.3333333333333333 0.0 0.0 0.6666666666666667
  -1 1 0 -1 0 0 0 0 1    0 0 1/2   1.0 0.0 0.0 1.0    0.6666666666666667 0.0 0.0 0.3333333333333333
    -1 0 0 0 -1 0 0 0 1    0 0 0                                1.0 0.0 0.0 1.0    -0.5 0.0 0.0 0.5
     0 1 0 -1 1 0 0 0 1    0 0 0  1.0 0.0 0.0 1.0    0.8333333333333334 0.0 0.0 0.16666666666666669
     1 -1 0 1 0 0 0 0 1    0 0 0  1.0 0.0 0.0 1.0    0.16666666666666669 0.0 0.0 0.8333333333333334
   0 1 0 1 0 0 0 0 -1    0 0 1/2  0.0 1.0 1.0 0.0    0.0 -0.6666666666666667 0.6666666666666667 0.0
 1 -1 0 0 -1 0 0 0 -1    0 0 1/2                                 0.0 1.0 1.0 0.0    0.0 1.0 0.0 0.0
 -1 0 0 -1 1 0 0 0 -1    0 0 1/2   0.0 1.0 1.0 0.0    0.0 0.6666666666666667 0.3333333333333333 0.0
   0 -1 0 -1 0 0 0 0 -1    0 0 0  0.0 1.0 1.0 0.0    0.0 0.8333333333333334 0.16666666666666669 0.0
    -1 1 0 0 1 0 0 0 -1    0 0 0                               0.0 1.0 1.0 0.0    0.0 -0.5 -0.5 0.0
    1 0 0 1 -1 0 0 0 -1    0 0 0  0.0 1.0 1.0 0.0    0.0 0.16666666666666669 0.8333333333333334 0.0
 -1 0 0 0 -1 0 0 0 -1    0 0 1/2                                 1.0 0.0 0.0 1.0    0.0 0.0 0.0 0.0
  0 1 0 -1 1 0 0 0 -1    0 0 1/2   1.0 0.0 0.0 1.0    0.3333333333333333 0.0 0.0 0.6666666666666667
  1 -1 0 1 0 0 0 0 -1    0 0 1/2   1.0 0.0 0.0 1.0    0.6666666666666667 0.0 0.0 0.3333333333333333
     1 0 0 0 1 0 0 0 -1    0 0 0                                1.0 0.0 0.0 1.0    -0.5 0.0 0.0 0.5
   0 -1 0 1 -1 0 0 0 -1    0 0 0  1.0 0.0 0.0 1.0    0.8333333333333334 0.0 0.0 0.16666666666666669
   -1 1 0 -1 0 0 0 0 -1    0 0 0  1.0 0.0 0.0 1.0    0.16666666666666669 0.0 0.0 0.8333333333333334
  0 -1 0 -1 0 0 0 0 1    0 0 1/2  0.0 1.0 1.0 0.0    0.0 -0.6666666666666667 0.6666666666666667 0.0
   -1 1 0 0 1 0 0 0 1    0 0 1/2                                 0.0 1.0 1.0 0.0    0.0 1.0 0.0 0.0
   1 0 0 1 -1 0 0 0 1    0 0 1/2   0.0 1.0 1.0 0.0    0.0 0.6666666666666667 0.3333333333333333 0.0
      0 1 0 1 0 0 0 0 1    0 0 0  0.0 1.0 1.0 0.0    0.0 0.8333333333333334 0.16666666666666669 0.0
    1 -1 0 0 -1 0 0 0 1    0 0 0                               0.0 1.0 1.0 0.0    0.0 -0.5 -0.5 0.0
    -1 0 0 -1 1 0 0 0 1    0 0 0  0.0 1.0 1.0 0.0    0.0 0.16666666666666669 0.8333333333333334 0.0


kpoint  GM : 0.000000 0.000000 0.000000 :  1 2 3 4 5 6 7 8 9 10 11 12 13 14 15 16 17 18 19 20 21 22 23 24 25 26 27 28 29 30 31 32 33 34 35 36 37 38 39 40 41 42 43 44 45 46 47 48
-GM1+  1  1.0  1.0  1.0  1.000000  1.000000  1.0  1.0  1.0  1.0  1.0  1.0  1.0  1.0  1.0  1.0  1.000000  1.000000  1.0  1.0  1.0  1.0  1.0  1.0  1.0  1.0  1.0  1.0  1.000000  1.000000  1.0  1.0  1.0  1.0  1.0  1.0  1.0  1.0  1.0  1.0  1.000000  1.000000  1.0  1.0  1.0  1.0  1.0  1.0  1.0  1.0  1.0  1.0  1.0  1.0  1.0  1.0  1.0  1.0  1.000000  1.000000  1.0  1.0  1.0  1.0  1.0  1.0  1.0  1.0  1.0  1.0  1.000000  1.000000  1.0  1.0  1.0  1.0  1.0  1.0  1.0  1.0  1.0  1.0  1.000000  1.000000  1.0  1.0  1.0  1.0  1.0  1.0  1.0  1.0  1.0  1.0  1.000000  1.000000
-GM1-  1  1.0  1.0  1.0  1.000000  1.000000  1.0  1.0  1.0  1.0  1.0  1.0 -1.0 -1.0 -1.0 -1.0 -1.000000 -1.000000 -1.0 -1.0 -1.0 -1.0 -1.0 -1.0  1.0  1.0  1.0  1.0  1.000000  1.000000  1.0  1.0  1.0  1.0  1.0  1.0 -1.0 -1.0 -1.0 -1.0 -1.000000 -1.000000 -1.0 -1.0 -1.0 -1.0 -1.0 -1.0 -1.0 -1.0 -1.0 -1.0 -1.0 -1.0 -1.0 -1.0 -1.0 -1.0 -1.000000 -1.000000  1.0  1.0  1.0  1.0  1.0  1.0  1.0  1.0  1.0  1.0  1.000000  1.000000 -1.0 -1.0 -1.0 -1.0 -1.0 -1.0 -1.0 -1.0 -1.0 -1.0 -1.000000 -1.000000  1.0  1.0  1.0  1.0  1.0  1.0  1.0  1.0  1.0  1.0  1.000000  1.000000
-GM10  2 -2.0 -2.0  0.0  0.000000  0.000000  0.0  0.0  0.0  0.0  0.0  0.0 -2.0  2.0  2.0  0.0  0.000000  0.000000  0.0  0.0  0.0  0.0  0.0  0.0 -2.0  2.0  2.0  0.0  0.000000  0.000000  0.0  0.0  0.0  0.0  0.0  0.0  2.0 -2.0 -2.0  0.0  0.000000  0.000000  0.0  0.0  0.0  0.0  0.0  0.0  0.0  0.0  0.0  0.0  0.0  0.0 -2.0  2.0 -2.0  0.0  0.000000  0.000000  0.0  0.0  0.0  0.0  0.0  0.0  2.0 -2.0  2.0  0.0  0.000000  0.000000  0.0  0.0  0.0  0.0  0.0  0.0  2.0 -2.0  2.0  0.0  0.000000  0.000000  0.0  0.0  0.0  0.0  0.0  0.0 -2.0  2.0 -2.0  0.0  0.000000  0.000000
-GM11  2  1.0  1.0  0.0 -1.732051 -1.732051  0.0  0.0  0.0  0.0  0.0  0.0 -2.0 -1.0 -1.0  0.0  1.732051  1.732051  0.0  0.0  0.0  0.0  0.0  0.0 -2.0 -1.0 -1.0  0.0  1.732051  1.732051  0.0  0.0  0.0  0.0  0.0  0.0  2.0  1.0  1.0  0.0 -1.732051 -1.732051  0.0  0.0  0.0  0.0  0.0  0.0  0.0  0.0  0.0  0.0  0.0  0.0 -2.0 -1.0  1.0  0.0  1.732051 -1.732051  0.0  0.0  0.0  0.0  0.0  0.0  2.0  1.0 -1.0  0.0 -1.732051  1.732051  0.0  0.0  0.0  0.0  0.0  0.0  2.0  1.0 -1.0  0.0 -1.732051  1.732051  0.0  0.0  0.0  0.0  0.0  0.0 -2.0 -1.0  1.0  0.0  1.732051 -1.732051
-GM12  2  1.0  1.0  0.0  1.732051  1.732051  0.0  0.0  0.0  0.0  0.0  0.0 -2.0 -1.0 -1.0  0.0 -1.732051 -1.732051  0.0  0.0  0.0  0.0  0.0  0.0 -2.0 -1.0 -1.0  0.0 -1.732051 -1.732051  0.0  0.0  0.0  0.0  0.0  0.0  2.0  1.0  1.0  0.0  1.732051  1.732051  0.0  0.0  0.0  0.0  0.0  0.0  0.0  0.0  0.0  0.0  0.0  0.0 -2.0 -1.0  1.0  0.0 -1.732051  1.732051  0.0  0.0  0.0  0.0  0.0  0.0  2.0  1.0 -1.0  0.0  1.732051 -1.732051  0.0  0.0  0.0  0.0  0.0  0.0  2.0  1.0 -1.0  0.0  1.732051 -1.732051  0.0  0.0  0.0  0.0  0.0  0.0 -2.0 -1.0  1.0  0.0 -1.732051  1.732051
-GM2+  1  1.0  1.0  1.0  1.000000  1.000000 -1.0 -1.0 -1.0 -1.0 -1.0 -1.0  1.0  1.0  1.0  1.0  1.000000  1.000000 -1.0 -1.0 -1.0 -1.0 -1.0 -1.0  1.0  1.0  1.0  1.0  1.000000  1.000000 -1.0 -1.0 -1.0 -1.0 -1.0 -1.0  1.0  1.0  1.0  1.0  1.000000  1.000000 -1.0 -1.0 -1.0 -1.0 -1.0 -1.0  1.0  1.0  1.0  1.0  1.0  1.0 -1.0 -1.0 -1.0 -1.0 -1.000000 -1.000000  1.0  1.0  1.0  1.0  1.0  1.0 -1.0 -1.0 -1.0 -1.0 -1.000000 -1.000000  1.0  1.0  1.0  1.0  1.0  1.0 -1.0 -1.0 -1.0 -1.0 -1.000000 -1.000000  1.0  1.0  1.0  1.0  1.0  1.0 -1.0 -1.0 -1.0 -1.0 -1.000000 -1.000000
-GM2-  1  1.0  1.0  1.0  1.000000  1.000000 -1.0 -1.0 -1.0 -1.0 -1.0 -1.0 -1.0 -1.0 -1.0 -1.0 -1.000000 -1.000000  1.0  1.0  1.0  1.0  1.0  1.0  1.0  1.0  1.0  1.0  1.000000  1.000000 -1.0 -1.0 -1.0 -1.0 -1.0 -1.0 -1.0 -1.0 -1.0 -1.0 -1.000000 -1.000000  1.0  1.0  1.0  1.0  1.0  1.0 -1.0 -1.0 -1.0 -1.0 -1.0 -1.0  1.0  1.0  1.0  1.0  1.000000  1.000000  1.0  1.0  1.0  1.0  1.0  1.0 -1.0 -1.0 -1.0 -1.0 -1.000000 -1.000000 -1.0 -1.0 -1.0 -1.0 -1.0 -1.0  1.0  1.0  1.0  1.0  1.000000  1.000000  1.0  1.0  1.0  1.0  1.0  1.0 -1.0 -1.0 -1.0 -1.0 -1.000000 -1.000000
-GM3+  1  1.0  1.0 -1.0 -1.000000 -1.000000  1.0  1.0  1.0 -1.0 -1.0 -1.0  1.0  1.0  1.0 -1.0 -1.000000 -1.000000  1.0  1.0  1.0 -1.0 -1.0 -1.0  1.0  1.0  1.0 -1.0 -1.000000 -1.000000  1.0  1.0  1.0 -1.0 -1.0 -1.0  1.0  1.0  1.0 -1.0 -1.000000 -1.000000  1.0  1.0  1.0 -1.0 -1.0 -1.0  1.0  1.0  1.0 -1.0 -1.0 -1.0  1.0  1.0  1.0 -1.0 -1.000000 -1.000000  1.0  1.0  1.0 -1.0 -1.0 -1.0  1.0  1.0  1.0 -1.0 -1.000000 -1.000000  1.0  1.0  1.0 -1.0 -1.0 -1.0  1.0  1.0  1.0 -1.0 -1.000000 -1.000000  1.0  1.0  1.0 -1.0 -1.0 -1.0  1.0  1.0  1.0 -1.0 -1.000000 -1.000000
-GM3-  1  1.0  1.0 -1.0 -1.000000 -1.000000  1.0  1.0  1.0 -1.0 -1.0 -1.0 -1.0 -1.0 -1.0  1.0  1.000000  1.000000 -1.0 -1.0 -1.0  1.0  1.0  1.0  1.0  1.0  1.0 -1.0 -1.000000 -1.000000  1.0  1.0  1.0 -1.0 -1.0 -1.0 -1.0 -1.0 -1.0  1.0  1.000000  1.000000 -1.0 -1.0 -1.0  1.0  1.0  1.0 -1.0 -1.0 -1.0  1.0  1.0  1.0 -1.0 -1.0 -1.0  1.0  1.000000  1.000000  1.0  1.0  1.0 -1.0 -1.0 -1.0  1.0  1.0  1.0 -1.0 -1.000000 -1.000000 -1.0 -1.0 -1.0  1.0  1.0  1.0 -1.0 -1.0 -1.0  1.0  1.000000  1.000000  1.0  1.0  1.0 -1.0 -1.0 -1.0  1.0  1.0  1.0 -1.0 -1.000000 -1.000000
-GM4+  1  1.0  1.0 -1.0 -1.000000 -1.000000 -1.0 -1.0 -1.0  1.0  1.0  1.0  1.0  1.0  1.0 -1.0 -1.000000 -1.000000 -1.0 -1.0 -1.0  1.0  1.0  1.0  1.0  1.0  1.0 -1.0 -1.000000 -1.000000 -1.0 -1.0 -1.0  1.0  1.0  1.0  1.0  1.0  1.0 -1.0 -1.000000 -1.000000 -1.0 -1.0 -1.0  1.0  1.0  1.0  1.0  1.0  1.0 -1.0 -1.0 -1.0 -1.0 -1.0 -1.0  1.0  1.000000  1.000000  1.0  1.0  1.0 -1.0 -1.0 -1.0 -1.0 -1.0 -1.0  1.0  1.000000  1.000000  1.0  1.0  1.0 -1.0 -1.0 -1.0 -1.0 -1.0 -1.0  1.0  1.000000  1.000000  1.0  1.0  1.0 -1.0 -1.0 -1.0 -1.0 -1.0 -1.0  1.0  1.000000  1.000000
-GM4-  1  1.0  1.0 -1.0 -1.000000 -1.000000 -1.0 -1.0 -1.0  1.0  1.0  1.0 -1.0 -1.0 -1.0  1.0  1.000000  1.000000  1.0  1.0  1.0 -1.0 -1.0 -1.0  1.0  1.0  1.0 -1.0 -1.000000 -1.000000 -1.0 -1.0 -1.0  1.0  1.0  1.0 -1.0 -1.0 -1.0  1.0  1.000000  1.000000  1.0  1.0  1.0 -1.0 -1.0 -1.0 -1.0 -1.0 -1.0  1.0  1.0  1.0  1.0  1.0  1.0 -1.0 -1.000000 -1.000000  1.0  1.0  1.0 -1.0 -1.0 -1.0 -1.0 -1.0 -1.0  1.0  1.000000  1.000000 -1.0 -1.0 -1.0  1.0  1.0  1.0  1.0  1.0  1.0 -1.0 -1.000000 -1.000000  1.0  1.0  1.0 -1.0 -1.0 -1.0 -1.0 -1.0 -1.0  1.0  1.000000  1.000000
-GM5+  2 -1.0 -1.0  2.0 -1.000000 -1.000000  0.0  0.0  0.0  0.0  0.0  0.0  2.0 -1.0 -1.0  2.0 -1.000000 -1.000000  0.0  0.0  0.0  0.0  0.0  0.0  2.0 -1.0 -1.0  2.0 -1.000000 -1.000000  0.0  0.0  0.0  0.0  0.0  0.0  2.0 -1.0 -1.0  2.0 -1.000000 -1.000000  0.0  0.0  0.0  0.0  0.0  0.0  0.0  0.0  0.0  0.0  0.0  0.0  0.0  0.0  0.0  0.0  0.000000  0.000000  0.0  0.0  0.0  0.0  0.0  0.0  0.0  0.0  0.0  0.0  0.000000  0.000000  0.0  0.0  0.0  0.0  0.0  0.0  0.0  0.0  0.0  0.0  0.000000  0.000000  0.0  0.0  0.0  0.0  0.0  0.0  0.0  0.0  0.0  0.0  0.000000  0.000000
-GM5-  2 -1.0 -1.0  2.0 -1.000000 -1.000000  0.0  0.0  0.0  0.0  0.0  0.0 -2.0  1.0  1.0 -2.0  1.000000  1.000000  0.0  0.0  0.0  0.0  0.0  0.0  2.0 -1.0 -1.0  2.0 -1.000000 -1.000000  0.0  0.0  0.0  0.0  0.0  0.0 -2.0  1.0  1.0 -2.0  1.000000  1.000000  0.0  0.0  0.0  0.0  0.0  0.0  0.0  0.0  0.0  0.0  0.0  0.0  0.0  0.0  0.0  0.0  0.000000  0.000000  0.0  0.0  0.0  0.0  0.0  0.0  0.0  0.0  0.0  0.0  0.000000  0.000000  0.0  0.0  0.0  0.0  0.0  0.0  0.0  0.0  0.0  0.0  0.000000  0.000000  0.0  0.0  0.0  0.0  0.0  0.0  0.0  0.0  0.0  0.0  0.000000  0.000000
-GM6+  2 -1.0 -1.0 -2.0  1.000000  1.000000  0.0  0.0  0.0  0.0  0.0  0.0  2.0 -1.0 -1.0 -2.0  1.000000  1.000000  0.0  0.0  0.0  0.0  0.0  0.0  2.0 -1.0 -1.0 -2.0  1.000000  1.000000  0.0  0.0  0.0  0.0  0.0  0.0  2.0 -1.0 -1.0 -2.0  1.000000  1.000000  0.0  0.0  0.0  0.0  0.0  0.0  0.0  0.0  0.0  0.0  0.0  0.0  0.0  0.0  0.0  0.0  0.000000  0.000000  0.0  0.0  0.0  0.0  0.0  0.0  0.0  0.0  0.0  0.0  0.000000  0.000000  0.0  0.0  0.0  0.0  0.0  0.0  0.0  0.0  0.0  0.0  0.000000  0.000000  0.0  0.0  0.0  0.0  0.0  0.0  0.0  0.0  0.0  0.0  0.000000  0.000000
-GM6-  2 -1.0 -1.0 -2.0  1.000000  1.000000  0.0  0.0  0.0  0.0  0.0  0.0 -2.0  1.0  1.0  2.0 -1.000000 -1.000000  0.0  0.0  0.0  0.0  0.0  0.0  2.0 -1.0 -1.0 -2.0  1.000000  1.000000  0.0  0.0  0.0  0.0  0.0  0.0 -2.0  1.0  1.0  2.0 -1.000000 -1.000000  0.0  0.0  0.0  0.0  0.0  0.0  0.0  0.0  0.0  0.0  0.0  0.0  0.0  0.0  0.0  0.0  0.000000  0.000000  0.0  0.0  0.0  0.0  0.0  0.0  0.0  0.0  0.0  0.0  0.000000  0.000000  0.0  0.0  0.0  0.0  0.0  0.0  0.0  0.0  0.0  0.0  0.000000  0.000000  0.0  0.0  0.0  0.0  0.0  0.0  0.0  0.0  0.0  0.0  0.000000  0.000000



kpoint  A : 0.000000 0.000000 0.500000 :  1 2 3 4 5 6 7 8 9 10 11 12 13 14 15 16 17 18 19 20 21 22 23 24 25 26 27 28 29 30 31 32 33 34 35 36 37 38 39 40 41 42 43 44 45 46 47 48
-A1  2  2.0  2.0  0.0  0.0  0.0  0.0  0.0  0.0  0.0  0.0  0.0  0.0  0.0  0.0  0.0  0.0  0.0  2.0  2.0  2.0  0.0  0.0  0.0  2.0  2.0  2.0  0.0  0.0  0.0  0.0  0.0  0.0  0.0  0.0  0.0  0.0  0.0  0.0  0.0  0.0  0.0  2.0  2.0  2.0  0.0  0.0  0.0  0.0  0.0  0.0  0.0  0.0  0.0  0.0  0.0  0.0  0.0  0.0  0.0  0.0  0.0  0.0  0.0  0.0  0.0  0.0  0.0  0.0  0.0  0.0  0.0  0.0  0.0  0.0  0.0  0.0  0.0  0.0  0.0  0.0  0.0  0.0  0.0  0.0  0.0  0.0  0.0  0.0  0.0  0.0  0.0  0.0  0.0  0.0  0.0
-A2  2  2.0  2.0  0.0  0.0  0.0  0.0  0.0  0.0  0.0  0.0  0.0  0.0  0.0  0.0  0.0  0.0  0.0 -2.0 -2.0 -2.0  0.0  0.0  0.0  2.0  2.0  2.0  0.0  0.0  0.0  0.0  0.0  0.0  0.0  0.0  0.0  0.0  0.0  0.0  0.0  0.0  0.0 -2.0 -2.0 -2.0  0.0  0.0  0.0  0.0  0.0  0.0  0.0  0.0  0.0  0.0  0.0  0.0  0.0  0.0  0.0  0.0  0.0  0.0  0.0  0.0  0.0  0.0  0.0  0.0  0.0  0.0  0.0  0.0  0.0  0.0  0.0  0.0  0.0  0.0  0.0  0.0  0.0  0.0  0.0  0.0  0.0  0.0  0.0  0.0  0.0  0.0  0.0  0.0  0.0  0.0  0.0
-A3  4 -2.0 -2.0  0.0  0.0  0.0  0.0  0.0  0.0  0.0  0.0  0.0  0.0  0.0  0.0  0.0  0.0  0.0  0.0  0.0  0.0  0.0  0.0  0.0  4.0 -2.0 -2.0  0.0  0.0  0.0  0.0  0.0  0.0  0.0  0.0  0.0  0.0  0.0  0.0  0.0  0.0  0.0  0.0  0.0  0.0  0.0  0.0  0.0  0.0  0.0  0.0  0.0  0.0  0.0  0.0  0.0  0.0  0.0  0.0  0.0  0.0  0.0  0.0  0.0  0.0  0.0  0.0  0.0  0.0 -4.0  2.0  2.0  0.0  0.0  0.0  0.0  0.0  0.0  0.0  0.0  0.0  0.0  0.0  0.0  0.0  0.0  0.0  0.0  0.0  0.0  0.0  0.0  0.0 -4.0  2.0  2.0



kpoint  H : 0.333333 0.333333 0.500000 :  1 2 3 4 5 6 7 8 9 10 11 12 13 14 15 16 17 18 19 20 21 22 23 24
-H1H2  4 -2.0 -2.0  0.0  0.0  0.0  0.0  0.0  0.0  0.0  0.0  0.0  4.0 -2.0 -2.0  0.0  0.0  0.0  0.0  0.0  0.0  0.0  0.0  0.0  0.0  0.0  0.0  0.0  0.0  0.0  0.0  0.0  0.0  0.0  0.0  0.0  0.0  0.0  0.0  0.0  0.0  0.0  0.0  0.0  0.0  0.0  0.0  0.0
-H3    2  2.0  2.0  0.0  0.0  0.0  0.0  0.0  0.0  0.0  0.0  0.0  2.0  2.0  2.0  0.0  0.0  0.0  0.0  0.0  0.0  0.0  0.0  0.0  2.0  2.0  2.0  0.0  0.0  0.0  0.0  0.0  0.0  0.0  0.0  0.0  2.0  2.0  2.0  0.0  0.0  0.0  0.0  0.0  0.0  0.0  0.0  0.0



kpoint  K : 0.333333 0.333333 0.000000 :  1 2 3 4 5 6 7 8 9 10 11 12 13 14 15 16 17 18 19 20 21 22 23 24
-K1  1  1.0  1.0  1.0  1.0  1.0  1.0  1.0  1.0  1.0  1.0  1.0  1.0  1.0  1.0  1.0  1.0  1.0  1.0  1.0  1.0  1.0  1.0  1.0  1.0  1.0  1.0  1.0  1.0  1.0  1.0  1.0  1.0  1.0  1.0  1.0  1.0  1.0  1.0  1.0  1.0  1.0  1.0  1.0  1.0  1.0  1.0  1.0
-K2  1  1.0  1.0  1.0  1.0  1.0 -1.0 -1.0 -1.0 -1.0 -1.0 -1.0  1.0  1.0  1.0  1.0  1.0  1.0 -1.0 -1.0 -1.0 -1.0 -1.0 -1.0 -1.0 -1.0 -1.0 -1.0 -1.0 -1.0  1.0  1.0  1.0  1.0  1.0  1.0 -1.0 -1.0 -1.0 -1.0 -1.0 -1.0  1.0  1.0  1.0  1.0  1.0  1.0
-K3  1  1.0  1.0 -1.0 -1.0 -1.0 -1.0 -1.0 -1.0  1.0  1.0  1.0  1.0  1.0  1.0 -1.0 -1.0 -1.0 -1.0 -1.0 -1.0  1.0  1.0  1.0 -1.0 -1.0 -1.0  1.0  1.0  1.0  1.0  1.0  1.0 -1.0 -1.0 -1.0 -1.0 -1.0 -1.0  1.0  1.0  1.0  1.0  1.0  1.0 -1.0 -1.0 -1.0
-K4  1  1.0  1.0 -1.0 -1.0 -1.0  1.0  1.0  1.0 -1.0 -1.0 -1.0  1.0  1.0  1.0 -1.0 -1.0 -1.0  1.0  1.0  1.0 -1.0 -1.0 -1.0  1.0  1.0  1.0 -1.0 -1.0 -1.0  1.0  1.0  1.0 -1.0 -1.0 -1.0  1.0  1.0  1.0 -1.0 -1.0 -1.0  1.0  1.0  1.0 -1.0 -1.0 -1.0
-K5  2 -1.0 -1.0  0.0  0.0  0.0  2.0 -1.0 -1.0  0.0  0.0  0.0  2.0 -1.0 -1.0  0.0  0.0  0.0  2.0 -1.0 -1.0  0.0  0.0  0.0  0.0  0.0  0.0  2.0 -1.0 -1.0  0.0  0.0  0.0  2.0 -1.0 -1.0  0.0  0.0  0.0  2.0 -1.0 -1.0  0.0  0.0  0.0  2.0 -1.0 -1.0
-K6  2 -1.0 -1.0  0.0  0.0  0.0 -2.0  1.0  1.0  0.0  0.0  0.0  2.0 -1.0 -1.0  0.0  0.0  0.0 -2.0  1.0  1.0  0.0  0.0  0.0  0.0  0.0  0.0 -2.0  1.0  1.0  0.0  0.0  0.0  2.0 -1.0 -1.0  0.0  0.0  0.0 -2.0  1.0  1.0  0.0  0.0  0.0  2.0 -1.0 -1.0



kpoint  L : 0.500000 0.000000 0.500000 :  1 2 3 4 5 6 7 8 9 10 11 12 13 14 15 16
-L1  2  0.0  0.0  0.0  0.0  0.0  2.0  0.0  2.0  0.0  0.0  0.0  0.0  0.0  2.0  0.0  0.0  0.0  0.0  0.0  0.0  0.0  0.0  0.0  0.0  0.0  0.0  0.0  0.0  0.0  0.0  0.0
-L2  2  0.0  0.0  0.0  0.0  0.0 -2.0  0.0  2.0  0.0  0.0  0.0  0.0  0.0 -2.0  0.0  0.0  0.0  0.0  0.0  0.0  0.0  0.0  0.0  0.0  0.0  0.0  0.0  0.0  0.0  0.0  0.0



kpoint  M : 0.500000 0.000000 0.000000 :  1 2 3 4 5 6 7 8 9 10 11 12 13 14 15 16
-M1+  1  1.0  1.0  1.0  1.0  1.0  1.0  1.0  1.0  1.0  1.0  1.0  1.0  1.0  1.0  1.0  1.0  1.0  1.0  1.0  1.0  1.0  1.0  1.0  1.0  1.0  1.0  1.0  1.0  1.0  1.0  1.0
-M1-  1  1.0  1.0  1.0 -1.0 -1.0 -1.0 -1.0  1.0  1.0  1.0  1.0 -1.0 -1.0 -1.0 -1.0 -1.0 -1.0 -1.0 -1.0  1.0  1.0  1.0  1.0 -1.0 -1.0 -1.0 -1.0  1.0  1.0  1.0  1.0
-M2+  1  1.0 -1.0 -1.0  1.0  1.0 -1.0 -1.0  1.0  1.0 -1.0 -1.0  1.0  1.0 -1.0 -1.0  1.0  1.0 -1.0 -1.0  1.0  1.0 -1.0 -1.0  1.0  1.0 -1.0 -1.0  1.0  1.0 -1.0 -1.0
-M2-  1  1.0 -1.0 -1.0 -1.0 -1.0  1.0  1.0  1.0  1.0 -1.0 -1.0 -1.0 -1.0  1.0  1.0 -1.0 -1.0  1.0  1.0  1.0  1.0 -1.0 -1.0 -1.0 -1.0  1.0  1.0  1.0  1.0 -1.0 -1.0
-M3+  1 -1.0  1.0 -1.0  1.0 -1.0  1.0 -1.0  1.0 -1.0  1.0 -1.0  1.0 -1.0  1.0 -1.0  1.0 -1.0  1.0 -1.0  1.0 -1.0  1.0 -1.0  1.0 -1.0  1.0 -1.0  1.0 -1.0  1.0 -1.0
-M3-  1 -1.0  1.0 -1.0 -1.0  1.0 -1.0  1.0  1.0 -1.0  1.0 -1.0 -1.0  1.0 -1.0  1.0 -1.0  1.0 -1.0  1.0  1.0 -1.0  1.0 -1.0 -1.0  1.0 -1.0  1.0  1.0 -1.0  1.0 -1.0
-M4+  1 -1.0 -1.0  1.0  1.0 -1.0 -1.0  1.0  1.0 -1.0 -1.0  1.0  1.0 -1.0 -1.0  1.0  1.0 -1.0 -1.0  1.0  1.0 -1.0 -1.0  1.0  1.0 -1.0 -1.0  1.0  1.0 -1.0 -1.0  1.0
-M4-  1 -1.0 -1.0  1.0 -1.0  1.0  1.0 -1.0  1.0 -1.0 -1.0  1.0 -1.0  1.0  1.0 -1.0 -1.0  1.0  1.0 -1.0  1.0 -1.0 -1.0  1.0 -1.0  1.0  1.0 -1.0  1.0 -1.0 -1.0  1.0
-M6   2  0.0  0.0  0.0 -2.0  0.0  0.0  0.0 -2.0  0.0  0.0  0.0  2.0  0.0  0.0  0.0  0.0 -2.0  0.0  0.0  0.0  2.0  0.0  0.0  0.0  2.0  0.0  0.0  0.0 -2.0  0.0  0.0
