SG=<i>P</i>-3<i>m</i>11'
 name=164.86
 spinor=False
symmetries=
    1 0 0 0 1 0 0 0 1    0 0 0                                 1.0 0.0 0.0 1.0    0.0 0.0 0.0 0.0
  0 -1 0 1 -1 0 0 0 1    0 0 0   1.0 0.0 0.0 1.0    0.3333333333333333 0.0 0.0 0.6666666666666667
  -1 1 0 -1 0 0 0 0 1    0 0 0   1.0 0.0 0.0 1.0    0.6666666666666667 0.0 0.0 0.3333333333333333
   0 1 0 1 0 0 0 0 -1    0 0 0  0.0 1.0 1.0 0.0    0.0 -0.6666666666666667 0.6666666666666667 0.0
 1 -1 0 0 -1 0 0 0 -1    0 0 0                                 0.0 1.0 1.0 0.0    0.0 1.0 0.0 0.0
 -1 0 0 -1 1 0 0 0 -1    0 0 0   0.0 1.0 1.0 0.0    0.0 0.6666666666666667 0.3333333333333333 0.0
 -1 0 0 0 -1 0 0 0 -1    0 0 0                                 1.0 0.0 0.0 1.0    0.0 0.0 0.0 0.0
  0 1 0 -1 1 0 0 0 -1    0 0 0   1.0 0.0 0.0 1.0    0.3333333333333333 0.0 0.0 0.6666666666666667
  1 -1 0 1 0 0 0 0 -1    0 0 0   1.0 0.0 0.0 1.0    0.6666666666666667 0.0 0.0 0.3333333333333333
  0 -1 0 -1 0 0 0 0 1    0 0 0  0.0 1.0 1.0 0.0    0.0 -0.6666666666666667 0.6666666666666667 0.0
   -1 1 0 0 1 0 0 0 1    0 0 0                                 0.0 1.0 1.0 0.0    0.0 1.0 0.0 0.0
   1 0 0 1 -1 0 0 0 1    0 0 0   0.0 1.0 1.0 0.0    0.0 0.6666666666666667 0.3333333333333333 0.0
    1 0 0 0 1 0 0 0 1    0 0 0                                 1.0 0.0 0.0 1.0    0.0 0.0 0.0 0.0
  0 -1 0 1 -1 0 0 0 1    0 0 0   1.0 0.0 0.0 1.0    0.3333333333333333 0.0 0.0 0.6666666666666667
  -1 1 0 -1 0 0 0 0 1    0 0 0   1.0 0.0 0.0 1.0    0.6666666666666667 0.0 0.0 0.3333333333333333
   0 1 0 1 0 0 0 0 -1    0 0 0  0.0 1.0 1.0 0.0    0.0 -0.6666666666666667 0.6666666666666667 0.0
 1 -1 0 0 -1 0 0 0 -1    0 0 0                                 0.0 1.0 1.0 0.0    0.0 1.0 0.0 0.0
 -1 0 0 -1 1 0 0 0 -1    0 0 0   0.0 1.0 1.0 0.0    0.0 0.6666666666666667 0.3333333333333333 0.0
 -1 0 0 0 -1 0 0 0 -1    0 0 0                                 1.0 0.0 0.0 1.0    0.0 0.0 0.0 0.0
  0 1 0 -1 1 0 0 0 -1    0 0 0   1.0 0.0 0.0 1.0    0.3333333333333333 0.0 0.0 0.6666666666666667
  1 -1 0 1 0 0 0 0 -1    0 0 0   1.0 0.0 0.0 1.0    0.6666666666666667 0.0 0.0 0.3333333333333333
  0 -1 0 -1 0 0 0 0 1    0 0 0  0.0 1.0 1.0 0.0    0.0 -0.6666666666666667 0.6666666666666667 0.0
   -1 1 0 0 1 0 0 0 1    0 0 0                                 0.0 1.0 1.0 0.0    0.0 1.0 0.0 0.0
   1 0 0 1 -1 0 0 0 1    0 0 0   0.0 1.0 1.0 0.0    0.0 0.6666666666666667 0.3333333333333333 0.0


kpoint  GM : 0.000000 0.000000 0.000000 :  1 2 3 4 5 6 7 8 9 10 11 12 13 14 15 16 17 18 19 20 21 22 23 24
-GM1+    1  1.0  1.0  1.0  1.0  1.0  1.0  1.0  1.0  1.0  1.0  1.0  1.0  1.0  1.0  1.0  1.0  1.0  1.0  1.0  1.0  1.0  1.0  1.0  1.0  1.0  1.0  1.0  1.0  1.0  1.0  1.0  1.0  1.0  1.0  1.0  1.0  1.0  1.0  1.0  1.0  1.0  1.0  1.0  1.0  1.0  1.0  1.0
-GM1-    1  1.0  1.0  1.0  1.0  1.0 -1.0 -1.0 -1.0 -1.0 -1.0 -1.0  1.0  1.0  1.0  1.0  1.0  1.0 -1.0 -1.0 -1.0 -1.0 -1.0 -1.0 -1.0 -1.0 -1.0 -1.0 -1.0 -1.0  1.0  1.0  1.0  1.0  1.0  1.0 -1.0 -1.0 -1.0 -1.0 -1.0 -1.0  1.0  1.0  1.0  1.0  1.0  1.0
-GM2+    1  1.0  1.0 -1.0 -1.0 -1.0  1.0  1.0  1.0 -1.0 -1.0 -1.0  1.0  1.0  1.0 -1.0 -1.0 -1.0  1.0  1.0  1.0 -1.0 -1.0 -1.0  1.0  1.0  1.0 -1.0 -1.0 -1.0  1.0  1.0  1.0 -1.0 -1.0 -1.0  1.0  1.0  1.0 -1.0 -1.0 -1.0  1.0  1.0  1.0 -1.0 -1.0 -1.0
-GM2-    1  1.0  1.0 -1.0 -1.0 -1.0 -1.0 -1.0 -1.0  1.0  1.0  1.0  1.0  1.0  1.0 -1.0 -1.0 -1.0 -1.0 -1.0 -1.0  1.0  1.0  1.0 -1.0 -1.0 -1.0  1.0  1.0  1.0  1.0  1.0  1.0 -1.0 -1.0 -1.0 -1.0 -1.0 -1.0  1.0  1.0  1.0  1.0  1.0  1.0 -1.0 -1.0 -1.0
-GM3+    2 -1.0 -1.0  0.0  0.0  0.0  2.0 -1.0 -1.0  0.0  0.0  0.0  2.0 -1.0 -1.0  0.0  0.0  0.0  2.0 -1.0 -1.0  0.0  0.0  0.0  0.0  0.0  0.0  0.0  0.0  0.0  0.0  0.0  0.0  0.0  0.0  0.0  0.0  0.0  0.0  0.0  0.0  0.0  0.0  0.0  0.0  0.0  0.0  0.0
-GM3-    2 -1.0 -1.0  0.0  0.0  0.0 -2.0  1.0  1.0  0.0  0.0  0.0  2.0 -1.0 -1.0  0.0  0.0  0.0 -2.0  1.0  1.0  0.0  0.0  0.0  0.0  0.0  0.0  0.0  0.0  0.0  0.0  0.0  0.0  0.0  0.0  0.0  0.0  0.0  0.0  0.0  0.0  0.0  0.0  0.0  0.0  0.0  0.0  0.0
-GM6GM7  2 -2.0 -2.0  0.0  0.0  0.0 -2.0  2.0  2.0  0.0  0.0  0.0 -2.0  2.0  2.0  0.0  0.0  0.0  2.0 -2.0 -2.0  0.0  0.0  0.0  0.0  0.0  0.0  0.0  0.0  0.0  0.0  0.0  0.0  0.0  0.0  0.0  0.0  0.0  0.0  0.0  0.0  0.0  0.0  0.0  0.0  0.0  0.0  0.0
-GM9     2  1.0  1.0  0.0  0.0  0.0 -2.0 -1.0 -1.0  0.0  0.0  0.0 -2.0 -1.0 -1.0  0.0  0.0  0.0  2.0  1.0  1.0  0.0  0.0  0.0  0.0  0.0  0.0 -2.0 -1.0  1.0  0.0  0.0  0.0  2.0  1.0 -1.0  0.0  0.0  0.0  2.0  1.0 -1.0  0.0  0.0  0.0 -2.0 -1.0  1.0



kpoint  A : 0.000000 0.000000 0.500000 :  1 2 3 4 5 6 7 8 9 10 11 12 13 14 15 16 17 18 19 20 21 22 23 24
-A1+   1  1.0  1.0  1.0  1.0  1.0  1.0  1.0  1.0  1.0  1.0  1.0  1.0  1.0  1.0  1.0  1.0  1.0  1.0  1.0  1.0  1.0  1.0  1.0  1.0  1.0  1.0  1.0  1.0  1.0  1.0  1.0  1.0  1.0  1.0  1.0  1.0  1.0  1.0  1.0  1.0  1.0  1.0  1.0  1.0  1.0  1.0  1.0
-A1-   1  1.0  1.0  1.0  1.0  1.0 -1.0 -1.0 -1.0 -1.0 -1.0 -1.0  1.0  1.0  1.0  1.0  1.0  1.0 -1.0 -1.0 -1.0 -1.0 -1.0 -1.0 -1.0 -1.0 -1.0 -1.0 -1.0 -1.0  1.0  1.0  1.0  1.0  1.0  1.0 -1.0 -1.0 -1.0 -1.0 -1.0 -1.0  1.0  1.0  1.0  1.0  1.0  1.0
-A2+   1  1.0  1.0 -1.0 -1.0 -1.0  1.0  1.0  1.0 -1.0 -1.0 -1.0  1.0  1.0  1.0 -1.0 -1.0 -1.0  1.0  1.0  1.0 -1.0 -1.0 -1.0  1.0  1.0  1.0 -1.0 -1.0 -1.0  1.0  1.0  1.0 -1.0 -1.0 -1.0  1.0  1.0  1.0 -1.0 -1.0 -1.0  1.0  1.0  1.0 -1.0 -1.0 -1.0
-A2-   1  1.0  1.0 -1.0 -1.0 -1.0 -1.0 -1.0 -1.0  1.0  1.0  1.0  1.0  1.0  1.0 -1.0 -1.0 -1.0 -1.0 -1.0 -1.0  1.0  1.0  1.0 -1.0 -1.0 -1.0  1.0  1.0  1.0  1.0  1.0  1.0 -1.0 -1.0 -1.0 -1.0 -1.0 -1.0  1.0  1.0  1.0  1.0  1.0  1.0 -1.0 -1.0 -1.0
-A3+   2 -1.0 -1.0  0.0  0.0  0.0  2.0 -1.0 -1.0  0.0  0.0  0.0  2.0 -1.0 -1.0  0.0  0.0  0.0  2.0 -1.0 -1.0  0.0  0.0  0.0  0.0  0.0  0.0  0.0  0.0  0.0  0.0  0.0  0.0  0.0  0.0  0.0  0.0  0.0  0.0  0.0  0.0  0.0  0.0  0.0  0.0  0.0  0.0  0.0
-A3-   2 -1.0 -1.0  0.0  0.0  0.0 -2.0  1.0  1.0  0.0  0.0  0.0  2.0 -1.0 -1.0  0.0  0.0  0.0 -2.0  1.0  1.0  0.0  0.0  0.0  0.0  0.0  0.0  0.0  0.0  0.0  0.0  0.0  0.0  0.0  0.0  0.0  0.0  0.0  0.0  0.0  0.0  0.0  0.0  0.0  0.0  0.0  0.0  0.0
-A6A7  2 -2.0 -2.0  0.0  0.0  0.0 -2.0  2.0  2.0  0.0  0.0  0.0 -2.0  2.0  2.0  0.0  0.0  0.0  2.0 -2.0 -2.0  0.0  0.0  0.0  0.0  0.0  0.0  0.0  0.0  0.0  0.0  0.0  0.0  0.0  0.0  0.0  0.0  0.0  0.0  0.0  0.0  0.0  0.0  0.0  0.0  0.0  0.0  0.0
-A9    2  1.0  1.0  0.0  0.0  0.0 -2.0 -1.0 -1.0  0.0  0.0  0.0 -2.0 -1.0 -1.0  0.0  0.0  0.0  2.0  1.0  1.0  0.0  0.0  0.0  0.0  0.0  0.0 -2.0 -1.0  1.0  0.0  0.0  0.0  2.0  1.0 -1.0  0.0  0.0  0.0  2.0  1.0 -1.0  0.0  0.0  0.0 -2.0 -1.0  1.0



kpoint  H : 0.333333 0.333333 0.500000 :  1 2 3 4 5 6 7 8 9 10 11 12
-H1  1  1.0  1.0  1.0  1.0  1.0  1.0  1.0  1.0  1.0  1.0  1.0  1.0  1.0  1.0  1.0  1.0  1.0  1.0  1.0  1.0  1.0  1.0  1.0
-H2  1  1.0  1.0 -1.0 -1.0 -1.0  1.0  1.0  1.0 -1.0 -1.0 -1.0  1.0  1.0  1.0 -1.0 -1.0 -1.0  1.0  1.0  1.0 -1.0 -1.0 -1.0
-H3  2 -1.0 -1.0  0.0  0.0  0.0  2.0 -1.0 -1.0  0.0  0.0  0.0  0.0  0.0  0.0  2.0 -1.0 -1.0  0.0  0.0  0.0  2.0 -1.0 -1.0



kpoint  K : 0.333333 0.333333 0.000000 :  1 2 3 4 5 6 7 8 9 10 11 12
-K1  1  1.0  1.0  1.0  1.0  1.0  1.0  1.0  1.0  1.0  1.0  1.0  1.0  1.0  1.0  1.0  1.0  1.0  1.0  1.0  1.0  1.0  1.0  1.0
-K2  1  1.0  1.0 -1.0 -1.0 -1.0  1.0  1.0  1.0 -1.0 -1.0 -1.0  1.0  1.0  1.0 -1.0 -1.0 -1.0  1.0  1.0  1.0 -1.0 -1.0 -1.0
-K3  2 -1.0 -1.0  0.0  0.0  0.0  2.0 -1.0 -1.0  0.0  0.0  0.0  0.0  0.0  0.0  2.0 -1.0 -1.0  0.0  0.0  0.0  2.0 -1.0 -1.0



kpoint  L : 0.500000 0.000000 0.500000 :  1 2 3 4 5 6 7 8
-L1+   1  1.0  1.0  1.0  1.0  1.0  1.0  1.0  1.0  1.0  1.0  1.0  1.0  1.0  1.0  1.0
-L1-   1  1.0 -1.0 -1.0  1.0  1.0 -1.0 -1.0 -1.0 -1.0  1.0  1.0 -1.0 -1.0  1.0  1.0
-L2+   1 -1.0  1.0 -1.0  1.0 -1.0  1.0 -1.0  1.0 -1.0  1.0 -1.0  1.0 -1.0  1.0 -1.0
-L2-   1 -1.0 -1.0  1.0  1.0 -1.0 -1.0  1.0 -1.0  1.0  1.0 -1.0 -1.0  1.0  1.0 -1.0
-L5L6  2  0.0 -2.0  0.0 -2.0  0.0  2.0  0.0  0.0  0.0  0.0  0.0  0.0  0.0  0.0  0.0



kpoint  M : 0.500000 0.000000 0.000000 :  1 2 3 4 5 6 7 8
-M1+   1  1.0  1.0  1.0  1.0  1.0  1.0  1.0  1.0  1.0  1.0  1.0  1.0  1.0  1.0  1.0
-M1-   1  1.0 -1.0 -1.0  1.0  1.0 -1.0 -1.0 -1.0 -1.0  1.0  1.0 -1.0 -1.0  1.0  1.0
-M2+   1 -1.0  1.0 -1.0  1.0 -1.0  1.0 -1.0  1.0 -1.0  1.0 -1.0  1.0 -1.0  1.0 -1.0
-M2-   1 -1.0 -1.0  1.0  1.0 -1.0 -1.0  1.0 -1.0  1.0  1.0 -1.0 -1.0  1.0  1.0 -1.0
-M5M6  2  0.0 -2.0  0.0 -2.0  0.0  2.0  0.0  0.0  0.0  0.0  0.0  0.0  0.0  0.0  0.0
