SG=<i>P</i>-62<i>c</i>
 name=190.227
 spinor=True
symmetries=
      1 0 0 0 1 0 0 0 1    0 0 0                                 1.0 0.0 0.0 1.0    0.0 0.0 0.0 0.0
    0 -1 0 1 -1 0 0 0 1    0 0 0   1.0 0.0 0.0 1.0    0.3333333333333333 0.0 0.0 0.6666666666666667
    -1 1 0 -1 0 0 0 0 1    0 0 0   1.0 0.0 0.0 1.0    0.6666666666666667 0.0 0.0 0.3333333333333333
   1 0 0 0 1 0 0 0 -1    0 0 1/2                                1.0 0.0 0.0 1.0    -0.5 0.0 0.0 0.5
 0 -1 0 1 -1 0 0 0 -1    0 0 1/2  1.0 0.0 0.0 1.0    0.8333333333333334 0.0 0.0 0.16666666666666669
 -1 1 0 -1 0 0 0 0 -1    0 0 1/2  1.0 0.0 0.0 1.0    0.16666666666666669 0.0 0.0 0.8333333333333334
     0 1 0 1 0 0 0 0 -1    0 0 0  0.0 1.0 1.0 0.0    0.0 -0.6666666666666667 0.6666666666666667 0.0
   1 -1 0 0 -1 0 0 0 -1    0 0 0                                 0.0 1.0 1.0 0.0    0.0 1.0 0.0 0.0
   -1 0 0 -1 1 0 0 0 -1    0 0 0   0.0 1.0 1.0 0.0    0.0 0.6666666666666667 0.3333333333333333 0.0
    0 1 0 1 0 0 0 0 1    0 0 1/2  0.0 1.0 1.0 0.0    0.0 0.8333333333333334 0.16666666666666669 0.0
  1 -1 0 0 -1 0 0 0 1    0 0 1/2                               0.0 1.0 1.0 0.0    0.0 -0.5 -0.5 0.0
  -1 0 0 -1 1 0 0 0 1    0 0 1/2  0.0 1.0 1.0 0.0    0.0 0.16666666666666669 0.8333333333333334 0.0


kpoint  GM : 0.000000 0.000000 0.000000 :  1 2 3 4 5 6 7 8 9 10 11 12
-GM7  2 -2.0 -2.0  0.0  0.000000  0.000000  0.0  0.0  0.0  0.0  0.0  0.0 -2.0  2.0  2.0  0.0  0.000000  0.000000  0.0  0.0  0.0  0.0  0.0  0.0
-GM8  2  1.0  1.0  0.0 -1.732051 -1.732051  0.0  0.0  0.0  0.0  0.0  0.0 -2.0 -1.0 -1.0  0.0  1.732051  1.732051  0.0  0.0  0.0  0.0  0.0  0.0
-GM9  2  1.0  1.0  0.0  1.732051  1.732051  0.0  0.0  0.0  0.0  0.0  0.0 -2.0 -1.0 -1.0  0.0 -1.732051 -1.732051  0.0  0.0  0.0  0.0  0.0  0.0



kpoint  A : 0.000000 0.000000 0.500000 :  1 2 3 4 5 6 7 8 9 10 11 12
-A4  1 -1.0 -1.0  0.0  0.0  0.0  0.0  0.0  0.0 -1.0 -1.0 -1.0 -1.0  1.0  1.0  0.0  0.0  0.0  0.0  0.0  0.0  1.0  1.0  1.0
-A5  1 -1.0 -1.0  0.0  0.0  0.0  0.0  0.0  0.0  1.0  1.0  1.0 -1.0  1.0  1.0  0.0  0.0  0.0  0.0  0.0  0.0 -1.0 -1.0 -1.0
-A6  1 -1.0 -1.0  0.0  0.0  0.0  0.0  0.0  0.0  1.0  1.0  1.0 -1.0  1.0  1.0  0.0  0.0  0.0  0.0  0.0  0.0 -1.0 -1.0 -1.0
-A7  1 -1.0 -1.0  0.0  0.0  0.0  0.0  0.0  0.0 -1.0 -1.0 -1.0 -1.0  1.0  1.0  0.0  0.0  0.0  0.0  0.0  0.0  1.0  1.0  1.0
-A8  2  1.0  1.0  0.0  0.0  0.0  0.0  0.0  0.0  0.0  0.0  0.0 -2.0 -1.0 -1.0  0.0  0.0  0.0  0.0  0.0  0.0  0.0  0.0  0.0
-A9  2  1.0  1.0  0.0  0.0  0.0  0.0  0.0  0.0  0.0  0.0  0.0 -2.0 -1.0 -1.0  0.0  0.0  0.0  0.0  0.0  0.0  0.0  0.0  0.0



kpoint  H : 0.333333 0.333333 0.500000 :  1 2 3 4 5 6 7 8 9 10 11 12
-H4  1 -1.0 -1.0  0.0  0.0  0.0  0.0  0.0  0.0 -1.0 -1.0 -1.0 -1.0  1.0  1.0  0.0  0.0  0.0  0.0  0.0  0.0  1.0  1.0  1.0
-H5  1 -1.0 -1.0  0.0  0.0  0.0  0.0  0.0  0.0  1.0  1.0  1.0 -1.0  1.0  1.0  0.0  0.0  0.0  0.0  0.0  0.0 -1.0 -1.0 -1.0
-H6  1 -1.0 -1.0  0.0  0.0  0.0  0.0  0.0  0.0  1.0  1.0  1.0 -1.0  1.0  1.0  0.0  0.0  0.0  0.0  0.0  0.0 -1.0 -1.0 -1.0
-H7  1 -1.0 -1.0  0.0  0.0  0.0  0.0  0.0  0.0 -1.0 -1.0 -1.0 -1.0  1.0  1.0  0.0  0.0  0.0  0.0  0.0  0.0  1.0  1.0  1.0
-H8  2  1.0  1.0  0.0  0.0  0.0  0.0  0.0  0.0  0.0  0.0  0.0 -2.0 -1.0 -1.0  0.0  0.0  0.0  0.0  0.0  0.0  0.0  0.0  0.0
-H9  2  1.0  1.0  0.0  0.0  0.0  0.0  0.0  0.0  0.0  0.0  0.0 -2.0 -1.0 -1.0  0.0  0.0  0.0  0.0  0.0  0.0  0.0  0.0  0.0



kpoint  HA : 0.666667 0.666667 0.500000 :  1 2 3 4 5 6 7 8 9 10 11 12
-HA4  1 -1.0 -1.0  0.0  0.0  0.0  0.0  0.0  0.0 -1.0 -1.0 -1.0 -1.0  1.0  1.0  0.0  0.0  0.0  0.0  0.0  0.0  1.0  1.0  1.0
-HA5  1 -1.0 -1.0  0.0  0.0  0.0  0.0  0.0  0.0  1.0  1.0  1.0 -1.0  1.0  1.0  0.0  0.0  0.0  0.0  0.0  0.0 -1.0 -1.0 -1.0
-HA6  1 -1.0 -1.0  0.0  0.0  0.0  0.0  0.0  0.0  1.0  1.0  1.0 -1.0  1.0  1.0  0.0  0.0  0.0  0.0  0.0  0.0 -1.0 -1.0 -1.0
-HA7  1 -1.0 -1.0  0.0  0.0  0.0  0.0  0.0  0.0 -1.0 -1.0 -1.0 -1.0  1.0  1.0  0.0  0.0  0.0  0.0  0.0  0.0  1.0  1.0  1.0
-HA8  2  1.0  1.0  0.0  0.0  0.0  0.0  0.0  0.0  0.0  0.0  0.0 -2.0 -1.0 -1.0  0.0  0.0  0.0  0.0  0.0  0.0  0.0  0.0  0.0
-HA9  2  1.0  1.0  0.0  0.0  0.0  0.0  0.0  0.0  0.0  0.0  0.0 -2.0 -1.0 -1.0  0.0  0.0  0.0  0.0  0.0  0.0  0.0  0.0  0.0



kpoint  K : 0.333333 0.333333 0.000000 :  1 2 3 4 5 6 7 8 9 10 11 12
-K7  2 -2.0 -2.0  0.0  0.000000  0.000000  0.0  0.0  0.0  0.0  0.0  0.0 -2.0  2.0  2.0  0.0  0.000000  0.000000  0.0  0.0  0.0  0.0  0.0  0.0
-K8  2  1.0  1.0  0.0 -1.732051 -1.732051  0.0  0.0  0.0  0.0  0.0  0.0 -2.0 -1.0 -1.0  0.0  1.732051  1.732051  0.0  0.0  0.0  0.0  0.0  0.0
-K9  2  1.0  1.0  0.0  1.732051  1.732051  0.0  0.0  0.0  0.0  0.0  0.0 -2.0 -1.0 -1.0  0.0 -1.732051 -1.732051  0.0  0.0  0.0  0.0  0.0  0.0



kpoint  KA : 0.666667 0.666667 0.000000 :  1 2 3 4 5 6 7 8 9 10 11 12
-KA7  2 -2.0 -2.0  0.0  0.000000  0.000000  0.0  0.0  0.0  0.0  0.0  0.0 -2.0  2.0  2.0  0.0  0.000000  0.000000  0.0  0.0  0.0  0.0  0.0  0.0
-KA8  2  1.0  1.0  0.0 -1.732051 -1.732051  0.0  0.0  0.0  0.0  0.0  0.0 -2.0 -1.0 -1.0  0.0  1.732051  1.732051  0.0  0.0  0.0  0.0  0.0  0.0
-KA9  2  1.0  1.0  0.0  1.732051  1.732051  0.0  0.0  0.0  0.0  0.0  0.0 -2.0 -1.0 -1.0  0.0 -1.732051 -1.732051  0.0  0.0  0.0  0.0  0.0  0.0



kpoint  L : 0.500000 0.000000 0.500000 :  1 2 3 4
-L2  1  0.0  0.0  1.0 -1.0  0.0  0.0 -1.0
-L3  1  0.0  0.0  1.0 -1.0  0.0  0.0 -1.0
-L4  1  0.0  0.0 -1.0 -1.0  0.0  0.0  1.0
-L5  1  0.0  0.0 -1.0 -1.0  0.0  0.0  1.0



kpoint  M : 0.500000 0.000000 0.000000 :  1 2 3 4
-M5  2  0.0  0.0  0.0 -2.0  0.0  0.0  0.0
