SG=<i>P</i>6<sub>3</sub>/<i>m</i><i>c</i>'<i>m</i>'
 name=193.260
 spinor=False
symmetries=
      1 0 0 0 1 0 0 0 1    0 0 0                                 1.0 0.0 0.0 1.0    0.0 0.0 0.0 0.0
    0 -1 0 1 -1 0 0 0 1    0 0 0   1.0 0.0 0.0 1.0    0.3333333333333333 0.0 0.0 0.6666666666666667
    -1 1 0 -1 0 0 0 0 1    0 0 0   1.0 0.0 0.0 1.0    0.6666666666666667 0.0 0.0 0.3333333333333333
  -1 0 0 0 -1 0 0 0 1    0 0 1/2                                1.0 0.0 0.0 1.0    -0.5 0.0 0.0 0.5
   0 1 0 -1 1 0 0 0 1    0 0 1/2  1.0 0.0 0.0 1.0    0.8333333333333334 0.0 0.0 0.16666666666666669
   1 -1 0 1 0 0 0 0 1    0 0 1/2  1.0 0.0 0.0 1.0    0.16666666666666669 0.0 0.0 0.8333333333333334
   -1 0 0 0 -1 0 0 0 -1    0 0 0                                 1.0 0.0 0.0 1.0    0.0 0.0 0.0 0.0
    0 1 0 -1 1 0 0 0 -1    0 0 0   1.0 0.0 0.0 1.0    0.3333333333333333 0.0 0.0 0.6666666666666667
    1 -1 0 1 0 0 0 0 -1    0 0 0   1.0 0.0 0.0 1.0    0.6666666666666667 0.0 0.0 0.3333333333333333
   1 0 0 0 1 0 0 0 -1    0 0 1/2                                1.0 0.0 0.0 1.0    -0.5 0.0 0.0 0.5
 0 -1 0 1 -1 0 0 0 -1    0 0 1/2  1.0 0.0 0.0 1.0    0.8333333333333334 0.0 0.0 0.16666666666666669
 -1 1 0 -1 0 0 0 0 -1    0 0 1/2  1.0 0.0 0.0 1.0    0.16666666666666669 0.0 0.0 0.8333333333333334
   0 1 0 1 0 0 0 0 -1    0 0 1/2  0.0 1.0 1.0 0.0    0.0 -0.6666666666666667 0.6666666666666667 0.0
 1 -1 0 0 -1 0 0 0 -1    0 0 1/2                                 0.0 1.0 1.0 0.0    0.0 1.0 0.0 0.0
 -1 0 0 -1 1 0 0 0 -1    0 0 1/2   0.0 1.0 1.0 0.0    0.0 0.6666666666666667 0.3333333333333333 0.0
   0 -1 0 -1 0 0 0 0 -1    0 0 0  0.0 1.0 1.0 0.0    0.0 0.8333333333333334 0.16666666666666669 0.0
    -1 1 0 0 1 0 0 0 -1    0 0 0                               0.0 1.0 1.0 0.0    0.0 -0.5 -0.5 0.0
    1 0 0 1 -1 0 0 0 -1    0 0 0  0.0 1.0 1.0 0.0    0.0 0.16666666666666669 0.8333333333333334 0.0
  0 -1 0 -1 0 0 0 0 1    0 0 1/2  0.0 1.0 1.0 0.0    0.0 -0.6666666666666667 0.6666666666666667 0.0
   -1 1 0 0 1 0 0 0 1    0 0 1/2                                 0.0 1.0 1.0 0.0    0.0 1.0 0.0 0.0
   1 0 0 1 -1 0 0 0 1    0 0 1/2   0.0 1.0 1.0 0.0    0.0 0.6666666666666667 0.3333333333333333 0.0
      0 1 0 1 0 0 0 0 1    0 0 0  0.0 1.0 1.0 0.0    0.0 0.8333333333333334 0.16666666666666669 0.0
    1 -1 0 0 -1 0 0 0 1    0 0 0                               0.0 1.0 1.0 0.0    0.0 -0.5 -0.5 0.0
    -1 0 0 -1 1 0 0 0 1    0 0 0  0.0 1.0 1.0 0.0    0.0 0.16666666666666669 0.8333333333333334 0.0


kpoint  GM : 0.000000 0.000000 0.000000 :  1 2 3 4 5 6 7 8 9 10 11 12 13 14 15 16 17 18 19 20 21 22 23 24
-GM1+  1  1.0  1.0  1.0  1.000000  1.000000  1.0  1.0  1.0  1.0  1.000000  1.000000  1.0  1.0  1.0  1.0  1.000000  1.000000  1.0  1.0  1.0  1.0  1.000000  1.000000  1.0  1.0  1.0  1.0  1.000000  1.000000  1.0  1.0  1.0  1.0  1.000000  1.000000  1.0  1.0  1.0  1.0  1.000000  1.000000  1.0  1.0  1.0  1.0  1.000000  1.000000
-GM1-  1  1.0  1.0  1.0  1.000000  1.000000 -1.0 -1.0 -1.0 -1.0 -1.000000 -1.000000  1.0  1.0  1.0  1.0  1.000000  1.000000 -1.0 -1.0 -1.0 -1.0 -1.000000 -1.000000  1.0  1.0  1.0  1.0  1.000000  1.000000 -1.0 -1.0 -1.0 -1.0 -1.000000 -1.000000  1.0  1.0  1.0  1.0  1.000000  1.000000 -1.0 -1.0 -1.0 -1.0 -1.000000 -1.000000
-GM13  1 -1.0 -1.0  0.0  0.000000  0.000000 -1.0  1.0  1.0  0.0  0.000000  0.000000 -1.0  1.0  1.0  0.0  0.000000  0.000000  1.0 -1.0 -1.0  0.0  0.000000  0.000000  1.0 -1.0  1.0  0.0  0.000000  0.000000 -1.0  1.0 -1.0  0.0  0.000000  0.000000 -1.0  1.0 -1.0  0.0  0.000000  0.000000  1.0 -1.0  1.0  0.0  0.000000  0.000000
-GM14  1 -1.0 -1.0  0.0  0.000000  0.000000 -1.0  1.0  1.0  0.0  0.000000  0.000000 -1.0  1.0  1.0  0.0  0.000000  0.000000  1.0 -1.0 -1.0  0.0  0.000000  0.000000  1.0 -1.0  1.0  0.0  0.000000  0.000000 -1.0  1.0 -1.0  0.0  0.000000  0.000000 -1.0  1.0 -1.0  0.0  0.000000  0.000000  1.0 -1.0  1.0  0.0  0.000000  0.000000
-GM15  1  0.5  0.5  0.0 -0.866025 -0.866025 -1.0 -0.5 -0.5  0.0  0.866025  0.866025 -1.0 -0.5 -0.5  0.0  0.866025  0.866025  1.0  0.5  0.5  0.0 -0.866025 -0.866025  1.0  0.5 -0.5  0.0 -0.866025  0.866025 -1.0 -0.5  0.5  0.0  0.866025 -0.866025 -1.0 -0.5  0.5  0.0  0.866025 -0.866025  1.0  0.5 -0.5  0.0 -0.866025  0.866025
-GM16  1  0.5  0.5  0.0  0.866025  0.866025 -1.0 -0.5 -0.5  0.0 -0.866025 -0.866025 -1.0 -0.5 -0.5  0.0 -0.866025 -0.866025  1.0  0.5  0.5  0.0  0.866025  0.866025  1.0  0.5 -0.5  0.0  0.866025 -0.866025 -1.0 -0.5  0.5  0.0 -0.866025  0.866025 -1.0 -0.5  0.5  0.0 -0.866025  0.866025  1.0  0.5 -0.5  0.0  0.866025 -0.866025
-GM17  1  0.5  0.5  0.0  0.866025  0.866025 -1.0 -0.5 -0.5  0.0 -0.866025 -0.866025 -1.0 -0.5 -0.5  0.0 -0.866025 -0.866025  1.0  0.5  0.5  0.0  0.866025  0.866025  1.0  0.5 -0.5  0.0  0.866025 -0.866025 -1.0 -0.5  0.5  0.0 -0.866025  0.866025 -1.0 -0.5  0.5  0.0 -0.866025  0.866025  1.0  0.5 -0.5  0.0  0.866025 -0.866025
-GM18  1  0.5  0.5  0.0 -0.866025 -0.866025 -1.0 -0.5 -0.5  0.0  0.866025  0.866025 -1.0 -0.5 -0.5  0.0  0.866025  0.866025  1.0  0.5  0.5  0.0 -0.866025 -0.866025  1.0  0.5 -0.5  0.0 -0.866025  0.866025 -1.0 -0.5  0.5  0.0  0.866025 -0.866025 -1.0 -0.5  0.5  0.0  0.866025 -0.866025  1.0  0.5 -0.5  0.0 -0.866025  0.866025
-GM2+  1  1.0  1.0 -1.0 -1.000000 -1.000000  1.0  1.0  1.0 -1.0 -1.000000 -1.000000  1.0  1.0  1.0 -1.0 -1.000000 -1.000000  1.0  1.0  1.0 -1.0 -1.000000 -1.000000  1.0  1.0  1.0 -1.0 -1.000000 -1.000000  1.0  1.0  1.0 -1.0 -1.000000 -1.000000  1.0  1.0  1.0 -1.0 -1.000000 -1.000000  1.0  1.0  1.0 -1.0 -1.000000 -1.000000
-GM2-  1  1.0  1.0 -1.0 -1.000000 -1.000000 -1.0 -1.0 -1.0  1.0  1.000000  1.000000  1.0  1.0  1.0 -1.0 -1.000000 -1.000000 -1.0 -1.0 -1.0  1.0  1.000000  1.000000  1.0  1.0  1.0 -1.0 -1.000000 -1.000000 -1.0 -1.0 -1.0  1.0  1.000000  1.000000  1.0  1.0  1.0 -1.0 -1.000000 -1.000000 -1.0 -1.0 -1.0  1.0  1.000000  1.000000
-GM3+  1 -0.5 -0.5  1.0 -0.500000 -0.500000  1.0 -0.5 -0.5  1.0 -0.500000 -0.500000  1.0 -0.5 -0.5  1.0 -0.500000 -0.500000  1.0 -0.5 -0.5  1.0 -0.500000 -0.500000  1.0 -0.5 -0.5  1.0 -0.500000 -0.500000  1.0 -0.5 -0.5  1.0 -0.500000 -0.500000  1.0 -0.5 -0.5  1.0 -0.500000 -0.500000  1.0 -0.5 -0.5  1.0 -0.500000 -0.500000
-GM3-  1 -0.5 -0.5  1.0 -0.500000 -0.500000 -1.0  0.5  0.5 -1.0  0.500000  0.500000  1.0 -0.5 -0.5  1.0 -0.500000 -0.500000 -1.0  0.5  0.5 -1.0  0.500000  0.500000  1.0 -0.5 -0.5  1.0 -0.500000 -0.500000 -1.0  0.5  0.5 -1.0  0.500000  0.500000  1.0 -0.5 -0.5  1.0 -0.500000 -0.500000 -1.0  0.5  0.5 -1.0  0.500000  0.500000
-GM4+  1 -0.5 -0.5 -1.0  0.500000  0.500000  1.0 -0.5 -0.5 -1.0  0.500000  0.500000  1.0 -0.5 -0.5 -1.0  0.500000  0.500000  1.0 -0.5 -0.5 -1.0  0.500000  0.500000  1.0 -0.5 -0.5 -1.0  0.500000  0.500000  1.0 -0.5 -0.5 -1.0  0.500000  0.500000  1.0 -0.5 -0.5 -1.0  0.500000  0.500000  1.0 -0.5 -0.5 -1.0  0.500000  0.500000
-GM4-  1 -0.5 -0.5 -1.0  0.500000  0.500000 -1.0  0.5  0.5  1.0 -0.500000 -0.500000  1.0 -0.5 -0.5 -1.0  0.500000  0.500000 -1.0  0.5  0.5  1.0 -0.500000 -0.500000  1.0 -0.5 -0.5 -1.0  0.500000  0.500000 -1.0  0.5  0.5  1.0 -0.500000 -0.500000  1.0 -0.5 -0.5 -1.0  0.500000  0.500000 -1.0  0.5  0.5  1.0 -0.500000 -0.500000
-GM5+  1 -0.5 -0.5  1.0 -0.500000 -0.500000  1.0 -0.5 -0.5  1.0 -0.500000 -0.500000  1.0 -0.5 -0.5  1.0 -0.500000 -0.500000  1.0 -0.5 -0.5  1.0 -0.500000 -0.500000  1.0 -0.5 -0.5  1.0 -0.500000 -0.500000  1.0 -0.5 -0.5  1.0 -0.500000 -0.500000  1.0 -0.5 -0.5  1.0 -0.500000 -0.500000  1.0 -0.5 -0.5  1.0 -0.500000 -0.500000
-GM5-  1 -0.5 -0.5  1.0 -0.500000 -0.500000 -1.0  0.5  0.5 -1.0  0.500000  0.500000  1.0 -0.5 -0.5  1.0 -0.500000 -0.500000 -1.0  0.5  0.5 -1.0  0.500000  0.500000  1.0 -0.5 -0.5  1.0 -0.500000 -0.500000 -1.0  0.5  0.5 -1.0  0.500000  0.500000  1.0 -0.5 -0.5  1.0 -0.500000 -0.500000 -1.0  0.5  0.5 -1.0  0.500000  0.500000
-GM6+  1 -0.5 -0.5 -1.0  0.500000  0.500000  1.0 -0.5 -0.5 -1.0  0.500000  0.500000  1.0 -0.5 -0.5 -1.0  0.500000  0.500000  1.0 -0.5 -0.5 -1.0  0.500000  0.500000  1.0 -0.5 -0.5 -1.0  0.500000  0.500000  1.0 -0.5 -0.5 -1.0  0.500000  0.500000  1.0 -0.5 -0.5 -1.0  0.500000  0.500000  1.0 -0.5 -0.5 -1.0  0.500000  0.500000
-GM6-  1 -0.5 -0.5 -1.0  0.500000  0.500000 -1.0  0.5  0.5  1.0 -0.500000 -0.500000  1.0 -0.5 -0.5 -1.0  0.500000  0.500000 -1.0  0.5  0.5  1.0 -0.500000 -0.500000  1.0 -0.5 -0.5 -1.0  0.500000  0.500000 -1.0  0.5  0.5  1.0 -0.500000 -0.500000  1.0 -0.5 -0.5 -1.0  0.500000  0.500000 -1.0  0.5  0.5  1.0 -0.500000 -0.500000



kpoint  A : 0.000000 0.000000 0.500000 :  1 2 3 4 5 6 7 8 9 10 11 12 13 14 15 16 17 18 19 20 21 22 23 24
-A1  2  2.0  2.0  0.0  0.0  0.0  0.0  0.0  0.0  0.0  0.0  0.0  2.0  2.0  2.0  0.0  0.0  0.0  0.0  0.0  0.0  0.0  0.0  0.0  0.0  0.0  0.0  0.0  0.0  0.0  0.0  0.0  0.0  0.0  0.000000  0.000000  0.0  0.0  0.0  0.0  0.0  0.0  0.0  0.0  0.0  0.0  0.000000  0.000000
-A2  2 -1.0 -1.0  0.0  0.0  0.0  0.0  0.0  0.0  0.0  0.0  0.0  2.0 -1.0 -1.0  0.0  0.0  0.0  0.0  0.0  0.0  0.0  0.0  0.0  0.0  0.0  0.0  0.0  0.0  0.0  0.0  0.0  0.0  0.0 -1.732051  1.732051  0.0  0.0  0.0  0.0  0.0  0.0  0.0  0.0  0.0  0.0 -1.732051  1.732051
-A3  2 -1.0 -1.0  0.0  0.0  0.0  0.0  0.0  0.0  0.0  0.0  0.0  2.0 -1.0 -1.0  0.0  0.0  0.0  0.0  0.0  0.0  0.0  0.0  0.0  0.0  0.0  0.0  0.0  0.0  0.0  0.0  0.0  0.0  0.0  1.732051 -1.732051  0.0  0.0  0.0  0.0  0.0  0.0  0.0  0.0  0.0  0.0  1.732051 -1.732051



kpoint  H : 0.333333 0.333333 0.500000 :  1 2 3 4 5 6 7 8 9 10 11 12
-H1H2  2  2.0  2.0  0.0  0.0  0.0  2.0  2.0  2.0  0.0  0.0  0.0  0.0  0.0  0.0  0.0  0.0  0.0  0.0  0.0  0.0  0.0  0.0  0.0
-H3H4  2 -1.0 -1.0  0.0  0.0  0.0  2.0 -1.0 -1.0  0.0  0.0  0.0  0.0  0.0  0.0  0.0  0.0  0.0  0.0  0.0  0.0  0.0  0.0  0.0
-H5H6  2 -1.0 -1.0  0.0  0.0  0.0  2.0 -1.0 -1.0  0.0  0.0  0.0  0.0  0.0  0.0  0.0  0.0  0.0  0.0  0.0  0.0  0.0  0.0  0.0



kpoint  K : 0.333333 0.333333 0.000000 :  1 2 3 4 5 6 7 8 9 10 11 12
-K1  1  1.0  1.0  1.0  1.0  1.0  1.0  1.0  1.0  1.0  1.0  1.0  1.0  1.0  1.0  1.0  1.0  1.0  1.0  1.0  1.0  1.0  1.0  1.0
-K2  1  1.0  1.0 -1.0 -1.0 -1.0  1.0  1.0  1.0 -1.0 -1.0 -1.0  1.0  1.0  1.0 -1.0 -1.0 -1.0  1.0  1.0  1.0 -1.0 -1.0 -1.0
-K3  1 -0.5 -0.5  1.0 -0.5 -0.5  1.0 -0.5 -0.5  1.0 -0.5 -0.5  1.0 -0.5 -0.5  1.0 -0.5 -0.5  1.0 -0.5 -0.5  1.0 -0.5 -0.5
-K4  1 -0.5 -0.5 -1.0  0.5  0.5  1.0 -0.5 -0.5 -1.0  0.5  0.5  1.0 -0.5 -0.5 -1.0  0.5  0.5  1.0 -0.5 -0.5 -1.0  0.5  0.5
-K5  1 -0.5 -0.5  1.0 -0.5 -0.5  1.0 -0.5 -0.5  1.0 -0.5 -0.5  1.0 -0.5 -0.5  1.0 -0.5 -0.5  1.0 -0.5 -0.5  1.0 -0.5 -0.5
-K6  1 -0.5 -0.5 -1.0  0.5  0.5  1.0 -0.5 -0.5 -1.0  0.5  0.5  1.0 -0.5 -0.5 -1.0  0.5  0.5  1.0 -0.5 -0.5 -1.0  0.5  0.5



kpoint  L : 0.500000 0.000000 0.500000 :  1 2 3 4 5 6 7 8
-L1  2  0.0  0.0  0.0  2.0  0.0  0.0  0.0  0.0  0.0  0.0  0.0  0.0  0.0  0.0  0.0



kpoint  M : 0.500000 0.000000 0.000000 :  1 2 3 4 5 6 7 8
-M1+  1  1.0  1.0  1.0  1.0  1.0  1.0  1.0 -1.0 -1.0 -1.0 -1.0 -1.0 -1.0 -1.0 -1.0
-M1-  1  1.0 -1.0 -1.0  1.0  1.0 -1.0 -1.0 -1.0 -1.0  1.0  1.0 -1.0 -1.0  1.0  1.0
-M2+  1 -1.0  1.0 -1.0  1.0 -1.0  1.0 -1.0 -1.0  1.0 -1.0  1.0 -1.0  1.0 -1.0  1.0
-M2-  1 -1.0 -1.0  1.0  1.0 -1.0 -1.0  1.0 -1.0  1.0  1.0 -1.0 -1.0  1.0  1.0 -1.0
-M5   1  0.0 -1.0  0.0 -1.0  0.0  1.0  0.0 -1.0  0.0  1.0  0.0  1.0  0.0 -1.0  0.0
-M6   1  0.0 -1.0  0.0 -1.0  0.0  1.0  0.0 -1.0  0.0  1.0  0.0  1.0  0.0 -1.0  0.0
