SG=<i>P</i>4<sub>2</sub>'
 name=77.15
 spinor=False
symmetries=
    1 0 0 0 1 0 0 0 1    0 0 0    1.0 0.0 0.0 1.0    0.0 0.0 0.0 0.0
  -1 0 0 0 -1 0 0 0 1    0 0 0   1.0 0.0 0.0 1.0    -0.5 0.0 0.0 0.5
 0 -1 0 1 0 0 0 0 1    0 0 1/2  1.0 0.0 0.0 1.0    0.75 0.0 0.0 0.25
 0 1 0 -1 0 0 0 0 1    0 0 1/2  1.0 0.0 0.0 1.0    0.25 0.0 0.0 0.75


kpoint  GM : 0.000000 0.000000 0.000000 :  1 2 3 4
-GM1     1  1.0  1.0  1.0  1.0  1.0  1.0  1.0
-GM2GM2  2 -2.0  2.0 -2.0  0.0  0.0  0.0  0.0



kpoint  A : 0.500000 0.500000 0.500000 :  1 2 3 4
-(A)E1E1  2  2.0  2.0  2.0  0.0  0.0  0.0  0.0
-(A)E2    1 -1.0  1.0 -1.0  1.0 -1.0  1.0 -1.0



kpoint  M : 0.500000 0.500000 0.000000 :  1 2 3 4
-(M)A1    1  1.0  1.0  1.0  1.0  1.0  1.0  1.0
-(M)A2A2  2 -2.0  2.0 -2.0  0.0  0.0  0.0  0.0



kpoint  R : 0.000000 0.500000 0.500000 :  1 2
-(R)D1  1  1.0  1.0  1.0
-(R)D2  1 -1.0  1.0 -1.0



kpoint  RA : 0.500000 0.000000 0.500000 :  1 2
-(RA)C1  1  1.0  1.0  1.0
-(RA)C2  1 -1.0  1.0 -1.0



kpoint  X : 0.000000 0.500000 0.000000 :  1 2
-(X)B1  1  1.0  1.0  1.0
-(X)B2  1 -1.0  1.0 -1.0



kpoint  XA : 0.500000 0.000000 0.000000 :  1 2
-(XA)Y1  1  1.0  1.0  1.0
-(XA)Y2  1 -1.0  1.0 -1.0



kpoint  Z : 0.000000 0.000000 0.500000 :  1 2 3 4
-Z1Z1  2  2.0  2.0  2.0  0.0  0.0  0.0  0.0
-Z2    1 -1.0  1.0 -1.0  1.0 -1.0  1.0 -1.0
