SG=<i>P</i>6
 name=168.109
 spinor=False
symmetries=
   1 0 0 0 1 0 0 0 1    0 0 0                                 1.0 0.0 0.0 1.0    0.0 0.0 0.0 0.0
 0 -1 0 1 -1 0 0 0 1    0 0 0   1.0 0.0 0.0 1.0    0.3333333333333333 0.0 0.0 0.6666666666666667
 -1 1 0 -1 0 0 0 0 1    0 0 0   1.0 0.0 0.0 1.0    0.6666666666666667 0.0 0.0 0.3333333333333333
 -1 0 0 0 -1 0 0 0 1    0 0 0                                1.0 0.0 0.0 1.0    -0.5 0.0 0.0 0.5
  0 1 0 -1 1 0 0 0 1    0 0 0  1.0 0.0 0.0 1.0    0.8333333333333334 0.0 0.0 0.16666666666666669
  1 -1 0 1 0 0 0 0 1    0 0 0  1.0 0.0 0.0 1.0    0.16666666666666669 0.0 0.0 0.8333333333333334


kpoint  GM : 0.000000 0.000000 0.000000 :  1 2 3 4 5 6
-GM1  1  1.0  1.0  1.0  1.0  1.0  1.0  1.0  1.0  1.0  1.0  1.0
-GM2  1  1.0  1.0 -1.0 -1.0 -1.0  1.0  1.0  1.0 -1.0 -1.0 -1.0
-GM3  1 -0.5 -0.5  1.0 -0.5 -0.5  1.0 -0.5 -0.5  1.0 -0.5 -0.5
-GM4  1 -0.5 -0.5 -1.0  0.5  0.5  1.0 -0.5 -0.5 -1.0  0.5  0.5
-GM5  1 -0.5 -0.5  1.0 -0.5 -0.5  1.0 -0.5 -0.5  1.0 -0.5 -0.5
-GM6  1 -0.5 -0.5 -1.0  0.5  0.5  1.0 -0.5 -0.5 -1.0  0.5  0.5



kpoint  A : 0.000000 0.000000 0.500000 :  1 2 3 4 5 6
-A1  1  1.0  1.0  1.0  1.0  1.0  1.0  1.0  1.0  1.0  1.0  1.0
-A2  1  1.0  1.0 -1.0 -1.0 -1.0  1.0  1.0  1.0 -1.0 -1.0 -1.0
-A3  1 -0.5 -0.5  1.0 -0.5 -0.5  1.0 -0.5 -0.5  1.0 -0.5 -0.5
-A4  1 -0.5 -0.5 -1.0  0.5  0.5  1.0 -0.5 -0.5 -1.0  0.5  0.5
-A5  1 -0.5 -0.5  1.0 -0.5 -0.5  1.0 -0.5 -0.5  1.0 -0.5 -0.5
-A6  1 -0.5 -0.5 -1.0  0.5  0.5  1.0 -0.5 -0.5 -1.0  0.5  0.5



kpoint  H : 0.333333 0.333333 0.500000 :  1 2 3
-H1  1  1.0  1.0  1.0  1.0  1.0
-H2  1 -0.5 -0.5  1.0 -0.5 -0.5
-H3  1 -0.5 -0.5  1.0 -0.5 -0.5



kpoint  K : 0.333333 0.333333 0.000000 :  1 2 3
-K1  1  1.0  1.0  1.0  1.0  1.0
-K2  1 -0.5 -0.5  1.0 -0.5 -0.5
-K3  1 -0.5 -0.5  1.0 -0.5 -0.5



kpoint  L : 0.500000 0.000000 0.500000 :  1 2
-L1  1  1.0  1.0  1.0
-L2  1 -1.0  1.0 -1.0



kpoint  M : 0.500000 0.000000 0.000000 :  1 2
-M1  1  1.0  1.0  1.0
-M2  1 -1.0  1.0 -1.0
