SG=<i>F</i><i>d</i>'<i>d</i>2'
 name=43.226
 spinor=False
symmetries=
        1 0 0 0 1 0 0 0 1    0 0 0    1.0 0.0 0.0 1.0    0.0 0.0 0.0 0.0
 1 0 0 0 -1 0 0 0 1    1/4 1/4 1/4    0.0 1.0 1.0 0.0    0.0 1.0 0.0 0.0
      -1 0 0 0 -1 0 0 0 1    0 0 0   1.0 0.0 0.0 1.0    -0.5 0.0 0.0 0.5
 -1 0 0 0 1 0 0 0 1    1/4 1/4 1/4  0.0 1.0 1.0 0.0    0.0 -0.5 -0.5 0.0


kpoint  GM : 0.000000 0.000000 0.000000 :  1 2 3 4
-GM1  1  1.0  1.0  1.0  1.0  1.0  1.0  1.0
-GM2  1 -1.0  1.0 -1.0  1.0 -1.0  1.0 -1.0



kpoint  L : 0.500000 0.500000 0.500000 :  1
-(L)V1  1  1.0



kpoint  LA : 0.000000 0.000000 0.500000 :  1
-(LA)L1  1  1.0



kpoint  T : 0.000000 0.500000 0.500000 :  1 2 3 4
-(T)M1  1  0.0  1.0  0.0  1.0  0.0  1.0  0.0
-(T)M2  1  0.0  1.0  0.0  1.0  0.0  1.0  0.0



kpoint  Y : 0.500000 0.000000 0.500000 :  1 2 3 4
-Y1Y2  2  0.0  2.0  0.0  0.0  0.0  0.0  0.0



kpoint  Z : 0.500000 0.500000 0.000000 :  1 2 3 4
-(Z)A1A2  2  0.0  2.0  0.0  0.0  0.0  0.0  0.0
