SG=<i>P</i>6<sub>3</sub>/<i>m</i>'<i>c</i><i>m</i>
 name=193.255
 spinor=True
symmetries=
         1 0 0   0 1 0   0 0 1   0 0 0                                 1.0 0.0 0.0 1.0    0.0 0.0 0.0 0.0
       0 -1 0   1 -1 0   0 0 1   0 0 0   1.0 0.0 0.0 1.0    0.3333333333333333 0.0 0.0 0.6666666666666667
       -1 1 0   -1 0 0   0 0 1   0 0 0   1.0 0.0 0.0 1.0    0.6666666666666667 0.0 0.0 0.3333333333333333
 -1 0 0   0 -1 0   0 0 1   0 0 0.50000                                1.0 0.0 0.0 1.0    -0.5 0.0 0.0 0.5
  0 1 0   -1 1 0   0 0 1   0 0 0.50000  1.0 0.0 0.0 1.0    0.8333333333333334 0.0 0.0 0.16666666666666669
  1 -1 0   1 0 0   0 0 1   0 0 0.50000  1.0 0.0 0.0 1.0    0.16666666666666669 0.0 0.0 0.8333333333333334
 0 -1 0   -1 0 0   0 0 1   0 0 0.50000  0.0 1.0 1.0 0.0    0.0 -0.6666666666666667 0.6666666666666667 0.0
  -1 1 0   0 1 0   0 0 1   0 0 0.50000                                 0.0 1.0 1.0 0.0    0.0 1.0 0.0 0.0
  1 0 0   1 -1 0   0 0 1   0 0 0.50000   0.0 1.0 1.0 0.0    0.0 0.6666666666666667 0.3333333333333333 0.0
         0 1 0   1 0 0   0 0 1   0 0 0  0.0 1.0 1.0 0.0    0.0 0.8333333333333334 0.16666666666666669 0.0
       1 -1 0   0 -1 0   0 0 1   0 0 0                               0.0 1.0 1.0 0.0    0.0 -0.5 -0.5 0.0
       -1 0 0   -1 1 0   0 0 1   0 0 0  0.0 1.0 1.0 0.0    0.0 0.16666666666666669 0.8333333333333334 0.0


kpoint  GM : 0.000000 0.000000 0.000000 :  1 2 3 4 5 6 7 8 9 10 11 12
-GM7  2   2.000 2.000 -2.000 -2.000 0.000 0.000 0.000 0.000 0.000 0.000 0.000 0.000 0.000 -2.000 2.000 2.000 0.000 0.000 0.000 0.000 0.000 0.000 0.000 0.000 0.000 2.000 -2.000 2.000 0.000 0.000 0.000 0.000 0.000 0.000 0.000 0.000 0.000 -2.000 2.000 -2.000 0.000 0.000 0.000 0.000 0.000 0.000 0.000 0.000 0.000 0.000 0.000 -1.000 -1.000 0.000 0.000 0.000 0.000 0.000 0.000 0.000 0.000 0.000 -1.000 0.000 0.000 0.000 0.000 0.000 0.000 0.000 0.000 0.000 0.000 0.000 0.000 -1.000 0.000 0.000 0.000 0.000 0.000 0.000 0.000 0.000 0.000 0.000 -1.000 0.000 -1.000 0.000 0.000 0.000 0.000 0.000 0.000 0.000 0.000 0.000
-GM8  2   2.000 2.000 1.000 1.000 0.000 -1.732 -1.732 0.000 0.000 0.000 0.000 0.000 0.000 -2.000 -1.000 -1.000 0.000 1.732 1.732 0.000 0.000 0.000 0.000 0.000 0.000 2.000 1.000 -1.000 0.000 -1.732 1.732 0.000 0.000 0.000 0.000 0.000 0.000 -2.000 -1.000 1.000 0.000 1.732 -1.732 0.000 0.000 0.000 0.000 0.000 0.000 0.000 0.000 0.000 0.000 0.000 1.000 1.000 0.000 0.000 0.000 0.000 0.000 0.000 -1.000 1.000 1.000 0.000 0.000 0.000 0.000 0.000 0.000 0.000 0.000 0.000 0.000 0.000 1.000 0.000 1.000 0.000 0.000 0.000 0.000 0.000 0.000 0.000 -1.000 1.000 0.000 0.000 0.000 1.000 0.000 0.000 0.000 0.000 0.000 0.000
-GM9  2   2.000 2.000 1.000 1.000 0.000 1.732 1.732 0.000 0.000 0.000 0.000 0.000 0.000 -2.000 -1.000 -1.000 0.000 -1.732 -1.732 0.000 0.000 0.000 0.000 0.000 0.000 2.000 1.000 -1.000 0.000 1.732 -1.732 0.000 0.000 0.000 0.000 0.000 0.000 -2.000 -1.000 1.000 0.000 -1.732 1.732 0.000 0.000 0.000 0.000 0.000 0.000 0.000 0.000 0.000 0.000 0.000 0.000 0.000 0.000 0.000 0.000 0.000 0.000 0.000 -1.000 1.000 1.000 0.000 1.000 1.000 0.000 0.000 0.000 0.000 0.000 0.000 0.000 0.000 1.000 0.000 0.000 1.000 0.000 0.000 0.000 0.000 0.000 0.000 -1.000 1.000 0.000 0.000 1.000 0.000 0.000 0.000 0.000 0.000 0.000 0.000



kpoint  A : 0.000000 0.000000 0.500000 ; A  :  0.0 0.0 0.5 :  1 2 3 4 5 6 7 8 9 10 11 12
-A7  2   2.000 2.000 -2.000 -2.000 0.000 0.000 0.000 0.000 0.000 0.000 0.000 0.000 0.000 -2.000 2.000 2.000 0.000 0.000 0.000 0.000 0.000 0.000 0.000 0.000 0.000 -0.000 -0.000 -0.000 0.000 0.000 0.000 0.000 0.000 0.000 0.000 0.000 0.000 -0.000 -0.000 -0.000 0.000 0.000 0.000 0.000 0.000 0.000 0.000 0.000 0.000 0.000 0.000 -1.000 -1.000 0.000 0.000 0.000 0.000 0.000 0.000 0.000 0.000 0.000 -1.000 0.000 0.000 0.000 0.000 0.000 0.000 0.000 0.000 0.000 0.000 0.000 0.500 -0.500 0.500 0.000 0.000 0.000 0.000 0.000 0.000 0.000 0.000 0.000 -0.500 0.500 -0.500 0.000 0.000 0.000 0.000 0.000 0.000 0.000 0.000 0.000
-A8  2   2.000 2.000 1.000 1.000 0.000 -0.000 -0.000 0.000 0.000 0.000 0.000 0.000 0.000 -2.000 -1.000 -1.000 0.000 -0.000 -0.000 0.000 0.000 0.000 0.000 0.000 0.000 -0.000 0.000 0.000 0.000 -1.732 1.732 0.000 0.000 0.000 0.000 0.000 0.000 -0.000 0.000 0.000 0.000 1.732 -1.732 0.000 0.000 0.000 0.000 0.000 0.000 0.000 0.000 0.000 0.000 0.000 -0.500 -0.500 0.000 0.000 0.000 0.000 0.000 0.000 -1.000 1.000 1.000 0.000 0.500 0.500 0.000 0.000 0.000 0.000 0.000 0.000 0.500 0.500 -0.500 0.000 1.000 0.000 0.000 0.000 0.000 0.000 0.000 0.000 -0.500 -0.500 0.500 0.000 0.000 1.000 0.000 0.000 0.000 0.000 0.000 0.000
-A9  2   2.000 2.000 1.000 1.000 0.000 -0.000 -0.000 0.000 0.000 0.000 0.000 0.000 0.000 -2.000 -1.000 -1.000 0.000 -0.000 -0.000 0.000 0.000 0.000 0.000 0.000 0.000 -0.000 0.000 0.000 0.000 1.732 -1.732 0.000 0.000 0.000 0.000 0.000 0.000 -0.000 0.000 0.000 0.000 -1.732 1.732 0.000 0.000 0.000 0.000 0.000 0.000 0.000 0.000 0.000 0.000 0.000 0.500 0.500 0.000 0.000 0.000 0.000 0.000 0.000 -1.000 1.000 1.000 0.000 -0.500 -0.500 0.000 0.000 0.000 0.000 0.000 0.000 0.500 0.500 -0.500 0.000 0.000 1.000 0.000 0.000 0.000 0.000 0.000 0.000 -0.500 -0.500 0.500 0.000 1.000 0.000 0.000 0.000 0.000 0.000 0.000 0.000



kpoint  H : 0.333333 0.333333 0.500000 ; H  :  0.3333333333333333 0.3333333333333333 0.5 :  1 2 3 4 5 6
-H4H5  2   2.000 2.000 -2.000 -2.000 0.000 0.000 0.000 -2.000 2.000 2.000 0.000 0.000 0.000 0.000 0.000 0.000 0.000 0.000 0.000 0.000 0.000 0.000 0.000 0.000 0.000 0.000 0.000 -1.000 -1.000 0.000 0.000 0.000 -1.000 0.000 0.000 0.000 0.000 0.000 0.000 0.000 0.000 0.000 0.000 0.000 0.000 0.000 0.000 0.000 0.000 0.000
-H6  2   2.000 2.000 1.000 1.000 0.000 0.000 0.000 -2.000 -1.000 -1.000 0.000 0.000 0.000 2.000 -1.000 -1.000 0.000 0.000 0.000 -2.000 1.000 1.000 0.000 0.000 0.000 0.000 0.000 0.000 0.000 0.000 0.000 0.000 -1.000 1.000 1.000 0.000 0.000 0.000 0.000 1.000 1.000 0.000 0.000 0.000 -1.000 0.000 0.000 0.000 0.000 0.000



kpoint  K : 0.333333 0.333333 0.000000 ; K  :  0.3333333333333333 0.3333333333333333 0.0 :  1 2 3 4 5 6
-K4K5  2   2.000 2.000 -2.000 -2.000 0.000 0.000 0.000 -2.000 2.000 2.000 0.000 0.000 0.000 0.000 0.000 0.000 0.000 0.000 0.000 0.000 0.000 0.000 0.000 0.000 0.000 0.000 0.000 -1.000 -1.000 0.000 0.000 0.000 -1.000 0.000 0.000 0.000 0.000 0.000 0.000 0.000 0.000 0.000 0.000 0.000 0.000 0.000 0.000 0.000 0.000 0.000
-K6  2   2.000 2.000 1.000 1.000 0.000 0.000 0.000 -2.000 -1.000 -1.000 0.000 0.000 0.000 2.000 -1.000 -1.000 0.000 0.000 0.000 -2.000 1.000 1.000 0.000 0.000 0.000 0.000 0.000 0.000 0.000 0.000 0.000 0.000 -1.000 1.000 1.000 0.000 0.000 0.000 0.000 1.000 1.000 0.000 0.000 0.000 -1.000 0.000 0.000 0.000 0.000 0.000



kpoint  L : 0.500000 0.000000 0.500000 ; L  :  0.5 0.0 0.5 :  1 2 3 4
-L5  2   2.000 2.000 0.000 0.000 0.000 -2.000 0.000 0.000 0.000 -0.000 0.000 0.000 0.000 -0.000 0.000 0.000 0.000 0.000 0.000 0.000 0.000 0.000 -1.000 0.000 0.000 0.000 0.500 0.000 0.000 0.000 -0.500 0.000 0.000 0.000



kpoint  M : 0.500000 0.000000 0.000000 ; M  :  0.5 0.0 0.0 :  1 2 3 4
-M5  2   2.000 2.000 0.000 0.000 0.000 -2.000 0.000 0.000 0.000 0.000 0.000 0.000 2.000 0.000 0.000 0.000 -2.000 0.000 0.000 0.000 0.000 0.000 -1.000 0.000 0.000 0.000 0.000 0.000 0.000 0.000 0.000 0.000 0.000 -1.000
