SG=F_S-43m
 name=216.77
 spinor=True
symmetries=
   1 0 0   0 1 0   0 0 1   0 0 0                                                                                                                            1.0 0.0 0.0 1.0    0.0 0.0 0.0 0.0
 -1 0 0   0 -1 0   0 0 1   0 0 0                                                                                                                           1.0 0.0 0.0 1.0    -0.5 0.0 0.0 0.5
 -1 0 0   0 1 0   0 0 -1   0 0 0                                                                                                                            0.0 1.0 1.0 0.0    0.0 1.0 0.0 0.0
 1 0 0   0 -1 0   0 0 -1   0 0 0                                                                                                                          0.0 1.0 1.0 0.0    0.0 -0.5 -0.5 0.0
   0 0 1   1 0 0   0 1 0   0 0 0  0.7071067811865476 0.7071067811865476 0.7071067811865476 0.7071067811865476    -0.7853981633974483 -2.356194490192345 -0.7853981633974483 0.7853981633974483
 0 0 1   -1 0 0   0 -1 0   0 0 0    0.7071067811865476 0.7071067811865476 0.7071067811865476 0.7071067811865476    0.7853981633974483 2.356194490192345 0.7853981633974483 -0.7853981633974483
 0 0 -1   -1 0 0   0 1 0   0 0 0  0.7071067811865476 0.7071067811865476 0.7071067811865476 0.7071067811865476    0.7853981633974483 -0.7853981633974483 -2.356194490192345 -0.7853981633974483
 0 0 -1   1 0 0   0 -1 0   0 0 0    0.7071067811865476 0.7071067811865476 0.7071067811865476 0.7071067811865476    -0.7853981633974483 0.7853981633974483 2.356194490192345 0.7853981633974483
   0 1 0   0 0 1   1 0 0   0 0 0    0.7071067811865476 0.7071067811865476 0.7071067811865476 0.7071067811865476    0.7853981633974483 0.7853981633974483 2.356194490192345 -0.7853981633974483
 0 -1 0   0 0 1   -1 0 0   0 0 0    0.7071067811865476 0.7071067811865476 0.7071067811865476 0.7071067811865476    -0.7853981633974483 2.356194490192345 0.7853981633974483 0.7853981633974483
 0 1 0   0 0 -1   -1 0 0   0 0 0  0.7071067811865476 0.7071067811865476 0.7071067811865476 0.7071067811865476    0.7853981633974483 -2.356194490192345 -0.7853981633974483 -0.7853981633974483
 0 -1 0   0 0 -1   1 0 0   0 0 0  0.7071067811865476 0.7071067811865476 0.7071067811865476 0.7071067811865476    -0.7853981633974483 -0.7853981633974483 -2.356194490192345 0.7853981633974483
   0 1 0   1 0 0   0 0 1   0 0 0                                                                                                                          0.0 1.0 1.0 0.0    0.0 0.75 0.25 0.0
 0 -1 0   -1 0 0   0 0 1   0 0 0                                                                                                                         0.0 1.0 1.0 0.0    0.0 -0.75 0.75 0.0
 0 1 0   -1 0 0   0 0 -1   0 0 0                                                                                                                          1.0 0.0 0.0 1.0    0.75 0.0 0.0 0.25
 0 -1 0   1 0 0   0 0 -1   0 0 0                                                                                                                          1.0 0.0 0.0 1.0    0.25 0.0 0.0 0.75
   1 0 0   0 0 1   0 1 0   0 0 0                                                               0.7071067811865475 0.7071067811865475 0.7071067811865475 0.7071067811865475    -0.5 0.0 1.0 0.5
 -1 0 0   0 0 1   0 -1 0   0 0 0                                                              0.7071067811865475 0.7071067811865475 0.7071067811865475 0.7071067811865475    0.0 -0.5 -0.5 0.0
 -1 0 0   0 0 -1   0 1 0   0 0 0                                                                0.7071067811865475 0.7071067811865475 0.7071067811865475 0.7071067811865475    0.0 0.5 0.5 0.0
 1 0 0   0 0 -1   0 -1 0   0 0 0                                                               0.7071067811865475 0.7071067811865475 0.7071067811865475 0.7071067811865475    0.5 0.0 1.0 -0.5
   0 0 1   0 1 0   1 0 0   0 0 0                                                             0.7071067811865475 0.7071067811865475 0.7071067811865475 0.7071067811865475    0.5 -0.5 -0.5 -0.5
 0 0 1   0 -1 0   -1 0 0   0 0 0                                                                0.7071067811865475 0.7071067811865475 0.7071067811865475 0.7071067811865475    0.0 0.0 1.0 0.0
 0 0 -1   0 1 0   -1 0 0   0 0 0                                                             0.7071067811865475 0.7071067811865475 0.7071067811865475 0.7071067811865475    -0.5 -0.5 -0.5 0.5
 0 0 -1   0 -1 0   1 0 0   0 0 0                                                                0.7071067811865475 0.7071067811865475 0.7071067811865475 0.7071067811865475    0.0 1.0 0.0 0.0


kpoint  GM : 0.000000 0.000000 0.000000 :  1 2 3 4 5 6 7 8 9 10 11 12 13 14 15 16 17 18 19 20 21 22 23 24
-GM6  2   2.000 2.000 0.000 0.000 0.000 -1.105 -1.105 -1.105 -1.105 -1.105 -1.105 -1.105 -1.105 0.000 0.000 1.414 1.414 0.000 1.414 1.414 0.000 0.000 1.414 0.000 1.414 -2.000 0.000 0.000 0.000 0.617 0.617 0.617 0.617 0.617 0.617 0.617 0.617 0.000 0.000 -1.414 -1.414 0.000 -1.414 -1.414 0.000 0.000 -1.414 0.000 -1.414 0.000 0.000 2.000 0.000 -1.105 -1.105 0.617 0.617 0.617 -1.105 -1.105 0.617 1.414 1.414 0.000 0.000 -1.414 0.000 0.000 -1.414 0.000 -1.414 0.000 1.414 0.000 0.000 -2.000 0.000 0.617 0.617 -1.105 -1.105 -1.105 0.617 0.617 -1.105 -1.414 -1.414 0.000 0.000 1.414 0.000 0.000 1.414 0.000 1.414 0.000 -1.414 0.000 0.000 0.000 0.000 0.000 1.000 1.000 1.000 1.000 1.000 1.000 1.000 1.000 0.000 0.000 0.000 0.000 0.000 0.000 0.000 0.000 0.000 0.000 0.000 0.000 -1.000 0.000 0.000 0.000 0.000 0.000 0.000 0.000 0.000 0.000 0.000 0.000 0.000 0.000 1.000 1.000 0.000 -1.000 -1.000 0.000 0.000 -1.000 0.000 -1.000 0.000 0.000 0.000 0.000 1.000 1.000 0.000 0.000 0.000 1.000 1.000 0.000 0.000 0.000 0.000 0.000 -1.000 0.000 0.000 -1.000 0.000 -1.000 0.000 0.000 0.000 0.000 -1.000 0.000 0.000 0.000 1.000 1.000 1.000 0.000 0.000 1.000 1.000 1.000 0.000 0.000 0.000 0.000 0.000 0.000 0.000 0.000 0.000 -1.000
-GM7  2   2.000 2.000 0.000 0.000 0.000 -1.105 -1.105 -1.105 -1.105 -1.105 -1.105 -1.105 -1.105 0.000 0.000 -1.414 -1.414 0.000 -1.414 -1.414 0.000 0.000 -1.414 0.000 -1.414 -2.000 0.000 0.000 0.000 0.617 0.617 0.617 0.617 0.617 0.617 0.617 0.617 0.000 0.000 1.414 1.414 0.000 1.414 1.414 0.000 0.000 1.414 0.000 1.414 0.000 0.000 2.000 0.000 -1.105 -1.105 0.617 0.617 0.617 -1.105 -1.105 0.617 -1.414 -1.414 0.000 0.000 1.414 0.000 0.000 1.414 0.000 1.414 0.000 -1.414 0.000 0.000 -2.000 0.000 0.617 0.617 -1.105 -1.105 -1.105 0.617 0.617 -1.105 1.414 1.414 0.000 0.000 -1.414 0.000 0.000 -1.414 0.000 -1.414 0.000 1.414 0.000 0.000 0.000 0.000 0.000 1.000 1.000 1.000 1.000 1.000 1.000 1.000 1.000 0.000 0.000 1.000 1.000 0.000 -1.000 -1.000 0.000 0.000 -1.000 0.000 -1.000 -1.000 0.000 0.000 0.000 0.000 0.000 0.000 0.000 0.000 0.000 0.000 0.000 0.000 0.000 0.000 0.000 0.000 0.000 0.000 0.000 0.000 0.000 0.000 0.000 0.000 0.000 0.000 0.000 1.000 1.000 0.000 0.000 0.000 1.000 1.000 0.000 1.000 1.000 0.000 0.000 0.000 0.000 0.000 0.000 0.000 0.000 0.000 -1.000 0.000 0.000 -1.000 0.000 0.000 0.000 1.000 1.000 1.000 0.000 0.000 1.000 0.000 0.000 0.000 0.000 -1.000 0.000 0.000 -1.000 0.000 -1.000 0.000 0.000
-GM8  4   4.000 4.000 0.000 0.000 0.000 -2.113 -2.113 -2.113 -2.113 -2.113 -2.113 -2.113 -2.113 0.000 0.000 0.000 0.000 0.000 0.000 0.000 0.000 0.000 0.000 0.000 0.000 -4.000 0.000 0.000 0.000 2.185 2.185 2.185 2.185 2.185 2.185 2.185 2.185 0.000 0.000 0.000 0.000 0.000 0.000 0.000 0.000 0.000 0.000 0.000 0.000 0.000 0.000 0.000 0.000 0.000 0.000 0.000 0.000 0.000 0.000 0.000 0.000 0.000 0.000 0.000 0.000 -0.128 -0.535 -0.128 -0.128 -0.128 -0.535 -0.128 -0.128 0.000 0.000 0.000 0.000 0.000 0.000 0.000 0.000 0.000 0.000 0.000 0.000 0.000 0.000 0.000 0.000 -0.535 -0.128 -0.535 -0.535 -0.535 -0.128 -0.535 -0.535 0.000 0.000 0.000 0.000 0.000 1.000 1.000 1.000 1.000 1.000 1.000 1.000 1.000 0.000 0.000 0.000 0.000 0.000 0.000 0.000 0.000 0.000 0.000 0.000 0.000 -1.000 0.000 0.000 0.000 0.000 0.000 0.000 0.000 0.000 0.000 0.000 0.000 0.000 0.000 0.000 0.000 0.000 0.000 0.000 0.000 0.000 0.000 0.000 0.000 0.000 0.000 0.000 0.000 0.000 0.000 0.000 0.000 0.000 0.000 0.000 0.000 -0.500 0.000 0.000 0.000 -0.537 -0.601 0.537 -0.537 -0.537 -0.601 -0.537 0.537 0.000 0.000 0.000 0.000 0.000 0.000 0.000 0.000 0.000 0.000 0.000 0.000 0.500 0.000 0.000 0.000 0.601 0.537 -0.601 0.601 0.601 0.537 0.601 -0.601



kpoint  L : 0.500000 0.500000 0.500000 ; L  :  0.5 0.5 0.5 :  1 2 3 4 5 6
-L4L5  2   2.000 2.000 -2.000 -2.000 0.000 0.000 0.000 -2.000 2.000 2.000 0.000 0.000 0.000 0.000 0.000 0.000 0.000 0.000 0.000 0.000 0.000 0.000 0.000 0.000 0.000 0.000 0.000 -1.000 -1.000 0.000 0.000 0.000 -1.000 0.000 0.000 0.000 0.000 0.000 0.000 0.000 0.000 0.000 0.000 0.000 0.000 0.000 0.000 0.000 0.000 0.000
-L6L6  4   4.000 4.000 2.000 2.000 0.000 0.000 0.000 -4.000 -2.000 -2.000 0.000 0.000 0.000 0.000 0.000 0.000 0.000 0.000 0.000 0.000 0.000 0.000 0.000 0.000 0.000 0.000 0.000 0.000 0.000 0.000 0.000 0.000 -1.000 1.000 1.000 0.000 0.000 0.000 0.000 0.000 0.000 0.000 0.000 0.000 0.000 0.000 0.000 0.000 0.000 0.000



kpoint  W : 0.500000 0.250000 0.750000 ; W  :  0.5 1.0 0.0 :  1 2 3 4
-W5W6  2   2.000 2.000 -0.000 0.000 0.000 -2.000 -0.000 0.000 0.000 0.000 0.000 0.000 0.000 0.000 0.000 0.000 0.000 0.000 0.000 -0.500 0.000 0.000 -1.000 0.500 0.000 0.000 0.000 0.000 0.000 0.000 0.000 0.000 0.000 0.000
-W7W8  2   2.000 2.000 -0.000 0.000 0.000 -2.000 -0.000 0.000 0.000 0.000 0.000 0.000 0.000 0.000 0.000 0.000 0.000 0.000 0.000 0.500 0.000 0.000 -1.000 -0.500 0.000 0.000 0.000 0.000 0.000 0.000 0.000 0.000 0.000 0.000



kpoint  X : 0.500000 0.000000 0.500000 ; X  :  0.0 1.0 0.0 :  1 2 3 4 5 6 7 8
-X6  2   2.000 2.000 0.000 0.000 0.000 0.000 -1.414 0.000 -1.414 -2.000 0.000 0.000 0.000 0.000 1.414 0.000 1.414 0.000 2.000 0.000 0.000 1.414 0.000 -1.414 0.000 0.000 -2.000 0.000 0.000 -1.414 0.000 1.414 0.000 0.000 0.000 0.000 0.000 0.000 0.000 1.000 0.000 1.000 -1.000 0.000 0.000 0.000 0.000 0.000 0.000 0.000 0.000 0.000 0.000 0.000 0.000 0.000 1.000 0.000 0.000 -1.000 0.000 0.000 1.000 0.000 0.000 0.000
-X7  2   2.000 2.000 0.000 0.000 0.000 0.000 1.414 0.000 1.414 -2.000 0.000 0.000 0.000 0.000 -1.414 0.000 -1.414 0.000 2.000 0.000 0.000 -1.414 0.000 1.414 0.000 0.000 -2.000 0.000 0.000 1.414 0.000 -1.414 0.000 0.000 0.000 0.000 0.000 0.000 0.000 0.000 0.000 0.000 -1.000 0.000 0.000 0.000 0.000 1.000 0.000 1.000 0.000 0.000 0.000 0.000 1.000 0.000 0.000 0.000 0.000 -1.000 0.000 0.000 0.000 0.000 1.000 0.000
