SG=P_I4_2/m
 name=84.58
 spinor=False
symmetries=
         1 0 0   0 1 0   0 0 1   0 0 0
       -1 0 0   0 -1 0   0 0 1   0 0 0
  0 -1 0   1 0 0   0 0 1   0 0 0.50000
  0 1 0   -1 0 0   0 0 1   0 0 0.50000
      -1 0 0   0 -1 0   0 0 -1   0 0 0
        1 0 0   0 1 0   0 0 -1   0 0 0
 0 1 0   -1 0 0   0 0 -1   0 0 0.50000
 0 -1 0   1 0 0   0 0 -1   0 0 0.50000


kpoint  GM : 0.000000 0.000000 0.000000 :  1 2 3 4 5 6 7 8
GM1+  1   1.000 1.000 1.000 1.000 1.000 1.000 1.000 1.000 1.000 1.000 1.000 1.000 1.000 1.000 1.000 1.000 1.000 1.000 1.000 1.000 1.000 1.000 1.000 1.000 1.000 1.000 1.000 1.000 1.000 1.000 1.000 1.000 1.000
GM1-  1   1.000 1.000 1.000 1.000 1.000 -1.000 -1.000 -1.000 -1.000 1.000 1.000 1.000 1.000 -1.000 -1.000 -1.000 -1.000 -1.000 -1.000 -1.000 -1.000 1.000 1.000 1.000 1.000 -1.000 -1.000 -1.000 -1.000 1.000 1.000 1.000 1.000 0.000 0.000 0.000 0.000 0.000 -1.000 -1.000 -1.000 -1.000 0.000 0.000 0.000 0.000 -1.000 -1.000 -1.000 -1.000 -1.000 -1.000 -1.000 -1.000 0.000 0.000 0.000 0.000 -1.000 -1.000 -1.000 -1.000 0.000 0.000 0.000 0.000
GM10GM12  2   2.000 2.000 0.000 1.414 1.414 -2.000 0.000 -1.414 -1.414 -2.000 0.000 -1.414 -1.414 2.000 0.000 1.414 1.414 0.000 0.000 0.000 0.000 0.000 0.000 0.000 0.000 0.000 0.000 0.000 0.000 0.000 0.000 0.000 0.000 0.000 0.000 0.000 0.000 0.000 -1.000 0.000 1.000 1.000 -1.000 0.000 1.000 1.000 0.000 0.000 0.000 0.000 0.000 0.000 0.000 0.000 0.000 0.000 0.000 0.000 0.000 0.000 0.000 0.000 0.000 0.000 0.000 0.000
GM11GM9  2   2.000 2.000 0.000 -1.414 -1.414 -2.000 0.000 1.414 1.414 -2.000 0.000 1.414 1.414 2.000 0.000 -1.414 -1.414 0.000 0.000 0.000 0.000 0.000 0.000 0.000 0.000 0.000 0.000 0.000 0.000 0.000 0.000 0.000 0.000 0.000 0.000 0.000 1.000 1.000 -1.000 0.000 0.000 0.000 -1.000 0.000 0.000 0.000 0.000 0.000 1.000 1.000 0.000 0.000 0.000 0.000 0.000 0.000 0.000 0.000 0.000 0.000 0.000 0.000 0.000 0.000 0.000 0.000
GM2+  1   1.000 1.000 1.000 -1.000 -1.000 1.000 1.000 -1.000 -1.000 1.000 1.000 -1.000 -1.000 1.000 1.000 -1.000 -1.000 1.000 1.000 -1.000 -1.000 1.000 1.000 -1.000 -1.000 1.000 1.000 -1.000 -1.000 1.000 1.000 -1.000 -1.000 0.000 0.000 0.000 -1.000 -1.000 0.000 0.000 -1.000 -1.000 0.000 0.000 -1.000 -1.000 0.000 0.000 -1.000 -1.000 0.000 0.000 -1.000 -1.000 0.000 0.000 -1.000 -1.000 0.000 0.000 -1.000 -1.000 0.000 0.000 -1.000 -1.000
GM2-  1   1.000 1.000 1.000 -1.000 -1.000 -1.000 -1.000 1.000 1.000 1.000 1.000 -1.000 -1.000 -1.000 -1.000 1.000 1.000 -1.000 -1.000 1.000 1.000 1.000 1.000 -1.000 -1.000 -1.000 -1.000 1.000 1.000 1.000 1.000 -1.000 -1.000 0.000 0.000 0.000 -1.000 -1.000 -1.000 -1.000 0.000 0.000 0.000 0.000 -1.000 -1.000 -1.000 -1.000 0.000 0.000 -1.000 -1.000 0.000 0.000 0.000 0.000 -1.000 -1.000 -1.000 -1.000 0.000 0.000 0.000 0.000 -1.000 -1.000
GM3+GM4+  2   2.000 2.000 -2.000 0.000 0.000 2.000 -2.000 0.000 0.000 2.000 -2.000 0.000 0.000 2.000 -2.000 0.000 0.000 0.000 0.000 0.000 0.000 0.000 0.000 0.000 0.000 0.000 0.000 0.000 0.000 0.000 0.000 0.000 0.000 0.000 0.000 -1.000 0.000 0.000 0.000 -1.000 0.000 0.000 0.000 -1.000 0.000 0.000 0.000 -1.000 0.000 0.000 0.000 0.000 0.000 0.000 0.000 0.000 0.000 0.000 0.000 0.000 0.000 0.000 0.000 0.000 0.000 0.000
GM3-GM4-  2   2.000 2.000 -2.000 0.000 0.000 -2.000 2.000 0.000 0.000 2.000 -2.000 0.000 0.000 -2.000 2.000 0.000 0.000 0.000 0.000 0.000 0.000 0.000 0.000 0.000 0.000 0.000 0.000 0.000 0.000 0.000 0.000 0.000 0.000 0.000 0.000 -1.000 0.000 0.000 -1.000 0.000 0.000 0.000 0.000 -1.000 0.000 0.000 -1.000 0.000 0.000 0.000 0.000 0.000 0.000 0.000 0.000 0.000 0.000 0.000 0.000 0.000 0.000 0.000 0.000 0.000 0.000 0.000



kpoint  A : 0.500000 0.500000 0.500000 ; A  :  0.5 0.5 0.5 :  1 2 3 4 5 6 7 8
A1A1  4   4.000 4.000 4.000 0.000 0.000 0.000 0.000 0.000 0.000 4.000 4.000 0.000 0.000 0.000 0.000 0.000 0.000 0.000 0.000 0.000 0.000 0.000 0.000 0.000 0.000 0.000 0.000 0.000 0.000 0.000 0.000 0.000 0.000
A2  2   2.000 2.000 -2.000 0.000 0.000 0.000 0.000 0.000 0.000 2.000 -2.000 0.000 0.000 0.000 0.000 0.000 0.000 0.000 0.000 0.000 0.000 0.000 0.000 -0.000 -0.000 0.000 0.000 0.000 0.000 0.000 0.000 -0.000 -0.000 0.000 0.000 -1.000 0.000 0.000 0.000 0.000 0.000 0.000 0.000 -1.000 0.000 0.000 0.000 0.000 0.000 0.000 0.000 0.000 0.000 0.000 0.000 0.000 -0.500 0.500 0.000 0.000 0.000 0.000 0.000 0.000 -0.500 0.500



kpoint  M : 0.500000 0.500000 0.000000 ; M  :  0.5 0.5 0.0 :  1 2 3 4 5 6 7 8
M1+M2+  2   2.000 2.000 2.000 0.000 0.000 2.000 2.000 0.000 0.000 2.000 2.000 0.000 0.000 2.000 2.000 0.000 0.000 0.000 0.000 0.000 0.000 0.000 0.000 0.000 0.000 0.000 0.000 0.000 0.000 0.000 0.000 0.000 0.000
M1-M2-  2   2.000 2.000 2.000 0.000 0.000 -2.000 -2.000 0.000 0.000 2.000 2.000 0.000 0.000 -2.000 -2.000 0.000 0.000 0.000 0.000 0.000 0.000 0.000 0.000 0.000 0.000 0.000 0.000 0.000 0.000 0.000 0.000 0.000 0.000 0.000 0.000 0.000 0.000 0.000 -1.000 -1.000 0.000 0.000 0.000 0.000 0.000 0.000 -1.000 -1.000 0.000 0.000 0.000 0.000 0.000 0.000 0.000 0.000 0.000 0.000 0.000 0.000 0.000 0.000 0.000 0.000 0.000 0.000
M10M11  2   2.000 2.000 0.000 0.000 0.000 -2.000 0.000 0.000 0.000 -2.000 0.000 0.000 0.000 2.000 0.000 0.000 0.000 0.000 0.000 0.000 0.000 0.000 0.000 0.000 0.000 0.000 0.000 0.000 0.000 0.000 0.000 0.000 0.000 0.000 0.000 0.000 -0.500 0.500 -1.000 0.000 0.500 -0.500 -1.000 0.000 0.500 -0.500 0.000 0.000 -0.500 0.500 0.000 0.000 0.000 0.000 0.000 0.000 0.000 0.000 0.000 0.000 0.000 0.000 0.000 0.000 0.000 0.000
M12M9  2   2.000 2.000 0.000 0.000 0.000 -2.000 0.000 0.000 0.000 -2.000 0.000 0.000 0.000 2.000 0.000 0.000 0.000 0.000 0.000 0.000 0.000 0.000 0.000 0.000 0.000 0.000 0.000 0.000 0.000 0.000 0.000 0.000 0.000 0.000 0.000 0.000 0.500 -0.500 -1.000 0.000 -0.500 0.500 -1.000 0.000 -0.500 0.500 0.000 0.000 0.500 -0.500 0.000 0.000 0.000 0.000 0.000 0.000 0.000 0.000 0.000 0.000 0.000 0.000 0.000 0.000 0.000 0.000
M3+  1   1.000 1.000 -1.000 -0.000 -0.000 1.000 -1.000 -0.000 -0.000 1.000 -1.000 -0.000 -0.000 1.000 -1.000 -0.000 -0.000 1.000 -1.000 -0.000 -0.000 1.000 -1.000 -0.000 -0.000 1.000 -1.000 -0.000 -0.000 1.000 -1.000 -0.000 -0.000 0.000 0.000 -1.000 0.500 -0.500 0.000 -1.000 0.500 -0.500 0.000 -1.000 0.500 -0.500 0.000 -1.000 0.500 -0.500 0.000 -1.000 -0.500 0.500 0.000 -1.000 -0.500 0.500 0.000 -1.000 -0.500 0.500 0.000 -1.000 -0.500 0.500
M3-  1   1.000 1.000 -1.000 -0.000 -0.000 -1.000 1.000 -0.000 -0.000 1.000 -1.000 -0.000 -0.000 -1.000 1.000 -0.000 -0.000 -1.000 1.000 -0.000 -0.000 1.000 -1.000 -0.000 -0.000 -1.000 1.000 -0.000 -0.000 1.000 -1.000 -0.000 -0.000 0.000 0.000 -1.000 0.500 -0.500 -1.000 0.000 -0.500 0.500 0.000 -1.000 0.500 -0.500 -1.000 0.000 -0.500 0.500 -1.000 0.000 0.500 -0.500 0.000 -1.000 -0.500 0.500 -1.000 0.000 0.500 -0.500 0.000 -1.000 -0.500 0.500
M4+  1   1.000 1.000 -1.000 -0.000 -0.000 1.000 -1.000 -0.000 -0.000 1.000 -1.000 -0.000 -0.000 1.000 -1.000 -0.000 -0.000 1.000 -1.000 -0.000 -0.000 1.000 -1.000 -0.000 -0.000 1.000 -1.000 -0.000 -0.000 1.000 -1.000 -0.000 -0.000 0.000 0.000 -1.000 -0.500 0.500 0.000 -1.000 -0.500 0.500 0.000 -1.000 -0.500 0.500 0.000 -1.000 -0.500 0.500 0.000 -1.000 0.500 -0.500 0.000 -1.000 0.500 -0.500 0.000 -1.000 0.500 -0.500 0.000 -1.000 0.500 -0.500
M4-  1   1.000 1.000 -1.000 -0.000 -0.000 -1.000 1.000 -0.000 -0.000 1.000 -1.000 -0.000 -0.000 -1.000 1.000 -0.000 -0.000 -1.000 1.000 -0.000 -0.000 1.000 -1.000 -0.000 -0.000 -1.000 1.000 -0.000 -0.000 1.000 -1.000 -0.000 -0.000 0.000 0.000 -1.000 -0.500 0.500 -1.000 0.000 0.500 -0.500 0.000 -1.000 -0.500 0.500 -1.000 0.000 0.500 -0.500 -1.000 0.000 -0.500 0.500 0.000 -1.000 0.500 -0.500 -1.000 0.000 -0.500 0.500 0.000 -1.000 0.500 -0.500



kpoint  R : 0.000000 0.500000 0.500000 ; R  :  0.0 0.5 0.5 :  1 2 3 4
R1+R2+  2   2.000 2.000 0.000 2.000 0.000 2.000 0.000 2.000 0.000 0.000 0.000 0.000 0.000 0.000 0.000 0.000 0.000
R1-R2-  2   2.000 2.000 0.000 -2.000 0.000 2.000 0.000 -2.000 0.000 0.000 0.000 0.000 0.000 0.000 0.000 0.000 0.000 0.000 0.000 0.000 -1.000 0.000 0.000 0.000 -1.000 0.000 0.000 0.000 0.000 0.000 0.000 0.000 0.000 0.000
R5R5  2   2.000 2.000 -0.000 -2.000 -0.000 -2.000 -0.000 2.000 -0.000 0.000 0.000 0.000 0.000 0.000 0.000 0.000 0.000 0.000 0.000 -0.500 -1.000 0.500 -1.000 0.500 0.000 -0.500 0.000 0.000 0.000 0.000 0.000 0.000 0.000 0.000
R6R6  2   2.000 2.000 -0.000 -2.000 -0.000 -2.000 -0.000 2.000 -0.000 0.000 0.000 0.000 0.000 0.000 0.000 0.000 0.000 0.000 0.000 0.500 -1.000 -0.500 -1.000 -0.500 0.000 0.500 0.000 0.000 0.000 0.000 0.000 0.000 0.000 0.000



kpoint  X : 0.000000 0.500000 0.000000 ; X  :  0.0 0.5 0.0 :  1 2 3 4
X1+X2-  2   2.000 2.000 0.000 0.000 2.000 2.000 0.000 0.000 2.000 0.000 0.000 0.000 0.000 0.000 0.000 0.000 0.000
X1-X2+  2   2.000 2.000 0.000 0.000 -2.000 2.000 0.000 0.000 -2.000 0.000 0.000 0.000 0.000 0.000 0.000 0.000 0.000 0.000 0.000 0.000 0.000 -1.000 0.000 0.000 0.000 -1.000 0.000 0.000 0.000 0.000 0.000 0.000 0.000 0.000



kpoint  Z : 0.000000 0.000000 0.500000 ; Z  :  0.0 0.0 0.5 :  1 2 3 4 5 6 7 8
Z1  2   2.000 2.000 2.000 0.000 0.000 0.000 0.000 0.000 0.000 2.000 2.000 0.000 0.000 0.000 0.000 0.000 0.000 0.000 0.000 -0.000 -0.000 0.000 0.000 0.000 0.000 0.000 0.000 -0.000 -0.000 0.000 0.000 0.000 0.000 0.000 0.000 0.000 0.000 0.000 0.000 0.000 0.000 0.000 0.000 0.000 0.000 0.000 0.000 0.000 0.000 0.000 0.000 0.000 -0.500 -0.500 0.000 0.000 0.000 0.000 0.000 0.000 -0.500 -0.500 0.000 0.000 0.000 0.000
Z2Z2  4   4.000 4.000 -4.000 0.000 0.000 0.000 0.000 0.000 0.000 4.000 -4.000 0.000 0.000 0.000 0.000 0.000 0.000 0.000 0.000 0.000 0.000 0.000 0.000 0.000 0.000 0.000 0.000 0.000 0.000 0.000 0.000 0.000 0.000 0.000 0.000 -1.000 0.000 0.000 0.000 0.000 0.000 0.000 0.000 -1.000 0.000 0.000 0.000 0.000 0.000 0.000 0.000 0.000 0.000 0.000 0.000 0.000 0.000 0.000 0.000 0.000 0.000 0.000 0.000 0.000 0.000 0.000
