SG=<i>C</i><sub><i>a</i></sub><i>m</i><i>m</i><i>a</i>
 name=67.509
 spinor=False
symmetries=
       1 0 0 0 1 0 0 0 1    0 0 0    1.0 0.0 0.0 1.0    0.0 0.0 0.0 0.0
   -1 0 0 0 -1 0 0 0 1    0 1/2 0   1.0 0.0 0.0 1.0    -0.5 0.0 0.0 0.5
   -1 0 0 0 1 0 0 0 -1    0 1/2 0    0.0 1.0 1.0 0.0    0.0 1.0 0.0 0.0
     1 0 0 0 -1 0 0 0 -1    0 0 0  0.0 1.0 1.0 0.0    0.0 -0.5 -0.5 0.0
    -1 0 0 0 -1 0 0 0 -1    0 0 0    1.0 0.0 0.0 1.0    0.0 0.0 0.0 0.0
    1 0 0 0 1 0 0 0 -1    0 1/2 0   1.0 0.0 0.0 1.0    -0.5 0.0 0.0 0.5
    1 0 0 0 -1 0 0 0 1    0 1/2 0    0.0 1.0 1.0 0.0    0.0 1.0 0.0 0.0
      -1 0 0 0 1 0 0 0 1    0 0 0  0.0 1.0 1.0 0.0    0.0 -0.5 -0.5 0.0
     1 0 0 0 1 0 0 0 1    1/2 0 0    1.0 0.0 0.0 1.0    0.0 0.0 0.0 0.0
 -1 0 0 0 -1 0 0 0 1    1/2 1/2 0   1.0 0.0 0.0 1.0    -0.5 0.0 0.0 0.5
 -1 0 0 0 1 0 0 0 -1    1/2 1/2 0    0.0 1.0 1.0 0.0    0.0 1.0 0.0 0.0
   1 0 0 0 -1 0 0 0 -1    1/2 0 0  0.0 1.0 1.0 0.0    0.0 -0.5 -0.5 0.0
  -1 0 0 0 -1 0 0 0 -1    1/2 0 0    1.0 0.0 0.0 1.0    0.0 0.0 0.0 0.0
  1 0 0 0 1 0 0 0 -1    1/2 1/2 0   1.0 0.0 0.0 1.0    -0.5 0.0 0.0 0.5
  1 0 0 0 -1 0 0 0 1    1/2 1/2 0    0.0 1.0 1.0 0.0    0.0 1.0 0.0 0.0
    -1 0 0 0 1 0 0 0 1    1/2 0 0  0.0 1.0 1.0 0.0    0.0 -0.5 -0.5 0.0


kpoint  GM : 0.000000 0.000000 0.000000 :  1 2 3 4 5 6 7 8 9 10 11 12 13 14 15 16
-GM1+  1  1.0  1.0  1.0  1.0  1.0  1.0  1.0  1.0  1.0  1.0  1.0  1.0  1.0  1.0  1.0  1.0  1.0  1.0  1.0  1.0  1.0  1.0  1.0  1.0  1.0  1.0  1.0  1.0  1.0  1.0  1.0
-GM1-  1  1.0  1.0  1.0 -1.0 -1.0 -1.0 -1.0  1.0  1.0  1.0  1.0 -1.0 -1.0 -1.0 -1.0 -1.0 -1.0 -1.0 -1.0  1.0  1.0  1.0  1.0 -1.0 -1.0 -1.0 -1.0  1.0  1.0  1.0  1.0
-GM2+  1  1.0 -1.0 -1.0  1.0  1.0 -1.0 -1.0  1.0  1.0 -1.0 -1.0  1.0  1.0 -1.0 -1.0  1.0  1.0 -1.0 -1.0  1.0  1.0 -1.0 -1.0  1.0  1.0 -1.0 -1.0  1.0  1.0 -1.0 -1.0
-GM2-  1  1.0 -1.0 -1.0 -1.0 -1.0  1.0  1.0  1.0  1.0 -1.0 -1.0 -1.0 -1.0  1.0  1.0 -1.0 -1.0  1.0  1.0  1.0  1.0 -1.0 -1.0 -1.0 -1.0  1.0  1.0  1.0  1.0 -1.0 -1.0
-GM3+  1 -1.0 -1.0  1.0  1.0 -1.0 -1.0  1.0  1.0 -1.0 -1.0  1.0  1.0 -1.0 -1.0  1.0  1.0 -1.0 -1.0  1.0  1.0 -1.0 -1.0  1.0  1.0 -1.0 -1.0  1.0  1.0 -1.0 -1.0  1.0
-GM3-  1 -1.0 -1.0  1.0 -1.0  1.0  1.0 -1.0  1.0 -1.0 -1.0  1.0 -1.0  1.0  1.0 -1.0 -1.0  1.0  1.0 -1.0  1.0 -1.0 -1.0  1.0 -1.0  1.0  1.0 -1.0  1.0 -1.0 -1.0  1.0
-GM4+  1 -1.0  1.0 -1.0  1.0 -1.0  1.0 -1.0  1.0 -1.0  1.0 -1.0  1.0 -1.0  1.0 -1.0  1.0 -1.0  1.0 -1.0  1.0 -1.0  1.0 -1.0  1.0 -1.0  1.0 -1.0  1.0 -1.0  1.0 -1.0
-GM4-  1 -1.0  1.0 -1.0 -1.0  1.0 -1.0  1.0  1.0 -1.0  1.0 -1.0 -1.0  1.0 -1.0  1.0 -1.0  1.0 -1.0  1.0  1.0 -1.0  1.0 -1.0 -1.0  1.0 -1.0  1.0  1.0 -1.0  1.0 -1.0
-GM6   2  0.0  0.0  0.0 -2.0  0.0  0.0  0.0 -2.0  0.0  0.0  0.0  2.0  0.0  0.0  0.0  0.0 -2.0  0.0  0.0  0.0  2.0  0.0  0.0  0.0  2.0  0.0  0.0  0.0 -2.0  0.0  0.0



kpoint  R : 0.000000 0.500000 0.500000 :  1 2 3 4 5 6 7 8
-R1  2  0.0  0.0  0.0  2.0  0.0  0.0  0.0  0.0  0.0  0.0 -2.0  0.0  0.0  0.0 -2.0



kpoint  S : 0.000000 0.500000 0.000000 :  1 2 3 4 5 6 7 8
-S1  2  0.0  0.0  0.0  2.0  0.0  0.0  0.0  0.0  0.0  0.0 -2.0  0.0  0.0  0.0 -2.0



kpoint  T : 0.500000 0.500000 0.500000 :  1 2 3 4 5 6 7 8 9 10 11 12 13 14 15 16
-T1+  1 -1.0 -1.0  1.0  1.0 -1.0 -1.0  1.0  1.0 -1.0 -1.0  1.0  1.0 -1.0 -1.0  1.0  1.0 -1.0 -1.0  1.0  1.0 -1.0 -1.0  1.0  1.0 -1.0 -1.0  1.0  1.0 -1.0 -1.0  1.0
-T1-  1 -1.0 -1.0  1.0 -1.0  1.0  1.0 -1.0  1.0 -1.0 -1.0  1.0 -1.0  1.0  1.0 -1.0 -1.0  1.0  1.0 -1.0  1.0 -1.0 -1.0  1.0 -1.0  1.0  1.0 -1.0  1.0 -1.0 -1.0  1.0
-T2+  1 -1.0  1.0 -1.0  1.0 -1.0  1.0 -1.0  1.0 -1.0  1.0 -1.0  1.0 -1.0  1.0 -1.0  1.0 -1.0  1.0 -1.0  1.0 -1.0  1.0 -1.0  1.0 -1.0  1.0 -1.0  1.0 -1.0  1.0 -1.0
-T2-  1 -1.0  1.0 -1.0 -1.0  1.0 -1.0  1.0  1.0 -1.0  1.0 -1.0 -1.0  1.0 -1.0  1.0 -1.0  1.0 -1.0  1.0  1.0 -1.0  1.0 -1.0 -1.0  1.0 -1.0  1.0  1.0 -1.0  1.0 -1.0
-T3+  1  1.0  1.0  1.0  1.0  1.0  1.0  1.0  1.0  1.0  1.0  1.0  1.0  1.0  1.0  1.0  1.0  1.0  1.0  1.0  1.0  1.0  1.0  1.0  1.0  1.0  1.0  1.0  1.0  1.0  1.0  1.0
-T3-  1  1.0  1.0  1.0 -1.0 -1.0 -1.0 -1.0  1.0  1.0  1.0  1.0 -1.0 -1.0 -1.0 -1.0 -1.0 -1.0 -1.0 -1.0  1.0  1.0  1.0  1.0 -1.0 -1.0 -1.0 -1.0  1.0  1.0  1.0  1.0
-T4+  1  1.0 -1.0 -1.0  1.0  1.0 -1.0 -1.0  1.0  1.0 -1.0 -1.0  1.0  1.0 -1.0 -1.0  1.0  1.0 -1.0 -1.0  1.0  1.0 -1.0 -1.0  1.0  1.0 -1.0 -1.0  1.0  1.0 -1.0 -1.0
-T4-  1  1.0 -1.0 -1.0 -1.0 -1.0  1.0  1.0  1.0  1.0 -1.0 -1.0 -1.0 -1.0  1.0  1.0 -1.0 -1.0  1.0  1.0  1.0  1.0 -1.0 -1.0 -1.0 -1.0  1.0  1.0  1.0  1.0 -1.0 -1.0
-T6   2  0.0  0.0  0.0 -2.0  0.0  0.0  0.0 -2.0  0.0  0.0  0.0  2.0  0.0  0.0  0.0  0.0 -2.0  0.0  0.0  0.0  2.0  0.0  0.0  0.0  2.0  0.0  0.0  0.0 -2.0  0.0  0.0



kpoint  Y : 0.500000 0.500000 0.000000 :  1 2 3 4 5 6 7 8 9 10 11 12 13 14 15 16
-Y1+  1 -1.0 -1.0  1.0  1.0 -1.0 -1.0  1.0  1.0 -1.0 -1.0  1.0  1.0 -1.0 -1.0  1.0  1.0 -1.0 -1.0  1.0  1.0 -1.0 -1.0  1.0  1.0 -1.0 -1.0  1.0  1.0 -1.0 -1.0  1.0
-Y1-  1 -1.0 -1.0  1.0 -1.0  1.0  1.0 -1.0  1.0 -1.0 -1.0  1.0 -1.0  1.0  1.0 -1.0 -1.0  1.0  1.0 -1.0  1.0 -1.0 -1.0  1.0 -1.0  1.0  1.0 -1.0  1.0 -1.0 -1.0  1.0
-Y2+  1 -1.0  1.0 -1.0  1.0 -1.0  1.0 -1.0  1.0 -1.0  1.0 -1.0  1.0 -1.0  1.0 -1.0  1.0 -1.0  1.0 -1.0  1.0 -1.0  1.0 -1.0  1.0 -1.0  1.0 -1.0  1.0 -1.0  1.0 -1.0
-Y2-  1 -1.0  1.0 -1.0 -1.0  1.0 -1.0  1.0  1.0 -1.0  1.0 -1.0 -1.0  1.0 -1.0  1.0 -1.0  1.0 -1.0  1.0  1.0 -1.0  1.0 -1.0 -1.0  1.0 -1.0  1.0  1.0 -1.0  1.0 -1.0
-Y3+  1  1.0  1.0  1.0  1.0  1.0  1.0  1.0  1.0  1.0  1.0  1.0  1.0  1.0  1.0  1.0  1.0  1.0  1.0  1.0  1.0  1.0  1.0  1.0  1.0  1.0  1.0  1.0  1.0  1.0  1.0  1.0
-Y3-  1  1.0  1.0  1.0 -1.0 -1.0 -1.0 -1.0  1.0  1.0  1.0  1.0 -1.0 -1.0 -1.0 -1.0 -1.0 -1.0 -1.0 -1.0  1.0  1.0  1.0  1.0 -1.0 -1.0 -1.0 -1.0  1.0  1.0  1.0  1.0
-Y4+  1  1.0 -1.0 -1.0  1.0  1.0 -1.0 -1.0  1.0  1.0 -1.0 -1.0  1.0  1.0 -1.0 -1.0  1.0  1.0 -1.0 -1.0  1.0  1.0 -1.0 -1.0  1.0  1.0 -1.0 -1.0  1.0  1.0 -1.0 -1.0
-Y4-  1  1.0 -1.0 -1.0 -1.0 -1.0  1.0  1.0  1.0  1.0 -1.0 -1.0 -1.0 -1.0  1.0  1.0 -1.0 -1.0  1.0  1.0  1.0  1.0 -1.0 -1.0 -1.0 -1.0  1.0  1.0  1.0  1.0 -1.0 -1.0
-Y6   2  0.0  0.0  0.0 -2.0  0.0  0.0  0.0 -2.0  0.0  0.0  0.0  2.0  0.0  0.0  0.0  0.0 -2.0  0.0  0.0  0.0  2.0  0.0  0.0  0.0  2.0  0.0  0.0  0.0 -2.0  0.0  0.0



kpoint  Z : 0.000000 0.000000 0.500000 :  1 2 3 4 5 6 7 8 9 10 11 12 13 14 15 16
-Z1+  1  1.0  1.0  1.0  1.0  1.0  1.0  1.0  1.0  1.0  1.0  1.0  1.0  1.0  1.0  1.0  1.0  1.0  1.0  1.0  1.0  1.0  1.0  1.0  1.0  1.0  1.0  1.0  1.0  1.0  1.0  1.0
-Z1-  1  1.0  1.0  1.0 -1.0 -1.0 -1.0 -1.0  1.0  1.0  1.0  1.0 -1.0 -1.0 -1.0 -1.0 -1.0 -1.0 -1.0 -1.0  1.0  1.0  1.0  1.0 -1.0 -1.0 -1.0 -1.0  1.0  1.0  1.0  1.0
-Z2+  1  1.0 -1.0 -1.0  1.0  1.0 -1.0 -1.0  1.0  1.0 -1.0 -1.0  1.0  1.0 -1.0 -1.0  1.0  1.0 -1.0 -1.0  1.0  1.0 -1.0 -1.0  1.0  1.0 -1.0 -1.0  1.0  1.0 -1.0 -1.0
-Z2-  1  1.0 -1.0 -1.0 -1.0 -1.0  1.0  1.0  1.0  1.0 -1.0 -1.0 -1.0 -1.0  1.0  1.0 -1.0 -1.0  1.0  1.0  1.0  1.0 -1.0 -1.0 -1.0 -1.0  1.0  1.0  1.0  1.0 -1.0 -1.0
-Z3+  1 -1.0 -1.0  1.0  1.0 -1.0 -1.0  1.0  1.0 -1.0 -1.0  1.0  1.0 -1.0 -1.0  1.0  1.0 -1.0 -1.0  1.0  1.0 -1.0 -1.0  1.0  1.0 -1.0 -1.0  1.0  1.0 -1.0 -1.0  1.0
-Z3-  1 -1.0 -1.0  1.0 -1.0  1.0  1.0 -1.0  1.0 -1.0 -1.0  1.0 -1.0  1.0  1.0 -1.0 -1.0  1.0  1.0 -1.0  1.0 -1.0 -1.0  1.0 -1.0  1.0  1.0 -1.0  1.0 -1.0 -1.0  1.0
-Z4+  1 -1.0  1.0 -1.0  1.0 -1.0  1.0 -1.0  1.0 -1.0  1.0 -1.0  1.0 -1.0  1.0 -1.0  1.0 -1.0  1.0 -1.0  1.0 -1.0  1.0 -1.0  1.0 -1.0  1.0 -1.0  1.0 -1.0  1.0 -1.0
-Z4-  1 -1.0  1.0 -1.0 -1.0  1.0 -1.0  1.0  1.0 -1.0  1.0 -1.0 -1.0  1.0 -1.0  1.0 -1.0  1.0 -1.0  1.0  1.0 -1.0  1.0 -1.0 -1.0  1.0 -1.0  1.0  1.0 -1.0  1.0 -1.0
-Z6   2  0.0  0.0  0.0 -2.0  0.0  0.0  0.0 -2.0  0.0  0.0  0.0  2.0  0.0  0.0  0.0  0.0 -2.0  0.0  0.0  0.0  2.0  0.0  0.0  0.0  2.0  0.0  0.0  0.0 -2.0  0.0  0.0
