SG=<i>P</i>4/<i>n</i>1'
 name=85.60
 spinor=True
symmetries=
       1 0 0 0 1 0 0 0 1    0 0 0    1.0 0.0 0.0 1.0    0.0 0.0 0.0 0.0
 -1 0 0 0 -1 0 0 0 1    1/2 1/2 0   1.0 0.0 0.0 1.0    -0.5 0.0 0.0 0.5
    0 -1 0 1 0 0 0 0 1    1/2 0 0  1.0 0.0 0.0 1.0    0.75 0.0 0.0 0.25
    0 1 0 -1 0 0 0 0 1    0 1/2 0  1.0 0.0 0.0 1.0    0.25 0.0 0.0 0.75
    -1 0 0 0 -1 0 0 0 -1    0 0 0    1.0 0.0 0.0 1.0    0.0 0.0 0.0 0.0
  1 0 0 0 1 0 0 0 -1    1/2 1/2 0   1.0 0.0 0.0 1.0    -0.5 0.0 0.0 0.5
   0 1 0 -1 0 0 0 0 -1    1/2 0 0  1.0 0.0 0.0 1.0    0.75 0.0 0.0 0.25
   0 -1 0 1 0 0 0 0 -1    0 1/2 0  1.0 0.0 0.0 1.0    0.25 0.0 0.0 0.75
       1 0 0 0 1 0 0 0 1    0 0 0    1.0 0.0 0.0 1.0    0.0 0.0 0.0 0.0
 -1 0 0 0 -1 0 0 0 1    1/2 1/2 0   1.0 0.0 0.0 1.0    -0.5 0.0 0.0 0.5
    0 -1 0 1 0 0 0 0 1    1/2 0 0  1.0 0.0 0.0 1.0    0.75 0.0 0.0 0.25
    0 1 0 -1 0 0 0 0 1    0 1/2 0  1.0 0.0 0.0 1.0    0.25 0.0 0.0 0.75
    -1 0 0 0 -1 0 0 0 -1    0 0 0    1.0 0.0 0.0 1.0    0.0 0.0 0.0 0.0
  1 0 0 0 1 0 0 0 -1    1/2 1/2 0   1.0 0.0 0.0 1.0    -0.5 0.0 0.0 0.5
   0 1 0 -1 0 0 0 0 -1    1/2 0 0  1.0 0.0 0.0 1.0    0.75 0.0 0.0 0.25
   0 -1 0 1 0 0 0 0 -1    0 1/2 0  1.0 0.0 0.0 1.0    0.25 0.0 0.0 0.75


kpoint  GM : 0.000000 0.000000 0.000000 :  1 2 3 4 5 6 7 8 9 10 11 12 13 14 15 16
-GM5GM7  2  0.0 -1.414214 -1.414214  2.0  0.0 -1.414214 -1.414214 -2.0  0.0  1.414214  1.414214 -2.0  0.0  1.414214  1.414214  0.0  0.0  0.0  0.0  0.0  0.0  0.0  0.0  0.0  0.0  0.0  0.0  0.0  0.0  0.0  0.0
-GM6GM8  2  0.0  1.414214  1.414214  2.0  0.0  1.414214  1.414214 -2.0  0.0 -1.414214 -1.414214 -2.0  0.0 -1.414214 -1.414214  0.0  0.0  0.0  0.0  0.0  0.0  0.0  0.0  0.0  0.0  0.0  0.0  0.0  0.0  0.0  0.0



kpoint  A : 0.500000 0.500000 0.500000 :  1 2 3 4 5 6 7 8 9 10 11 12 13 14 15 16
-A3A4  4  0.0  0.0  0.0  0.0  0.0  0.0  0.0 -4.0  0.0  0.0  0.0  0.0  0.0  0.0  0.0  0.0  0.0  0.0  0.0  0.0  0.0  0.0  0.0  0.0  0.0  0.0  0.0  0.0  0.0  0.0  0.0



kpoint  M : 0.500000 0.500000 0.000000 :  1 2 3 4 5 6 7 8 9 10 11 12 13 14 15 16
-M3M4  4  0.0  0.0  0.0  0.0  0.0  0.0  0.0 -4.0  0.0  0.0  0.0  0.0  0.0  0.0  0.0  0.0  0.0  0.0  0.0  0.0  0.0  0.0  0.0  0.0  0.0  0.0  0.0  0.0  0.0  0.0  0.0



kpoint  R : 0.000000 0.500000 0.500000 :  1 2 3 4 5 6 7 8
-R2R2  4  0.0  0.0  0.0 -4.0  0.0  0.0  0.0  0.0  0.0  0.0  0.0  0.0  0.0  0.0  0.0



kpoint  X : 0.000000 0.500000 0.000000 :  1 2 3 4 5 6 7 8
-X2X2  4  0.0  0.0  0.0 -4.0  0.0  0.0  0.0  0.0  0.0  0.0  0.0  0.0  0.0  0.0  0.0



kpoint  Z : 0.000000 0.000000 0.500000 :  1 2 3 4 5 6 7 8 9 10 11 12 13 14 15 16
-Z5Z7  2  0.0 -1.414214 -1.414214  2.0  0.0 -1.414214 -1.414214 -2.0  0.0  1.414214  1.414214 -2.0  0.0  1.414214  1.414214  0.0  0.0  0.0  0.0  0.0  0.0  0.0  0.0  0.0  0.0  0.0  0.0  0.0  0.0  0.0  0.0
-Z6Z8  2  0.0  1.414214  1.414214  2.0  0.0  1.414214  1.414214 -2.0  0.0 -1.414214 -1.414214 -2.0  0.0 -1.414214 -1.414214  0.0  0.0  0.0  0.0  0.0  0.0  0.0  0.0  0.0  0.0  0.0  0.0  0.0  0.0  0.0  0.0
