SG=<i>P</i><sub><i>I</i></sub><i>b</i><i>a</i><i>m</i>
 name=55.364
 spinor=False
symmetries=
          1 0 0 0 1 0 0 0 1    0 0 0    1.0 0.0 0.0 1.0    0.0 0.0 0.0 0.0
        -1 0 0 0 -1 0 0 0 1    0 0 0   1.0 0.0 0.0 1.0    -0.5 0.0 0.0 0.5
    -1 0 0 0 1 0 0 0 -1    1/2 1/2 0    0.0 1.0 1.0 0.0    0.0 1.0 0.0 0.0
    1 0 0 0 -1 0 0 0 -1    1/2 1/2 0  0.0 1.0 1.0 0.0    0.0 -0.5 -0.5 0.0
       -1 0 0 0 -1 0 0 0 -1    0 0 0    1.0 0.0 0.0 1.0    0.0 0.0 0.0 0.0
         1 0 0 0 1 0 0 0 -1    0 0 0   1.0 0.0 0.0 1.0    -0.5 0.0 0.0 0.5
     1 0 0 0 -1 0 0 0 1    1/2 1/2 0    0.0 1.0 1.0 0.0    0.0 1.0 0.0 0.0
     -1 0 0 0 1 0 0 0 1    1/2 1/2 0  0.0 1.0 1.0 0.0    0.0 -0.5 -0.5 0.0
    1 0 0 0 1 0 0 0 1    1/2 1/2 1/2    1.0 0.0 0.0 1.0    0.0 0.0 0.0 0.0
  -1 0 0 0 -1 0 0 0 1    1/2 1/2 1/2   1.0 0.0 0.0 1.0    -0.5 0.0 0.0 0.5
      -1 0 0 0 1 0 0 0 -1    0 0 1/2    0.0 1.0 1.0 0.0    0.0 1.0 0.0 0.0
      1 0 0 0 -1 0 0 0 -1    0 0 1/2  0.0 1.0 1.0 0.0    0.0 -0.5 -0.5 0.0
 -1 0 0 0 -1 0 0 0 -1    1/2 1/2 1/2    1.0 0.0 0.0 1.0    0.0 0.0 0.0 0.0
   1 0 0 0 1 0 0 0 -1    1/2 1/2 1/2   1.0 0.0 0.0 1.0    -0.5 0.0 0.0 0.5
       1 0 0 0 -1 0 0 0 1    0 0 1/2    0.0 1.0 1.0 0.0    0.0 1.0 0.0 0.0
       -1 0 0 0 1 0 0 0 1    0 0 1/2  0.0 1.0 1.0 0.0    0.0 -0.5 -0.5 0.0


kpoint  GM : 0.000000 0.000000 0.000000 :  1 2 3 4 5 6 7 8 9 10 11 12 13 14 15 16
-GM1+  1  1.0  1.0  1.0  1.0  1.0  1.0  1.0  1.0  1.0  1.0  1.0  1.0  1.0  1.0  1.0  1.0  1.0  1.0  1.0  1.0  1.0  1.0  1.0  1.0  1.0  1.0  1.0  1.0  1.0  1.0  1.0
-GM1-  1  1.0  1.0  1.0 -1.0 -1.0 -1.0 -1.0  1.0  1.0  1.0  1.0 -1.0 -1.0 -1.0 -1.0 -1.0 -1.0 -1.0 -1.0  1.0  1.0  1.0  1.0 -1.0 -1.0 -1.0 -1.0  1.0  1.0  1.0  1.0
-GM2+  1  1.0 -1.0 -1.0  1.0  1.0 -1.0 -1.0  1.0  1.0 -1.0 -1.0  1.0  1.0 -1.0 -1.0  1.0  1.0 -1.0 -1.0  1.0  1.0 -1.0 -1.0  1.0  1.0 -1.0 -1.0  1.0  1.0 -1.0 -1.0
-GM2-  1  1.0 -1.0 -1.0 -1.0 -1.0  1.0  1.0  1.0  1.0 -1.0 -1.0 -1.0 -1.0  1.0  1.0 -1.0 -1.0  1.0  1.0  1.0  1.0 -1.0 -1.0 -1.0 -1.0  1.0  1.0  1.0  1.0 -1.0 -1.0
-GM3+  1 -1.0 -1.0  1.0  1.0 -1.0 -1.0  1.0  1.0 -1.0 -1.0  1.0  1.0 -1.0 -1.0  1.0  1.0 -1.0 -1.0  1.0  1.0 -1.0 -1.0  1.0  1.0 -1.0 -1.0  1.0  1.0 -1.0 -1.0  1.0
-GM3-  1 -1.0 -1.0  1.0 -1.0  1.0  1.0 -1.0  1.0 -1.0 -1.0  1.0 -1.0  1.0  1.0 -1.0 -1.0  1.0  1.0 -1.0  1.0 -1.0 -1.0  1.0 -1.0  1.0  1.0 -1.0  1.0 -1.0 -1.0  1.0
-GM4+  1 -1.0  1.0 -1.0  1.0 -1.0  1.0 -1.0  1.0 -1.0  1.0 -1.0  1.0 -1.0  1.0 -1.0  1.0 -1.0  1.0 -1.0  1.0 -1.0  1.0 -1.0  1.0 -1.0  1.0 -1.0  1.0 -1.0  1.0 -1.0
-GM4-  1 -1.0  1.0 -1.0 -1.0  1.0 -1.0  1.0  1.0 -1.0  1.0 -1.0 -1.0  1.0 -1.0  1.0 -1.0  1.0 -1.0  1.0  1.0 -1.0  1.0 -1.0 -1.0  1.0 -1.0  1.0  1.0 -1.0  1.0 -1.0
-GM6   2  0.0  0.0  0.0 -2.0  0.0  0.0  0.0 -2.0  0.0  0.0  0.0  2.0  0.0  0.0  0.0  0.0 -2.0  0.0  0.0  0.0  2.0  0.0  0.0  0.0  2.0  0.0  0.0  0.0 -2.0  0.0  0.0



kpoint  R : 0.500000 0.500000 0.500000 :  1 2 3 4 5 6 7 8 9 10 11 12 13 14 15 16
-R1+R2-  2  2.0  0.0  0.0  0.0  0.0  0.0  0.0  2.0  2.0  0.0  0.0  0.0  0.0  0.0  0.0  0.0  0.0  0.0  0.0  0.0  0.0  0.0  0.0  0.0  0.0  0.0  0.0  0.0  0.0  0.0  0.0
-R1-R2+  2  2.0  0.0  0.0  0.0  0.0  0.0  0.0  2.0  2.0  0.0  0.0  0.0  0.0  0.0  0.0  0.0  0.0  0.0  0.0  0.0  0.0  0.0  0.0  0.0  0.0  0.0  0.0  0.0  0.0  0.0  0.0
-R3+R4-  2 -2.0  0.0  0.0  0.0  0.0  0.0  0.0  2.0 -2.0  0.0  0.0  0.0  0.0  0.0  0.0  0.0  0.0  0.0  0.0  0.0  0.0  0.0  0.0  0.0  0.0  0.0  0.0  0.0  0.0  0.0  0.0
-R3-R4+  2 -2.0  0.0  0.0  0.0  0.0  0.0  0.0  2.0 -2.0  0.0  0.0  0.0  0.0  0.0  0.0  0.0  0.0  0.0  0.0  0.0  0.0  0.0  0.0  0.0  0.0  0.0  0.0  0.0  0.0  0.0  0.0



kpoint  S : 0.500000 0.500000 0.000000 :  1 2 3 4 5 6 7 8 9 10 11 12 13 14 15 16
-S1+  1  1.0  0.0  0.0  1.0  1.0  0.0  0.0  1.0  1.0  0.0  0.0  1.0  1.0  0.0  0.0  1.0  1.0  0.0  0.0  1.0  1.0  0.0  0.0  1.0  1.0  0.0  0.0  1.0  1.0  0.0  0.0
-S1-  1  1.0  0.0  0.0 -1.0 -1.0  0.0  0.0  1.0  1.0  0.0  0.0 -1.0 -1.0  0.0  0.0 -1.0 -1.0  0.0  0.0  1.0  1.0  0.0  0.0 -1.0 -1.0  0.0  0.0  1.0  1.0  0.0  0.0
-S2+  1  1.0  0.0  0.0  1.0  1.0  0.0  0.0  1.0  1.0  0.0  0.0  1.0  1.0  0.0  0.0  1.0  1.0  0.0  0.0  1.0  1.0  0.0  0.0  1.0  1.0  0.0  0.0  1.0  1.0  0.0  0.0
-S2-  1  1.0  0.0  0.0 -1.0 -1.0  0.0  0.0  1.0  1.0  0.0  0.0 -1.0 -1.0  0.0  0.0 -1.0 -1.0  0.0  0.0  1.0  1.0  0.0  0.0 -1.0 -1.0  0.0  0.0  1.0  1.0  0.0  0.0
-S3+  1 -1.0  0.0  0.0  1.0 -1.0  0.0  0.0  1.0 -1.0  0.0  0.0  1.0 -1.0  0.0  0.0  1.0 -1.0  0.0  0.0  1.0 -1.0  0.0  0.0  1.0 -1.0  0.0  0.0  1.0 -1.0  0.0  0.0
-S3-  1 -1.0  0.0  0.0 -1.0  1.0  0.0  0.0  1.0 -1.0  0.0  0.0 -1.0  1.0  0.0  0.0 -1.0  1.0  0.0  0.0  1.0 -1.0  0.0  0.0 -1.0  1.0  0.0  0.0  1.0 -1.0  0.0  0.0
-S4+  1 -1.0  0.0  0.0  1.0 -1.0  0.0  0.0  1.0 -1.0  0.0  0.0  1.0 -1.0  0.0  0.0  1.0 -1.0  0.0  0.0  1.0 -1.0  0.0  0.0  1.0 -1.0  0.0  0.0  1.0 -1.0  0.0  0.0
-S4-  1 -1.0  0.0  0.0 -1.0  1.0  0.0  0.0  1.0 -1.0  0.0  0.0 -1.0  1.0  0.0  0.0 -1.0  1.0  0.0  0.0  1.0 -1.0  0.0  0.0 -1.0  1.0  0.0  0.0  1.0 -1.0  0.0  0.0
-S6   2  0.0  0.0  0.0 -2.0  0.0  0.0  0.0 -2.0  0.0  0.0  0.0  2.0  0.0  0.0  0.0  0.0 -2.0  0.0  0.0  0.0  2.0  0.0  0.0  0.0  2.0  0.0  0.0  0.0 -2.0  0.0  0.0



kpoint  T : 0.000000 0.500000 0.500000 :  1 2 3 4 5 6 7 8 9 10 11 12 13 14 15 16
-T1T2  4  0.0  0.0  0.0  0.0  0.0  0.0  0.0  4.0  0.0  0.0  0.0  0.0  0.0  0.0  0.0  0.0  0.0  0.0  0.0  0.0  0.0  0.0  0.0  0.0  0.0  0.0  0.0  0.0  0.0  0.0  0.0



kpoint  U : 0.500000 0.000000 0.500000 :  1 2 3 4 5 6 7 8 9 10 11 12 13 14 15 16
-U1U2  4  0.0  0.0  0.0  0.0  0.0  0.0  0.0  4.0  0.0  0.0  0.0  0.0  0.0  0.0  0.0  0.0  0.0  0.0  0.0  0.0  0.0  0.0  0.0  0.0  0.0  0.0  0.0  0.0  0.0  0.0  0.0



kpoint  X : 0.500000 0.000000 0.000000 :  1 2 3 4 5 6 7 8 9 10 11 12 13 14 15 16
-X1  2  0.0  0.0  0.0  0.0  2.0  0.0  0.0  2.0  0.0  0.0  0.0  0.0  2.0  0.0  0.0  0.0  0.0  0.0  0.0  0.0  0.0  0.0  0.0  0.0  0.0  0.0  0.0  0.0  0.0  0.0  0.0
-X2  2  0.0  0.0  0.0  0.0 -2.0  0.0  0.0  2.0  0.0  0.0  0.0  0.0 -2.0  0.0  0.0  0.0  0.0  0.0  0.0  0.0  0.0  0.0  0.0  0.0  0.0  0.0  0.0  0.0  0.0  0.0  0.0



kpoint  Y : 0.000000 0.500000 0.000000 :  1 2 3 4 5 6 7 8 9 10 11 12 13 14 15 16
-Y1  2  0.0  0.0  0.0  0.0 -2.0  0.0  0.0  2.0  0.0  0.0  0.0  0.0 -2.0  0.0  0.0  0.0  0.0  0.0  0.0  0.0  0.0  0.0  0.0  0.0  0.0  0.0  0.0  0.0  0.0  0.0  0.0
-Y2  2  0.0  0.0  0.0  0.0  2.0  0.0  0.0  2.0  0.0  0.0  0.0  0.0  2.0  0.0  0.0  0.0  0.0  0.0  0.0  0.0  0.0  0.0  0.0  0.0  0.0  0.0  0.0  0.0  0.0  0.0  0.0



kpoint  Z : 0.000000 0.000000 0.500000 :  1 2 3 4 5 6 7 8 9 10 11 12 13 14 15 16
-Z1+Z2-  2  2.0  0.0  0.0  0.0  0.0  2.0  2.0  2.0  2.0  0.0  0.0  0.0  0.0  2.0  2.0  0.0  0.0  0.0  0.0  0.0  0.0  0.0  0.0  0.0  0.0  0.0  0.0  0.0  0.0  0.0  0.0
-Z1-Z2+  2  2.0  0.0  0.0  0.0  0.0 -2.0 -2.0  2.0  2.0  0.0  0.0  0.0  0.0 -2.0 -2.0  0.0  0.0  0.0  0.0  0.0  0.0  0.0  0.0  0.0  0.0  0.0  0.0  0.0  0.0  0.0  0.0
-Z3+Z4-  2 -2.0  0.0  0.0  0.0  0.0 -2.0  2.0  2.0 -2.0  0.0  0.0  0.0  0.0 -2.0  2.0  0.0  0.0  0.0  0.0  0.0  0.0  0.0  0.0  0.0  0.0  0.0  0.0  0.0  0.0  0.0  0.0
-Z3-Z4+  2 -2.0  0.0  0.0  0.0  0.0  2.0 -2.0  2.0 -2.0  0.0  0.0  0.0  0.0  2.0 -2.0  0.0  0.0  0.0  0.0  0.0  0.0  0.0  0.0  0.0  0.0  0.0  0.0  0.0  0.0  0.0  0.0
