SG=<i>P</i>3<i>c</i>11'
 name=158.58
 spinor=True
symmetries=
         1 0 0   0 1 0   0 0 1   0 0 0                                 1.0 0.0 0.0 1.0    0.0 0.0 0.0 0.0
       0 -1 0   1 -1 0   0 0 1   0 0 0   1.0 0.0 0.0 1.0    0.3333333333333333 0.0 0.0 0.6666666666666667
       -1 1 0   -1 0 0   0 0 1   0 0 0   1.0 0.0 0.0 1.0    0.6666666666666667 0.0 0.0 0.3333333333333333
 0 -1 0   -1 0 0   0 0 1   0 0 0.50000  0.0 1.0 1.0 0.0    0.0 -0.6666666666666667 0.6666666666666667 0.0
  -1 1 0   0 1 0   0 0 1   0 0 0.50000                                 0.0 1.0 1.0 0.0    0.0 1.0 0.0 0.0
  1 0 0   1 -1 0   0 0 1   0 0 0.50000   0.0 1.0 1.0 0.0    0.0 0.6666666666666667 0.3333333333333333 0.0


kpoint  GM : 0.000000 0.000000 0.000000 :  1 2 3 4 5 6
-GM4GM5  2   2.000 2.000 -2.000 -2.000 0.000 0.000 0.000 -2.000 2.000 2.000 0.000 0.000 0.000 0.000 0.000 0.000 0.000 0.000 0.000 0.000 0.000 0.000 0.000 0.000 0.000 0.000 0.000 -1.000 -1.000 0.000 0.000 0.000 -1.000 0.000 0.000 0.000 0.000 0.000 0.000 0.000 0.000 0.000 0.000 0.000 0.000 0.000 0.000 0.000 0.000 0.000
-GM6  2   2.000 2.000 1.000 1.000 0.000 0.000 0.000 -2.000 -1.000 -1.000 0.000 0.000 0.000 0.000 0.000 0.000 2.000 1.000 -1.000 0.000 0.000 0.000 -2.000 -1.000 1.000 0.000 0.000 0.000 0.000 0.000 0.000 0.000 -1.000 1.000 1.000 0.000 0.000 0.000 0.000 0.000 0.000 0.000 0.000 1.000 0.000 0.000 0.000 -1.000 1.000 0.000



kpoint  A : 0.000000 0.000000 0.500000 ; A  :  0.0 0.0 0.5 :  1 2 3 4 5 6
-A4A4  2   2.000 2.000 -2.000 -2.000 2.000 -2.000 2.000 -2.000 2.000 2.000 -2.000 2.000 -2.000 0.000 0.000 0.000 0.000 0.000 0.000 0.000 0.000 0.000 0.000 0.000 0.000 0.000 0.000 -1.000 -1.000 0.000 -1.000 0.000 -1.000 0.000 0.000 -1.000 0.000 -1.000 0.000 0.000 0.000 0.000 0.000 0.000 0.000 0.000 0.000 0.000 0.000 0.000
-A5A5  2   2.000 2.000 -2.000 -2.000 -2.000 2.000 -2.000 -2.000 2.000 2.000 2.000 -2.000 2.000 0.000 0.000 0.000 0.000 0.000 0.000 0.000 0.000 0.000 0.000 0.000 0.000 0.000 0.000 -1.000 -1.000 -1.000 0.000 -1.000 -1.000 0.000 0.000 0.000 -1.000 0.000 0.000 0.000 0.000 0.000 0.000 0.000 0.000 0.000 0.000 0.000 0.000 0.000
-A6A6  4   4.000 4.000 2.000 2.000 0.000 0.000 0.000 -4.000 -2.000 -2.000 0.000 0.000 0.000 0.000 0.000 0.000 0.000 0.000 0.000 0.000 0.000 0.000 0.000 0.000 0.000 0.000 0.000 0.000 0.000 0.000 0.000 0.000 -1.000 1.000 1.000 0.000 0.000 0.000 0.000 0.000 0.000 0.000 0.000 0.000 0.000 0.000 0.000 0.000 0.000 0.000



kpoint  H : 0.333333 0.333333 0.500000 ; H  :  0.3333333333333333 0.3333333333333333 0.5 :  1 2 3
-H4H4  2   2.000 2.000 -2.000 -2.000 -2.000 2.000 2.000 0.000 0.000 0.000 0.000 0.000 0.000 0.000 0.000 -1.000 -1.000 -1.000 0.000 0.000 0.000 0.000 0.000 0.000 0.000 0.000
-H5H5  2   2.000 2.000 1.000 1.000 -2.000 -1.000 -1.000 0.000 0.000 0.000 0.000 0.000 0.000 0.000 0.000 -0.333 0.333 -1.000 0.667 -0.667 0.000 0.000 0.000 0.000 0.000 0.000
-H6H6  2   2.000 2.000 1.000 1.000 -2.000 -1.000 -1.000 0.000 0.000 0.000 0.000 0.000 0.000 0.000 0.000 0.333 -0.333 -1.000 -0.667 0.667 0.000 0.000 0.000 0.000 0.000 0.000



kpoint  K : 0.333333 0.333333 0.000000 ; K  :  0.3333333333333333 0.3333333333333333 0.0 :  1 2 3
-K4  1   1.000 1.000 -1.000 -1.000 -1.000 1.000 1.000 1.000 -1.000 1.000 -1.000 1.000 -1.000 0.000 0.000 -1.000 -1.000 -1.000 0.000 0.000 0.000 -1.000 0.000 -1.000 0.000 -1.000
-K5  1   1.000 1.000 0.500 0.500 -1.000 -0.500 -0.500 1.000 0.500 -0.500 -1.000 -0.500 0.500 0.000 0.000 -0.333 0.333 -1.000 0.667 -0.667 0.000 0.333 0.667 -1.000 -0.667 -0.333
-K6  1   1.000 1.000 0.500 0.500 -1.000 -0.500 -0.500 1.000 0.500 -0.500 -1.000 -0.500 0.500 0.000 0.000 0.333 -0.333 -1.000 -0.667 0.667 0.000 -0.333 -0.667 -1.000 0.667 0.333



kpoint  L : 0.500000 0.000000 0.500000 ; L  :  0.5 0.0 0.5 :  1 2
-L3L3  2   2.000 2.000 2.000 -2.000 -2.000 0.000 0.000 0.000 0.000 0.000 0.000 0.000 -1.000 -1.000 0.000 0.000 0.000 0.000
-L4L4  2   2.000 2.000 -2.000 -2.000 2.000 0.000 0.000 0.000 0.000 0.000 0.000 -1.000 -1.000 0.000 0.000 0.000 0.000 0.000



kpoint  M : 0.500000 0.000000 0.000000 ; M  :  0.5 0.0 0.0 :  1 2
-M3M4  2   2.000 2.000 0.000 -2.000 0.000 0.000 0.000 0.000 0.000 0.000 0.000 0.000 -1.000 0.000 0.000 0.000 0.000 0.000
