SG=P6/mcc1'
 name=192.244
 spinor=False
symmetries=
          1 0 0   0 1 0   0 0 1   0 0 0
        0 -1 0   1 -1 0   0 0 1   0 0 0
        -1 1 0   -1 0 0   0 0 1   0 0 0
        -1 0 0   0 -1 0   0 0 1   0 0 0
         0 1 0   -1 1 0   0 0 1   0 0 0
         1 -1 0   1 0 0   0 0 1   0 0 0
   0 1 0   1 0 0   0 0 -1   0 0 0.50000
 1 -1 0   0 -1 0   0 0 -1   0 0 0.50000
 -1 0 0   -1 1 0   0 0 -1   0 0 0.50000
 0 -1 0   -1 0 0   0 0 -1   0 0 0.50000
  -1 1 0   0 1 0   0 0 -1   0 0 0.50000
  1 0 0   1 -1 0   0 0 -1   0 0 0.50000
       -1 0 0   0 -1 0   0 0 -1   0 0 0
        0 1 0   -1 1 0   0 0 -1   0 0 0
        1 -1 0   1 0 0   0 0 -1   0 0 0
         1 0 0   0 1 0   0 0 -1   0 0 0
       0 -1 0   1 -1 0   0 0 -1   0 0 0
       -1 1 0   -1 0 0   0 0 -1   0 0 0
  0 -1 0   -1 0 0   0 0 1   0 0 0.50000
   -1 1 0   0 1 0   0 0 1   0 0 0.50000
   1 0 0   1 -1 0   0 0 1   0 0 0.50000
    0 1 0   1 0 0   0 0 1   0 0 0.50000
  1 -1 0   0 -1 0   0 0 1   0 0 0.50000
  -1 0 0   -1 1 0   0 0 1   0 0 0.50000


kpoint  GM : 0.000000 0.000000 0.000000 :  1 2 3 4 5 6 7 8 9 10 11 12 13 14 15 16 17 18 19 20 21 22 23 24
GM1+  1   1.000 1.000 1.000 1.000 1.000 1.000 1.000 1.000 1.000 1.000 1.000 1.000 1.000 1.000 1.000 1.000 1.000 1.000 1.000 1.000 1.000 1.000 1.000 1.000 1.000 1.000 1.000 1.000 1.000 1.000 1.000 1.000 1.000 1.000 1.000 1.000 1.000 1.000 1.000 1.000 1.000 1.000 1.000 1.000 1.000 1.000 1.000 1.000 1.000 1.000 1.000 1.000 1.000 1.000 1.000 1.000 1.000 1.000 1.000 1.000 1.000 1.000 1.000 1.000 1.000 1.000 1.000 1.000 1.000 1.000 1.000 1.000 1.000 1.000 1.000 1.000 1.000 1.000 1.000 1.000 1.000 1.000 1.000 1.000 1.000 1.000 1.000 1.000 1.000 1.000 1.000 1.000 1.000 1.000 1.000 1.000 1.000
GM1-  1   1.000 1.000 1.000 1.000 1.000 1.000 1.000 1.000 1.000 1.000 1.000 1.000 1.000 -1.000 -1.000 -1.000 -1.000 -1.000 -1.000 -1.000 -1.000 -1.000 -1.000 -1.000 -1.000 1.000 1.000 1.000 1.000 1.000 1.000 1.000 1.000 1.000 1.000 1.000 1.000 -1.000 -1.000 -1.000 -1.000 -1.000 -1.000 -1.000 -1.000 -1.000 -1.000 -1.000 -1.000 -1.000 -1.000 -1.000 -1.000 -1.000 -1.000 -1.000 -1.000 -1.000 -1.000 -1.000 -1.000 1.000 1.000 1.000 1.000 1.000 1.000 1.000 1.000 1.000 1.000 1.000 1.000 -1.000 -1.000 -1.000 -1.000 -1.000 -1.000 -1.000 -1.000 -1.000 -1.000 -1.000 -1.000 1.000 1.000 1.000 1.000 1.000 1.000 1.000 1.000 1.000 1.000 1.000 1.000 0.000 0.000 0.000 0.000 0.000 0.000 0.000 0.000 0.000 0.000 0.000 0.000 0.000 -1.000 -1.000 -1.000 -1.000 -1.000 -1.000 -1.000 -1.000 -1.000 -1.000 -1.000 -1.000 0.000 0.000 0.000 0.000 0.000 0.000 0.000 0.000 0.000 0.000 0.000 0.000 -1.000 -1.000 -1.000 -1.000 -1.000 -1.000 -1.000 -1.000 -1.000 -1.000 -1.000 -1.000 -1.000 -1.000 -1.000 -1.000 -1.000 -1.000 -1.000 -1.000 -1.000 -1.000 -1.000 -1.000 0.000 0.000 0.000 0.000 0.000 0.000 0.000 0.000 0.000 0.000 0.000 0.000 -1.000 -1.000 -1.000 -1.000 -1.000 -1.000 -1.000 -1.000 -1.000 -1.000 -1.000 -1.000 0.000 0.000 0.000 0.000 0.000 0.000 0.000 0.000 0.000 0.000 0.000 0.000
GM10  2   2.000 2.000 -2.000 -2.000 0.000 0.000 0.000 0.000 0.000 0.000 0.000 0.000 0.000 -2.000 2.000 2.000 0.000 0.000 0.000 0.000 0.000 0.000 0.000 0.000 0.000 -2.000 2.000 2.000 0.000 0.000 0.000 0.000 0.000 0.000 0.000 0.000 0.000 2.000 -2.000 -2.000 0.000 0.000 0.000 0.000 0.000 0.000 0.000 0.000 0.000 0.000 0.000 0.000 0.000 0.000 0.000 -2.000 2.000 -2.000 0.000 0.000 0.000 0.000 0.000 0.000 0.000 0.000 0.000 2.000 -2.000 2.000 0.000 0.000 0.000 0.000 0.000 0.000 0.000 0.000 0.000 2.000 -2.000 2.000 0.000 0.000 0.000 0.000 0.000 0.000 0.000 0.000 0.000 -2.000 2.000 -2.000 0.000 0.000 0.000 0.000 0.000 -1.000 -1.000 0.000 0.000 0.000 0.000 0.000 0.000 0.000 0.000 0.000 -1.000 0.000 0.000 0.000 0.000 0.000 0.000 0.000 0.000 0.000 0.000 0.000 -1.000 0.000 0.000 0.000 0.000 0.000 0.000 0.000 0.000 0.000 0.000 0.000 0.000 -1.000 -1.000 0.000 0.000 0.000 0.000 0.000 0.000 0.000 0.000 0.000 0.000 0.000 0.000 0.000 0.000 0.000 -1.000 0.000 -1.000 0.000 0.000 0.000 0.000 0.000 0.000 0.000 0.000 0.000 0.000 -1.000 0.000 0.000 0.000 0.000 0.000 0.000 0.000 0.000 0.000 0.000 0.000 -1.000 0.000 0.000 0.000 0.000 0.000 0.000 0.000 0.000 0.000 0.000 -1.000 0.000 -1.000 0.000 0.000 0.000
GM11  2   2.000 2.000 1.000 1.000 0.000 -1.732 -1.732 0.000 0.000 0.000 0.000 0.000 0.000 -2.000 -1.000 -1.000 0.000 1.732 1.732 0.000 0.000 0.000 0.000 0.000 0.000 -2.000 -1.000 -1.000 0.000 1.732 1.732 0.000 0.000 0.000 0.000 0.000 0.000 2.000 1.000 1.000 0.000 -1.732 -1.732 0.000 0.000 0.000 0.000 0.000 0.000 0.000 0.000 0.000 0.000 0.000 0.000 -2.000 -1.000 1.000 0.000 1.732 -1.732 0.000 0.000 0.000 0.000 0.000 0.000 2.000 1.000 -1.000 0.000 -1.732 1.732 0.000 0.000 0.000 0.000 0.000 0.000 2.000 1.000 -1.000 0.000 -1.732 1.732 0.000 0.000 0.000 0.000 0.000 0.000 -2.000 -1.000 1.000 0.000 1.732 -1.732 0.000 0.000 0.000 0.000 0.000 1.000 1.000 0.000 0.000 0.000 0.000 0.000 0.000 -1.000 1.000 1.000 0.000 0.000 0.000 0.000 0.000 0.000 0.000 0.000 0.000 -1.000 1.000 1.000 0.000 0.000 0.000 0.000 0.000 0.000 0.000 0.000 0.000 0.000 0.000 0.000 0.000 1.000 1.000 0.000 0.000 0.000 0.000 0.000 0.000 0.000 0.000 0.000 0.000 0.000 0.000 -1.000 1.000 0.000 0.000 0.000 1.000 0.000 0.000 0.000 0.000 0.000 0.000 0.000 0.000 1.000 0.000 1.000 0.000 0.000 0.000 0.000 0.000 0.000 0.000 0.000 0.000 1.000 0.000 1.000 0.000 0.000 0.000 0.000 0.000 0.000 0.000 -1.000 1.000 0.000 0.000 0.000 1.000
GM12  2   2.000 2.000 1.000 1.000 0.000 1.732 1.732 0.000 0.000 0.000 0.000 0.000 0.000 -2.000 -1.000 -1.000 0.000 -1.732 -1.732 0.000 0.000 0.000 0.000 0.000 0.000 -2.000 -1.000 -1.000 0.000 -1.732 -1.732 0.000 0.000 0.000 0.000 0.000 0.000 2.000 1.000 1.000 0.000 1.732 1.732 0.000 0.000 0.000 0.000 0.000 0.000 0.000 0.000 0.000 0.000 0.000 0.000 -2.000 -1.000 1.000 0.000 -1.732 1.732 0.000 0.000 0.000 0.000 0.000 0.000 2.000 1.000 -1.000 0.000 1.732 -1.732 0.000 0.000 0.000 0.000 0.000 0.000 2.000 1.000 -1.000 0.000 1.732 -1.732 0.000 0.000 0.000 0.000 0.000 0.000 -2.000 -1.000 1.000 0.000 -1.732 1.732 0.000 0.000 0.000 0.000 0.000 0.000 0.000 0.000 0.000 0.000 0.000 0.000 0.000 -1.000 1.000 1.000 0.000 1.000 1.000 0.000 0.000 0.000 0.000 0.000 0.000 -1.000 1.000 1.000 0.000 1.000 1.000 0.000 0.000 0.000 0.000 0.000 0.000 0.000 0.000 0.000 0.000 0.000 0.000 0.000 0.000 0.000 0.000 0.000 0.000 0.000 0.000 0.000 0.000 0.000 0.000 -1.000 1.000 0.000 0.000 1.000 0.000 0.000 0.000 0.000 0.000 0.000 0.000 0.000 0.000 1.000 0.000 0.000 1.000 0.000 0.000 0.000 0.000 0.000 0.000 0.000 0.000 1.000 0.000 0.000 1.000 0.000 0.000 0.000 0.000 0.000 0.000 -1.000 1.000 0.000 0.000 1.000 0.000
GM2+  1   1.000 1.000 1.000 1.000 1.000 1.000 1.000 -1.000 -1.000 -1.000 -1.000 -1.000 -1.000 1.000 1.000 1.000 1.000 1.000 1.000 -1.000 -1.000 -1.000 -1.000 -1.000 -1.000 1.000 1.000 1.000 1.000 1.000 1.000 -1.000 -1.000 -1.000 -1.000 -1.000 -1.000 1.000 1.000 1.000 1.000 1.000 1.000 -1.000 -1.000 -1.000 -1.000 -1.000 -1.000 1.000 1.000 1.000 1.000 1.000 1.000 -1.000 -1.000 -1.000 -1.000 -1.000 -1.000 1.000 1.000 1.000 1.000 1.000 1.000 -1.000 -1.000 -1.000 -1.000 -1.000 -1.000 1.000 1.000 1.000 1.000 1.000 1.000 -1.000 -1.000 -1.000 -1.000 -1.000 -1.000 1.000 1.000 1.000 1.000 1.000 1.000 -1.000 -1.000 -1.000 -1.000 -1.000 -1.000 0.000 0.000 0.000 0.000 0.000 0.000 0.000 -1.000 -1.000 -1.000 -1.000 -1.000 -1.000 0.000 0.000 0.000 0.000 0.000 0.000 -1.000 -1.000 -1.000 -1.000 -1.000 -1.000 0.000 0.000 0.000 0.000 0.000 0.000 -1.000 -1.000 -1.000 -1.000 -1.000 -1.000 0.000 0.000 0.000 0.000 0.000 0.000 -1.000 -1.000 -1.000 -1.000 -1.000 -1.000 0.000 0.000 0.000 0.000 0.000 0.000 -1.000 -1.000 -1.000 -1.000 -1.000 -1.000 0.000 0.000 0.000 0.000 0.000 0.000 -1.000 -1.000 -1.000 -1.000 -1.000 -1.000 0.000 0.000 0.000 0.000 0.000 0.000 -1.000 -1.000 -1.000 -1.000 -1.000 -1.000 0.000 0.000 0.000 0.000 0.000 0.000 -1.000 -1.000 -1.000 -1.000 -1.000 -1.000
GM2-  1   1.000 1.000 1.000 1.000 1.000 1.000 1.000 -1.000 -1.000 -1.000 -1.000 -1.000 -1.000 -1.000 -1.000 -1.000 -1.000 -1.000 -1.000 1.000 1.000 1.000 1.000 1.000 1.000 1.000 1.000 1.000 1.000 1.000 1.000 -1.000 -1.000 -1.000 -1.000 -1.000 -1.000 -1.000 -1.000 -1.000 -1.000 -1.000 -1.000 1.000 1.000 1.000 1.000 1.000 1.000 -1.000 -1.000 -1.000 -1.000 -1.000 -1.000 1.000 1.000 1.000 1.000 1.000 1.000 1.000 1.000 1.000 1.000 1.000 1.000 -1.000 -1.000 -1.000 -1.000 -1.000 -1.000 -1.000 -1.000 -1.000 -1.000 -1.000 -1.000 1.000 1.000 1.000 1.000 1.000 1.000 1.000 1.000 1.000 1.000 1.000 1.000 -1.000 -1.000 -1.000 -1.000 -1.000 -1.000 0.000 0.000 0.000 0.000 0.000 0.000 0.000 -1.000 -1.000 -1.000 -1.000 -1.000 -1.000 -1.000 -1.000 -1.000 -1.000 -1.000 -1.000 0.000 0.000 0.000 0.000 0.000 0.000 0.000 0.000 0.000 0.000 0.000 0.000 -1.000 -1.000 -1.000 -1.000 -1.000 -1.000 -1.000 -1.000 -1.000 -1.000 -1.000 -1.000 0.000 0.000 0.000 0.000 0.000 0.000 -1.000 -1.000 -1.000 -1.000 -1.000 -1.000 0.000 0.000 0.000 0.000 0.000 0.000 0.000 0.000 0.000 0.000 0.000 0.000 -1.000 -1.000 -1.000 -1.000 -1.000 -1.000 -1.000 -1.000 -1.000 -1.000 -1.000 -1.000 0.000 0.000 0.000 0.000 0.000 0.000 0.000 0.000 0.000 0.000 0.000 0.000 -1.000 -1.000 -1.000 -1.000 -1.000 -1.000
GM3+  1   1.000 1.000 1.000 1.000 -1.000 -1.000 -1.000 1.000 1.000 1.000 -1.000 -1.000 -1.000 1.000 1.000 1.000 -1.000 -1.000 -1.000 1.000 1.000 1.000 -1.000 -1.000 -1.000 1.000 1.000 1.000 -1.000 -1.000 -1.000 1.000 1.000 1.000 -1.000 -1.000 -1.000 1.000 1.000 1.000 -1.000 -1.000 -1.000 1.000 1.000 1.000 -1.000 -1.000 -1.000 1.000 1.000 1.000 -1.000 -1.000 -1.000 1.000 1.000 1.000 -1.000 -1.000 -1.000 1.000 1.000 1.000 -1.000 -1.000 -1.000 1.000 1.000 1.000 -1.000 -1.000 -1.000 1.000 1.000 1.000 -1.000 -1.000 -1.000 1.000 1.000 1.000 -1.000 -1.000 -1.000 1.000 1.000 1.000 -1.000 -1.000 -1.000 1.000 1.000 1.000 -1.000 -1.000 -1.000 0.000 0.000 0.000 0.000 -1.000 -1.000 -1.000 0.000 0.000 0.000 -1.000 -1.000 -1.000 0.000 0.000 0.000 -1.000 -1.000 -1.000 0.000 0.000 0.000 -1.000 -1.000 -1.000 0.000 0.000 0.000 -1.000 -1.000 -1.000 0.000 0.000 0.000 -1.000 -1.000 -1.000 0.000 0.000 0.000 -1.000 -1.000 -1.000 0.000 0.000 0.000 -1.000 -1.000 -1.000 0.000 0.000 0.000 -1.000 -1.000 -1.000 0.000 0.000 0.000 -1.000 -1.000 -1.000 0.000 0.000 0.000 -1.000 -1.000 -1.000 0.000 0.000 0.000 -1.000 -1.000 -1.000 0.000 0.000 0.000 -1.000 -1.000 -1.000 0.000 0.000 0.000 -1.000 -1.000 -1.000 0.000 0.000 0.000 -1.000 -1.000 -1.000 0.000 0.000 0.000 -1.000 -1.000 -1.000
GM3-  1   1.000 1.000 1.000 1.000 -1.000 -1.000 -1.000 1.000 1.000 1.000 -1.000 -1.000 -1.000 -1.000 -1.000 -1.000 1.000 1.000 1.000 -1.000 -1.000 -1.000 1.000 1.000 1.000 1.000 1.000 1.000 -1.000 -1.000 -1.000 1.000 1.000 1.000 -1.000 -1.000 -1.000 -1.000 -1.000 -1.000 1.000 1.000 1.000 -1.000 -1.000 -1.000 1.000 1.000 1.000 -1.000 -1.000 -1.000 1.000 1.000 1.000 -1.000 -1.000 -1.000 1.000 1.000 1.000 1.000 1.000 1.000 -1.000 -1.000 -1.000 1.000 1.000 1.000 -1.000 -1.000 -1.000 -1.000 -1.000 -1.000 1.000 1.000 1.000 -1.000 -1.000 -1.000 1.000 1.000 1.000 1.000 1.000 1.000 -1.000 -1.000 -1.000 1.000 1.000 1.000 -1.000 -1.000 -1.000 0.000 0.000 0.000 0.000 -1.000 -1.000 -1.000 0.000 0.000 0.000 -1.000 -1.000 -1.000 -1.000 -1.000 -1.000 0.000 0.000 0.000 -1.000 -1.000 -1.000 0.000 0.000 0.000 0.000 0.000 0.000 -1.000 -1.000 -1.000 0.000 0.000 0.000 -1.000 -1.000 -1.000 -1.000 -1.000 -1.000 0.000 0.000 0.000 -1.000 -1.000 -1.000 0.000 0.000 0.000 -1.000 -1.000 -1.000 0.000 0.000 0.000 -1.000 -1.000 -1.000 0.000 0.000 0.000 0.000 0.000 0.000 -1.000 -1.000 -1.000 0.000 0.000 0.000 -1.000 -1.000 -1.000 -1.000 -1.000 -1.000 0.000 0.000 0.000 -1.000 -1.000 -1.000 0.000 0.000 0.000 0.000 0.000 0.000 -1.000 -1.000 -1.000 0.000 0.000 0.000 -1.000 -1.000 -1.000
GM4+  1   1.000 1.000 1.000 1.000 -1.000 -1.000 -1.000 -1.000 -1.000 -1.000 1.000 1.000 1.000 1.000 1.000 1.000 -1.000 -1.000 -1.000 -1.000 -1.000 -1.000 1.000 1.000 1.000 1.000 1.000 1.000 -1.000 -1.000 -1.000 -1.000 -1.000 -1.000 1.000 1.000 1.000 1.000 1.000 1.000 -1.000 -1.000 -1.000 -1.000 -1.000 -1.000 1.000 1.000 1.000 1.000 1.000 1.000 -1.000 -1.000 -1.000 -1.000 -1.000 -1.000 1.000 1.000 1.000 1.000 1.000 1.000 -1.000 -1.000 -1.000 -1.000 -1.000 -1.000 1.000 1.000 1.000 1.000 1.000 1.000 -1.000 -1.000 -1.000 -1.000 -1.000 -1.000 1.000 1.000 1.000 1.000 1.000 1.000 -1.000 -1.000 -1.000 -1.000 -1.000 -1.000 1.000 1.000 1.000 0.000 0.000 0.000 0.000 -1.000 -1.000 -1.000 -1.000 -1.000 -1.000 0.000 0.000 0.000 0.000 0.000 0.000 -1.000 -1.000 -1.000 -1.000 -1.000 -1.000 0.000 0.000 0.000 0.000 0.000 0.000 -1.000 -1.000 -1.000 -1.000 -1.000 -1.000 0.000 0.000 0.000 0.000 0.000 0.000 -1.000 -1.000 -1.000 -1.000 -1.000 -1.000 0.000 0.000 0.000 0.000 0.000 0.000 -1.000 -1.000 -1.000 -1.000 -1.000 -1.000 0.000 0.000 0.000 0.000 0.000 0.000 -1.000 -1.000 -1.000 -1.000 -1.000 -1.000 0.000 0.000 0.000 0.000 0.000 0.000 -1.000 -1.000 -1.000 -1.000 -1.000 -1.000 0.000 0.000 0.000 0.000 0.000 0.000 -1.000 -1.000 -1.000 -1.000 -1.000 -1.000 0.000 0.000 0.000
GM4-  1   1.000 1.000 1.000 1.000 -1.000 -1.000 -1.000 -1.000 -1.000 -1.000 1.000 1.000 1.000 -1.000 -1.000 -1.000 1.000 1.000 1.000 1.000 1.000 1.000 -1.000 -1.000 -1.000 1.000 1.000 1.000 -1.000 -1.000 -1.000 -1.000 -1.000 -1.000 1.000 1.000 1.000 -1.000 -1.000 -1.000 1.000 1.000 1.000 1.000 1.000 1.000 -1.000 -1.000 -1.000 -1.000 -1.000 -1.000 1.000 1.000 1.000 1.000 1.000 1.000 -1.000 -1.000 -1.000 1.000 1.000 1.000 -1.000 -1.000 -1.000 -1.000 -1.000 -1.000 1.000 1.000 1.000 -1.000 -1.000 -1.000 1.000 1.000 1.000 1.000 1.000 1.000 -1.000 -1.000 -1.000 1.000 1.000 1.000 -1.000 -1.000 -1.000 -1.000 -1.000 -1.000 1.000 1.000 1.000 0.000 0.000 0.000 0.000 -1.000 -1.000 -1.000 -1.000 -1.000 -1.000 0.000 0.000 0.000 -1.000 -1.000 -1.000 0.000 0.000 0.000 0.000 0.000 0.000 -1.000 -1.000 -1.000 0.000 0.000 0.000 -1.000 -1.000 -1.000 -1.000 -1.000 -1.000 0.000 0.000 0.000 -1.000 -1.000 -1.000 0.000 0.000 0.000 0.000 0.000 0.000 -1.000 -1.000 -1.000 -1.000 -1.000 -1.000 0.000 0.000 0.000 0.000 0.000 0.000 -1.000 -1.000 -1.000 0.000 0.000 0.000 -1.000 -1.000 -1.000 -1.000 -1.000 -1.000 0.000 0.000 0.000 -1.000 -1.000 -1.000 0.000 0.000 0.000 0.000 0.000 0.000 -1.000 -1.000 -1.000 0.000 0.000 0.000 -1.000 -1.000 -1.000 -1.000 -1.000 -1.000 0.000 0.000 0.000
GM5+  2   2.000 2.000 -1.000 -1.000 2.000 -1.000 -1.000 0.000 0.000 0.000 0.000 0.000 0.000 2.000 -1.000 -1.000 2.000 -1.000 -1.000 0.000 0.000 0.000 0.000 0.000 0.000 2.000 -1.000 -1.000 2.000 -1.000 -1.000 0.000 0.000 0.000 0.000 0.000 0.000 2.000 -1.000 -1.000 2.000 -1.000 -1.000 0.000 0.000 0.000 0.000 0.000 0.000 0.000 0.000 0.000 0.000 0.000 0.000 -0.000 0.000 0.000 -0.000 0.000 0.000 0.000 0.000 0.000 0.000 0.000 0.000 -0.000 0.000 0.000 -0.000 0.000 0.000 0.000 0.000 0.000 0.000 0.000 0.000 -0.000 0.000 0.000 -0.000 0.000 0.000 0.000 0.000 0.000 0.000 0.000 0.000 -0.000 0.000 0.000 -0.000 0.000 0.000 0.000 0.000 1.000 1.000 0.000 1.000 1.000 0.000 0.000 0.000 0.000 0.000 0.000 0.000 1.000 1.000 0.000 1.000 1.000 0.000 0.000 0.000 0.000 0.000 0.000 0.000 1.000 1.000 0.000 1.000 1.000 0.000 0.000 0.000 0.000 0.000 0.000 0.000 1.000 1.000 0.000 1.000 1.000 0.000 0.000 0.000 0.000 0.000 0.000 0.000 0.000 0.000 0.000 0.000 0.000 -0.500 0.500 0.500 -0.500 0.500 0.500 0.000 0.000 0.000 0.000 0.000 0.000 -0.500 0.500 0.500 -0.500 0.500 0.500 0.000 0.000 0.000 0.000 0.000 0.000 -0.500 0.500 0.500 -0.500 0.500 0.500 0.000 0.000 0.000 0.000 0.000 0.000 -0.500 0.500 0.500 -0.500 0.500 0.500
GM5-  2   2.000 2.000 -1.000 -1.000 2.000 -1.000 -1.000 0.000 0.000 0.000 0.000 0.000 0.000 -2.000 1.000 1.000 -2.000 1.000 1.000 0.000 0.000 0.000 0.000 0.000 0.000 2.000 -1.000 -1.000 2.000 -1.000 -1.000 0.000 0.000 0.000 0.000 0.000 0.000 -2.000 1.000 1.000 -2.000 1.000 1.000 0.000 0.000 0.000 0.000 0.000 0.000 0.000 0.000 0.000 0.000 0.000 0.000 -0.000 0.000 0.000 -0.000 0.000 0.000 0.000 0.000 0.000 0.000 0.000 0.000 -0.000 0.000 0.000 -0.000 0.000 0.000 0.000 0.000 0.000 0.000 0.000 0.000 -0.000 0.000 0.000 -0.000 0.000 0.000 0.000 0.000 0.000 0.000 0.000 0.000 -0.000 0.000 0.000 -0.000 0.000 0.000 0.000 0.000 1.000 1.000 0.000 1.000 1.000 0.000 0.000 0.000 0.000 0.000 0.000 -1.000 0.000 0.000 -1.000 0.000 0.000 0.000 0.000 0.000 0.000 0.000 0.000 0.000 1.000 1.000 0.000 1.000 1.000 0.000 0.000 0.000 0.000 0.000 0.000 -1.000 0.000 0.000 -1.000 0.000 0.000 0.000 0.000 0.000 0.000 0.000 0.000 0.000 0.000 0.000 0.000 0.000 0.000 0.500 -0.500 -0.500 0.500 -0.500 -0.500 0.000 0.000 0.000 0.000 0.000 0.000 -0.500 0.500 0.500 -0.500 0.500 0.500 0.000 0.000 0.000 0.000 0.000 0.000 0.500 -0.500 -0.500 0.500 -0.500 -0.500 0.000 0.000 0.000 0.000 0.000 0.000 -0.500 0.500 0.500 -0.500 0.500 0.500
GM6+  2   2.000 2.000 -1.000 -1.000 -2.000 1.000 1.000 0.000 0.000 0.000 0.000 0.000 0.000 2.000 -1.000 -1.000 -2.000 1.000 1.000 0.000 0.000 0.000 0.000 0.000 0.000 2.000 -1.000 -1.000 -2.000 1.000 1.000 0.000 0.000 0.000 0.000 0.000 0.000 2.000 -1.000 -1.000 -2.000 1.000 1.000 0.000 0.000 0.000 0.000 0.000 0.000 0.000 0.000 0.000 0.000 0.000 0.000 -0.000 0.000 0.000 -0.000 0.000 0.000 0.000 0.000 0.000 0.000 0.000 0.000 -0.000 0.000 0.000 -0.000 0.000 0.000 0.000 0.000 0.000 0.000 0.000 0.000 -0.000 0.000 0.000 -0.000 0.000 0.000 0.000 0.000 0.000 0.000 0.000 0.000 -0.000 0.000 0.000 -0.000 0.000 0.000 0.000 0.000 1.000 1.000 -1.000 0.000 0.000 0.000 0.000 0.000 0.000 0.000 0.000 0.000 1.000 1.000 -1.000 0.000 0.000 0.000 0.000 0.000 0.000 0.000 0.000 0.000 1.000 1.000 -1.000 0.000 0.000 0.000 0.000 0.000 0.000 0.000 0.000 0.000 1.000 1.000 -1.000 0.000 0.000 0.000 0.000 0.000 0.000 0.000 0.000 0.000 0.000 0.000 0.000 0.000 0.000 -0.500 0.500 0.500 0.500 -0.500 -0.500 0.000 0.000 0.000 0.000 0.000 0.000 -0.500 0.500 0.500 0.500 -0.500 -0.500 0.000 0.000 0.000 0.000 0.000 0.000 -0.500 0.500 0.500 0.500 -0.500 -0.500 0.000 0.000 0.000 0.000 0.000 0.000 -0.500 0.500 0.500 0.500 -0.500 -0.500
GM6-  2   2.000 2.000 -1.000 -1.000 -2.000 1.000 1.000 0.000 0.000 0.000 0.000 0.000 0.000 -2.000 1.000 1.000 2.000 -1.000 -1.000 0.000 0.000 0.000 0.000 0.000 0.000 2.000 -1.000 -1.000 -2.000 1.000 1.000 0.000 0.000 0.000 0.000 0.000 0.000 -2.000 1.000 1.000 2.000 -1.000 -1.000 0.000 0.000 0.000 0.000 0.000 0.000 0.000 0.000 0.000 0.000 0.000 0.000 -0.000 0.000 0.000 -0.000 0.000 0.000 0.000 0.000 0.000 0.000 0.000 0.000 -0.000 0.000 0.000 -0.000 0.000 0.000 0.000 0.000 0.000 0.000 0.000 0.000 -0.000 0.000 0.000 -0.000 0.000 0.000 0.000 0.000 0.000 0.000 0.000 0.000 -0.000 0.000 0.000 -0.000 0.000 0.000 0.000 0.000 1.000 1.000 -1.000 0.000 0.000 0.000 0.000 0.000 0.000 0.000 0.000 -1.000 0.000 0.000 0.000 1.000 1.000 0.000 0.000 0.000 0.000 0.000 0.000 0.000 1.000 1.000 -1.000 0.000 0.000 0.000 0.000 0.000 0.000 0.000 0.000 -1.000 0.000 0.000 0.000 1.000 1.000 0.000 0.000 0.000 0.000 0.000 0.000 0.000 0.000 0.000 0.000 0.000 0.000 0.500 -0.500 -0.500 -0.500 0.500 0.500 0.000 0.000 0.000 0.000 0.000 0.000 -0.500 0.500 0.500 0.500 -0.500 -0.500 0.000 0.000 0.000 0.000 0.000 0.000 0.500 -0.500 -0.500 -0.500 0.500 0.500 0.000 0.000 0.000 0.000 0.000 0.000 -0.500 0.500 0.500 0.500 -0.500 -0.500



kpoint  A : 0.000000 0.000000 0.500000 ; A  :  0.0 0.0 0.5 :  1 2 3 4 5 6 7 8 9 10 11 12 13 14 15 16 17 18 19 20 21 22 23 24
A1A2  4   4.000 4.000 -2.000 -2.000 4.000 -2.000 -2.000 0.000 0.000 0.000 0.000 0.000 0.000 0.000 0.000 0.000 0.000 0.000 0.000 0.000 0.000 0.000 0.000 0.000 0.000 4.000 -2.000 -2.000 4.000 -2.000 -2.000 0.000 0.000 0.000 0.000 0.000 0.000 0.000 0.000 0.000 0.000 0.000 0.000 0.000 0.000 0.000 0.000 0.000 0.000 0.000 0.000 0.000 0.000 0.000 0.000 0.000 0.000 0.000 0.000 0.000 0.000 0.000 0.000 0.000 0.000 0.000 0.000 0.000 0.000 0.000 0.000 0.000 0.000 0.000 0.000 0.000 0.000 0.000 0.000 0.000 0.000 0.000 0.000 0.000 0.000 0.000 0.000 0.000 0.000 0.000 0.000 0.000 0.000 0.000 0.000 0.000 0.000
A3A4  4   4.000 4.000 -2.000 -2.000 -4.000 2.000 2.000 0.000 0.000 0.000 0.000 0.000 0.000 0.000 0.000 0.000 0.000 0.000 0.000 0.000 0.000 0.000 0.000 0.000 0.000 4.000 -2.000 -2.000 -4.000 2.000 2.000 0.000 0.000 0.000 0.000 0.000 0.000 0.000 0.000 0.000 0.000 0.000 0.000 0.000 0.000 0.000 0.000 0.000 0.000 0.000 0.000 0.000 0.000 0.000 0.000 0.000 0.000 0.000 0.000 0.000 0.000 0.000 0.000 0.000 0.000 0.000 0.000 0.000 0.000 0.000 0.000 0.000 0.000 0.000 0.000 0.000 0.000 0.000 0.000 0.000 0.000 0.000 0.000 0.000 0.000 0.000 0.000 0.000 0.000 0.000 0.000 0.000 0.000 0.000 0.000 0.000 0.000 0.000 0.000 1.000 1.000 -1.000 0.000 0.000 0.000 0.000 0.000 0.000 0.000 0.000 0.000 0.000 0.000 0.000 0.000 0.000 0.000 0.000 0.000 0.000 0.000 0.000 0.000 1.000 1.000 -1.000 0.000 0.000 0.000 0.000 0.000 0.000 0.000 0.000 0.000 0.000 0.000 0.000 0.000 0.000 0.000 0.000 0.000 0.000 0.000 0.000 0.000 0.000 0.000 0.000 0.000 0.000 0.000 0.000 0.000 0.000 0.000 0.000 0.000 0.000 0.000 0.000 0.000 0.000 0.000 0.000 0.000 0.000 0.000 0.000 0.000 0.000 0.000 0.000 0.000 0.000 0.000 0.000 0.000 0.000 0.000 0.000 0.000 0.000 0.000 0.000 0.000 0.000 0.000 0.000 0.000 0.000 0.000 0.000
A5  2   2.000 2.000 2.000 2.000 2.000 2.000 2.000 0.000 0.000 0.000 0.000 0.000 0.000 0.000 0.000 0.000 0.000 0.000 0.000 0.000 0.000 0.000 0.000 0.000 0.000 2.000 2.000 2.000 2.000 2.000 2.000 0.000 0.000 0.000 0.000 0.000 0.000 0.000 0.000 0.000 0.000 0.000 0.000 0.000 0.000 0.000 0.000 0.000 0.000 -0.000 -0.000 -0.000 -0.000 -0.000 -0.000 0.000 0.000 0.000 0.000 0.000 0.000 0.000 0.000 0.000 0.000 0.000 0.000 0.000 0.000 0.000 0.000 0.000 0.000 -0.000 -0.000 -0.000 -0.000 -0.000 -0.000 0.000 0.000 0.000 0.000 0.000 0.000 0.000 0.000 0.000 0.000 0.000 0.000 0.000 0.000 0.000 0.000 0.000 0.000 0.000 0.000 0.000 0.000 0.000 0.000 0.000 0.000 0.000 0.000 0.000 0.000 0.000 0.000 0.000 0.000 0.000 0.000 0.000 0.000 0.000 0.000 0.000 0.000 0.000 0.000 0.000 0.000 0.000 0.000 0.000 0.000 0.000 0.000 0.000 0.000 0.000 0.000 0.000 0.000 0.000 0.000 0.000 0.000 0.000 0.000 0.000 0.000 0.000 -0.500 -0.500 -0.500 -0.500 -0.500 -0.500 0.000 0.000 0.000 0.000 0.000 0.000 0.000 0.000 0.000 0.000 0.000 0.000 0.000 0.000 0.000 0.000 0.000 0.000 -0.500 -0.500 -0.500 -0.500 -0.500 -0.500 0.000 0.000 0.000 0.000 0.000 0.000 0.000 0.000 0.000 0.000 0.000 0.000 0.000 0.000 0.000 0.000 0.000 0.000
A6  2   2.000 2.000 2.000 2.000 -2.000 -2.000 -2.000 0.000 0.000 0.000 0.000 0.000 0.000 0.000 0.000 0.000 0.000 0.000 0.000 0.000 0.000 0.000 0.000 0.000 0.000 2.000 2.000 2.000 -2.000 -2.000 -2.000 0.000 0.000 0.000 0.000 0.000 0.000 0.000 0.000 0.000 0.000 0.000 0.000 0.000 0.000 0.000 0.000 0.000 0.000 -0.000 -0.000 -0.000 -0.000 -0.000 -0.000 0.000 0.000 0.000 0.000 0.000 0.000 0.000 0.000 0.000 0.000 0.000 0.000 0.000 0.000 0.000 0.000 0.000 0.000 -0.000 -0.000 -0.000 -0.000 -0.000 -0.000 0.000 0.000 0.000 0.000 0.000 0.000 0.000 0.000 0.000 0.000 0.000 0.000 0.000 0.000 0.000 0.000 0.000 0.000 0.000 0.000 0.000 0.000 -1.000 -1.000 -1.000 0.000 0.000 0.000 0.000 0.000 0.000 0.000 0.000 0.000 0.000 0.000 0.000 0.000 0.000 0.000 0.000 0.000 0.000 0.000 0.000 0.000 -1.000 -1.000 -1.000 0.000 0.000 0.000 0.000 0.000 0.000 0.000 0.000 0.000 0.000 0.000 0.000 0.000 0.000 0.000 0.000 0.000 0.000 -0.500 -0.500 -0.500 0.500 0.500 0.500 0.000 0.000 0.000 0.000 0.000 0.000 0.000 0.000 0.000 0.000 0.000 0.000 0.000 0.000 0.000 0.000 0.000 0.000 -0.500 -0.500 -0.500 0.500 0.500 0.500 0.000 0.000 0.000 0.000 0.000 0.000 0.000 0.000 0.000 0.000 0.000 0.000 0.000 0.000 0.000 0.000 0.000 0.000



kpoint  H : 0.333333 0.333333 0.500000 ; H  :  0.3333333333333333 0.3333333333333333 0.5 :  1 2 3 4 5 6 7 8 9 10 11 12
H1H2  4   4.000 4.000 -2.000 -2.000 0.000 0.000 0.000 0.000 0.000 0.000 0.000 0.000 0.000 4.000 -2.000 -2.000 0.000 0.000 0.000 0.000 0.000 0.000 0.000 0.000 0.000 0.000 0.000 0.000 0.000 0.000 0.000 0.000 0.000 0.000 0.000 0.000 0.000 0.000 0.000 0.000 0.000 0.000 0.000 0.000 0.000 0.000 0.000 0.000 0.000
H3  2   2.000 2.000 2.000 2.000 0.000 0.000 0.000 0.000 0.000 0.000 0.000 0.000 0.000 2.000 2.000 2.000 0.000 0.000 0.000 0.000 0.000 0.000 0.000 0.000 0.000 2.000 2.000 2.000 0.000 0.000 0.000 0.000 0.000 0.000 0.000 0.000 0.000 2.000 2.000 2.000 0.000 0.000 0.000 0.000 0.000 0.000 0.000 0.000 0.000



kpoint  K : 0.333333 0.333333 0.000000 ; K  :  0.3333333333333333 0.3333333333333333 0.0 :  1 2 3 4 5 6 7 8 9 10 11 12
K1  1   1.000 1.000 1.000 1.000 1.000 1.000 1.000 1.000 1.000 1.000 1.000 1.000 1.000 1.000 1.000 1.000 1.000 1.000 1.000 1.000 1.000 1.000 1.000 1.000 1.000 1.000 1.000 1.000 1.000 1.000 1.000 1.000 1.000 1.000 1.000 1.000 1.000 1.000 1.000 1.000 1.000 1.000 1.000 1.000 1.000 1.000 1.000 1.000 1.000
K2  1   1.000 1.000 1.000 1.000 1.000 1.000 1.000 -1.000 -1.000 -1.000 -1.000 -1.000 -1.000 1.000 1.000 1.000 1.000 1.000 1.000 -1.000 -1.000 -1.000 -1.000 -1.000 -1.000 -1.000 -1.000 -1.000 -1.000 -1.000 -1.000 1.000 1.000 1.000 1.000 1.000 1.000 -1.000 -1.000 -1.000 -1.000 -1.000 -1.000 1.000 1.000 1.000 1.000 1.000 1.000 0.000 0.000 0.000 0.000 0.000 0.000 0.000 -1.000 -1.000 -1.000 -1.000 -1.000 -1.000 0.000 0.000 0.000 0.000 0.000 0.000 -1.000 -1.000 -1.000 -1.000 -1.000 -1.000 -1.000 -1.000 -1.000 -1.000 -1.000 -1.000 0.000 0.000 0.000 0.000 0.000 0.000 -1.000 -1.000 -1.000 -1.000 -1.000 -1.000 0.000 0.000 0.000 0.000 0.000 0.000
K3  1   1.000 1.000 1.000 1.000 -1.000 -1.000 -1.000 -1.000 -1.000 -1.000 1.000 1.000 1.000 1.000 1.000 1.000 -1.000 -1.000 -1.000 -1.000 -1.000 -1.000 1.000 1.000 1.000 -1.000 -1.000 -1.000 1.000 1.000 1.000 1.000 1.000 1.000 -1.000 -1.000 -1.000 -1.000 -1.000 -1.000 1.000 1.000 1.000 1.000 1.000 1.000 -1.000 -1.000 -1.000 0.000 0.000 0.000 0.000 -1.000 -1.000 -1.000 -1.000 -1.000 -1.000 0.000 0.000 0.000 0.000 0.000 0.000 -1.000 -1.000 -1.000 -1.000 -1.000 -1.000 0.000 0.000 0.000 -1.000 -1.000 -1.000 0.000 0.000 0.000 0.000 0.000 0.000 -1.000 -1.000 -1.000 -1.000 -1.000 -1.000 0.000 0.000 0.000 0.000 0.000 0.000 -1.000 -1.000 -1.000
K4  1   1.000 1.000 1.000 1.000 -1.000 -1.000 -1.000 1.000 1.000 1.000 -1.000 -1.000 -1.000 1.000 1.000 1.000 -1.000 -1.000 -1.000 1.000 1.000 1.000 -1.000 -1.000 -1.000 1.000 1.000 1.000 -1.000 -1.000 -1.000 1.000 1.000 1.000 -1.000 -1.000 -1.000 1.000 1.000 1.000 -1.000 -1.000 -1.000 1.000 1.000 1.000 -1.000 -1.000 -1.000 0.000 0.000 0.000 0.000 -1.000 -1.000 -1.000 0.000 0.000 0.000 -1.000 -1.000 -1.000 0.000 0.000 0.000 -1.000 -1.000 -1.000 0.000 0.000 0.000 -1.000 -1.000 -1.000 0.000 0.000 0.000 -1.000 -1.000 -1.000 0.000 0.000 0.000 -1.000 -1.000 -1.000 0.000 0.000 0.000 -1.000 -1.000 -1.000 0.000 0.000 0.000 -1.000 -1.000 -1.000
K5  2   2.000 2.000 -1.000 -1.000 0.000 0.000 0.000 2.000 -1.000 -1.000 0.000 0.000 0.000 2.000 -1.000 -1.000 0.000 0.000 0.000 2.000 -1.000 -1.000 0.000 0.000 0.000 0.000 0.000 0.000 2.000 -1.000 -1.000 0.000 0.000 0.000 2.000 -1.000 -1.000 0.000 0.000 0.000 2.000 -1.000 -1.000 0.000 0.000 0.000 2.000 -1.000 -1.000
K6  2   2.000 2.000 -1.000 -1.000 0.000 0.000 0.000 -2.000 1.000 1.000 0.000 0.000 0.000 2.000 -1.000 -1.000 0.000 0.000 0.000 -2.000 1.000 1.000 0.000 0.000 0.000 0.000 0.000 0.000 -2.000 1.000 1.000 0.000 0.000 0.000 2.000 -1.000 -1.000 0.000 0.000 0.000 -2.000 1.000 1.000 0.000 0.000 0.000 2.000 -1.000 -1.000 0.000 0.000 1.000 1.000 0.000 0.000 0.000 -1.000 0.000 0.000 0.000 0.000 0.000 0.000 1.000 1.000 0.000 0.000 0.000 -1.000 0.000 0.000 0.000 0.000 0.000 0.000 0.000 0.000 -1.000 0.000 0.000 0.000 0.000 0.000 0.000 1.000 1.000 0.000 0.000 0.000 -1.000 0.000 0.000 0.000 0.000 0.000 0.000 1.000 1.000



kpoint  L : 0.500000 0.000000 0.500000 ; L  :  0.5 0.0 0.5 :  1 2 3 4 5 6 7 8
L1  2   2.000 2.000 2.000 0.000 0.000 0.000 0.000 0.000 0.000 2.000 2.000 0.000 0.000 0.000 0.000 0.000 0.000 -0.000 -0.000 0.000 0.000 0.000 0.000 0.000 0.000 -0.000 -0.000 0.000 0.000 0.000 0.000 0.000 0.000 0.000 0.000 0.000 0.000 0.000 0.000 0.000 0.000 0.000 0.000 0.000 0.000 0.000 0.000 0.000 0.000 0.000 -0.500 -0.500 0.000 0.000 0.000 0.000 0.000 0.000 -0.500 -0.500 0.000 0.000 0.000 0.000 0.000 0.000
L2  2   2.000 2.000 -2.000 0.000 0.000 0.000 0.000 0.000 0.000 2.000 -2.000 0.000 0.000 0.000 0.000 0.000 0.000 -0.000 -0.000 0.000 0.000 0.000 0.000 0.000 0.000 -0.000 -0.000 0.000 0.000 0.000 0.000 0.000 0.000 0.000 0.000 -1.000 0.000 0.000 0.000 0.000 0.000 0.000 0.000 -1.000 0.000 0.000 0.000 0.000 0.000 0.000 -0.500 0.500 0.000 0.000 0.000 0.000 0.000 0.000 -0.500 0.500 0.000 0.000 0.000 0.000 0.000 0.000



kpoint  M : 0.500000 0.000000 0.000000 ; M  :  0.5 0.0 0.0 :  1 2 3 4 5 6 7 8
M1+  1   1.000 1.000 1.000 1.000 1.000 1.000 1.000 1.000 1.000 1.000 1.000 1.000 1.000 1.000 1.000 1.000 1.000 1.000 1.000 1.000 1.000 1.000 1.000 1.000 1.000 1.000 1.000 1.000 1.000 1.000 1.000 1.000 1.000
M1-  1   1.000 1.000 1.000 1.000 1.000 -1.000 -1.000 -1.000 -1.000 1.000 1.000 1.000 1.000 -1.000 -1.000 -1.000 -1.000 -1.000 -1.000 -1.000 -1.000 1.000 1.000 1.000 1.000 -1.000 -1.000 -1.000 -1.000 1.000 1.000 1.000 1.000 0.000 0.000 0.000 0.000 0.000 -1.000 -1.000 -1.000 -1.000 0.000 0.000 0.000 0.000 -1.000 -1.000 -1.000 -1.000 -1.000 -1.000 -1.000 -1.000 0.000 0.000 0.000 0.000 -1.000 -1.000 -1.000 -1.000 0.000 0.000 0.000 0.000
M2+  1   1.000 1.000 1.000 -1.000 -1.000 1.000 1.000 -1.000 -1.000 1.000 1.000 -1.000 -1.000 1.000 1.000 -1.000 -1.000 1.000 1.000 -1.000 -1.000 1.000 1.000 -1.000 -1.000 1.000 1.000 -1.000 -1.000 1.000 1.000 -1.000 -1.000 0.000 0.000 0.000 -1.000 -1.000 0.000 0.000 -1.000 -1.000 0.000 0.000 -1.000 -1.000 0.000 0.000 -1.000 -1.000 0.000 0.000 -1.000 -1.000 0.000 0.000 -1.000 -1.000 0.000 0.000 -1.000 -1.000 0.000 0.000 -1.000 -1.000
M2-  1   1.000 1.000 1.000 -1.000 -1.000 -1.000 -1.000 1.000 1.000 1.000 1.000 -1.000 -1.000 -1.000 -1.000 1.000 1.000 -1.000 -1.000 1.000 1.000 1.000 1.000 -1.000 -1.000 -1.000 -1.000 1.000 1.000 1.000 1.000 -1.000 -1.000 0.000 0.000 0.000 -1.000 -1.000 -1.000 -1.000 0.000 0.000 0.000 0.000 -1.000 -1.000 -1.000 -1.000 0.000 0.000 -1.000 -1.000 0.000 0.000 0.000 0.000 -1.000 -1.000 -1.000 -1.000 0.000 0.000 0.000 0.000 -1.000 -1.000
M3+  1   1.000 1.000 -1.000 1.000 -1.000 1.000 -1.000 1.000 -1.000 1.000 -1.000 1.000 -1.000 1.000 -1.000 1.000 -1.000 1.000 -1.000 1.000 -1.000 1.000 -1.000 1.000 -1.000 1.000 -1.000 1.000 -1.000 1.000 -1.000 1.000 -1.000 0.000 0.000 -1.000 0.000 -1.000 0.000 -1.000 0.000 -1.000 0.000 -1.000 0.000 -1.000 0.000 -1.000 0.000 -1.000 0.000 -1.000 0.000 -1.000 0.000 -1.000 0.000 -1.000 0.000 -1.000 0.000 -1.000 0.000 -1.000 0.000 -1.000
M3-  1   1.000 1.000 -1.000 1.000 -1.000 -1.000 1.000 -1.000 1.000 1.000 -1.000 1.000 -1.000 -1.000 1.000 -1.000 1.000 -1.000 1.000 -1.000 1.000 1.000 -1.000 1.000 -1.000 -1.000 1.000 -1.000 1.000 1.000 -1.000 1.000 -1.000 0.000 0.000 -1.000 0.000 -1.000 -1.000 0.000 -1.000 0.000 0.000 -1.000 0.000 -1.000 -1.000 0.000 -1.000 0.000 -1.000 0.000 -1.000 0.000 0.000 -1.000 0.000 -1.000 -1.000 0.000 -1.000 0.000 0.000 -1.000 0.000 -1.000
M4+  1   1.000 1.000 -1.000 -1.000 1.000 1.000 -1.000 -1.000 1.000 1.000 -1.000 -1.000 1.000 1.000 -1.000 -1.000 1.000 1.000 -1.000 -1.000 1.000 1.000 -1.000 -1.000 1.000 1.000 -1.000 -1.000 1.000 1.000 -1.000 -1.000 1.000 0.000 0.000 -1.000 -1.000 0.000 0.000 -1.000 -1.000 0.000 0.000 -1.000 -1.000 0.000 0.000 -1.000 -1.000 0.000 0.000 -1.000 -1.000 0.000 0.000 -1.000 -1.000 0.000 0.000 -1.000 -1.000 0.000 0.000 -1.000 -1.000 0.000
M4-  1   1.000 1.000 -1.000 -1.000 1.000 -1.000 1.000 1.000 -1.000 1.000 -1.000 -1.000 1.000 -1.000 1.000 1.000 -1.000 -1.000 1.000 1.000 -1.000 1.000 -1.000 -1.000 1.000 -1.000 1.000 1.000 -1.000 1.000 -1.000 -1.000 1.000 0.000 0.000 -1.000 -1.000 0.000 -1.000 0.000 0.000 -1.000 0.000 -1.000 -1.000 0.000 -1.000 0.000 0.000 -1.000 -1.000 0.000 0.000 -1.000 0.000 -1.000 -1.000 0.000 -1.000 0.000 0.000 -1.000 0.000 -1.000 -1.000 0.000
M6  2   2.000 2.000 0.000 0.000 0.000 -2.000 0.000 0.000 0.000 -2.000 0.000 0.000 0.000 2.000 0.000 0.000 0.000 0.000 -2.000 0.000 0.000 0.000 2.000 0.000 0.000 0.000 2.000 0.000 0.000 0.000 -2.000 0.000 0.000 0.000 0.000 0.000 0.000 0.000 -1.000 0.000 0.000 0.000 -1.000 0.000 0.000 0.000 0.000 0.000 0.000 0.000 0.000 -1.000 0.000 0.000 0.000 0.000 0.000 0.000 0.000 0.000 0.000 0.000 0.000 -1.000 0.000 0.000
