SG=<i>P</i><i>m</i>'<i>m</i><i>m</i>
 name=47.251
 spinor=False
symmetries=
    1 0 0 0 1 0 0 0 1    0 0 0    1.0 0.0 0.0 1.0    0.0 0.0 0.0 0.0
  1 0 0 0 -1 0 0 0 -1    0 0 0  0.0 1.0 1.0 0.0    0.0 -0.5 -0.5 0.0
   1 0 0 0 1 0 0 0 -1    0 0 0   1.0 0.0 0.0 1.0    -0.5 0.0 0.0 0.5
   1 0 0 0 -1 0 0 0 1    0 0 0    0.0 1.0 1.0 0.0    0.0 1.0 0.0 0.0
  -1 0 0 0 -1 0 0 0 1    0 0 0   1.0 0.0 0.0 1.0    -0.5 0.0 0.0 0.5
  -1 0 0 0 1 0 0 0 -1    0 0 0    0.0 1.0 1.0 0.0    0.0 1.0 0.0 0.0
 -1 0 0 0 -1 0 0 0 -1    0 0 0    1.0 0.0 0.0 1.0    0.0 0.0 0.0 0.0
   -1 0 0 0 1 0 0 0 1    0 0 0  0.0 1.0 1.0 0.0    0.0 -0.5 -0.5 0.0


kpoint  GM : 0.000000 0.000000 0.000000 :  1 2 3 4 5 6 7 8
-GM1  1  1.0  1.0  1.0  1.0  1.0  1.0  1.0  1.0  1.0  1.0  1.0  1.0  1.0  1.0  1.0
-GM2  1  1.0 -1.0 -1.0  1.0  1.0 -1.0 -1.0 -1.0 -1.0  1.0  1.0 -1.0 -1.0  1.0  1.0
-GM3  1 -1.0  1.0 -1.0  1.0 -1.0  1.0 -1.0  1.0 -1.0  1.0 -1.0  1.0 -1.0  1.0 -1.0
-GM4  1 -1.0 -1.0  1.0  1.0 -1.0 -1.0  1.0 -1.0  1.0  1.0 -1.0 -1.0  1.0  1.0 -1.0



kpoint  R : 0.500000 0.500000 0.500000 :  1 2 3 4 5 6 7 8
-R1  1  1.0  1.0  1.0  1.0  1.0  1.0  1.0  1.0  1.0  1.0  1.0  1.0  1.0  1.0  1.0
-R2  1  1.0 -1.0 -1.0  1.0  1.0 -1.0 -1.0 -1.0 -1.0  1.0  1.0 -1.0 -1.0  1.0  1.0
-R3  1 -1.0  1.0 -1.0  1.0 -1.0  1.0 -1.0  1.0 -1.0  1.0 -1.0  1.0 -1.0  1.0 -1.0
-R4  1 -1.0 -1.0  1.0  1.0 -1.0 -1.0  1.0 -1.0  1.0  1.0 -1.0 -1.0  1.0  1.0 -1.0



kpoint  S : 0.500000 0.500000 0.000000 :  1 2 3 4 5 6 7 8
-(S)T1  1  1.0  1.0  1.0  1.0  1.0  1.0  1.0  1.0  1.0  1.0  1.0  1.0  1.0  1.0  1.0
-(S)T2  1  1.0 -1.0 -1.0  1.0  1.0 -1.0 -1.0 -1.0 -1.0  1.0  1.0 -1.0 -1.0  1.0  1.0
-(S)T3  1 -1.0  1.0 -1.0  1.0 -1.0  1.0 -1.0  1.0 -1.0  1.0 -1.0  1.0 -1.0  1.0 -1.0
-(S)T4  1 -1.0 -1.0  1.0  1.0 -1.0 -1.0  1.0 -1.0  1.0  1.0 -1.0 -1.0  1.0  1.0 -1.0



kpoint  T : 0.000000 0.500000 0.500000 :  1 2 3 4 5 6 7 8
-(T)S1  1  1.0  1.0  1.0  1.0  1.0  1.0  1.0  1.0  1.0  1.0  1.0  1.0  1.0  1.0  1.0
-(T)S2  1  1.0 -1.0 -1.0  1.0  1.0 -1.0 -1.0 -1.0 -1.0  1.0  1.0 -1.0 -1.0  1.0  1.0
-(T)S3  1 -1.0  1.0 -1.0  1.0 -1.0  1.0 -1.0  1.0 -1.0  1.0 -1.0  1.0 -1.0  1.0 -1.0
-(T)S4  1 -1.0 -1.0  1.0  1.0 -1.0 -1.0  1.0 -1.0  1.0  1.0 -1.0 -1.0  1.0  1.0 -1.0



kpoint  U : 0.500000 0.000000 0.500000 :  1 2 3 4 5 6 7 8
-U1  1  1.0  1.0  1.0  1.0  1.0  1.0  1.0  1.0  1.0  1.0  1.0  1.0  1.0  1.0  1.0
-U2  1  1.0 -1.0 -1.0  1.0  1.0 -1.0 -1.0 -1.0 -1.0  1.0  1.0 -1.0 -1.0  1.0  1.0
-U3  1 -1.0  1.0 -1.0  1.0 -1.0  1.0 -1.0  1.0 -1.0  1.0 -1.0  1.0 -1.0  1.0 -1.0
-U4  1 -1.0 -1.0  1.0  1.0 -1.0 -1.0  1.0 -1.0  1.0  1.0 -1.0 -1.0  1.0  1.0 -1.0



kpoint  X : 0.500000 0.000000 0.000000 :  1 2 3 4 5 6 7 8
-(X)Z1  1  1.0  1.0  1.0  1.0  1.0  1.0  1.0  1.0  1.0  1.0  1.0  1.0  1.0  1.0  1.0
-(X)Z2  1  1.0 -1.0 -1.0  1.0  1.0 -1.0 -1.0 -1.0 -1.0  1.0  1.0 -1.0 -1.0  1.0  1.0
-(X)Z3  1 -1.0  1.0 -1.0  1.0 -1.0  1.0 -1.0  1.0 -1.0  1.0 -1.0  1.0 -1.0  1.0 -1.0
-(X)Z4  1 -1.0 -1.0  1.0  1.0 -1.0 -1.0  1.0 -1.0  1.0  1.0 -1.0 -1.0  1.0  1.0 -1.0



kpoint  Y : 0.000000 0.500000 0.000000 :  1 2 3 4 5 6 7 8
-Y1  1  1.0  1.0  1.0  1.0  1.0  1.0  1.0  1.0  1.0  1.0  1.0  1.0  1.0  1.0  1.0
-Y2  1  1.0 -1.0 -1.0  1.0  1.0 -1.0 -1.0 -1.0 -1.0  1.0  1.0 -1.0 -1.0  1.0  1.0
-Y3  1 -1.0  1.0 -1.0  1.0 -1.0  1.0 -1.0  1.0 -1.0  1.0 -1.0  1.0 -1.0  1.0 -1.0
-Y4  1 -1.0 -1.0  1.0  1.0 -1.0 -1.0  1.0 -1.0  1.0  1.0 -1.0 -1.0  1.0  1.0 -1.0



kpoint  Z : 0.000000 0.000000 0.500000 :  1 2 3 4 5 6 7 8
-(Z)X1  1  1.0  1.0  1.0  1.0  1.0  1.0  1.0  1.0  1.0  1.0  1.0  1.0  1.0  1.0  1.0
-(Z)X2  1  1.0 -1.0 -1.0  1.0  1.0 -1.0 -1.0 -1.0 -1.0  1.0  1.0 -1.0 -1.0  1.0  1.0
-(Z)X3  1 -1.0  1.0 -1.0  1.0 -1.0  1.0 -1.0  1.0 -1.0  1.0 -1.0  1.0 -1.0  1.0 -1.0
-(Z)X4  1 -1.0 -1.0  1.0  1.0 -1.0 -1.0  1.0 -1.0  1.0  1.0 -1.0 -1.0  1.0  1.0 -1.0
