SG=<i>I</i><sub><i>c</i></sub>-42<i>d</i>
 name=122.338
 spinor=True
symmetries=
       1 0 0 0 1 0 0 0 1    0 0 0     1.0 0.0 0.0 1.0    0.0 0.0 0.0 0.0
     -1 0 0 0 -1 0 0 0 1    0 0 0    1.0 0.0 0.0 1.0    -0.5 0.0 0.0 0.5
     0 1 0 -1 0 0 0 0 -1    0 0 0   1.0 0.0 0.0 1.0    0.75 0.0 0.0 0.25
     0 -1 0 1 0 0 0 0 -1    0 0 0   1.0 0.0 0.0 1.0    0.25 0.0 0.0 0.75
 -1 0 0 0 1 0 0 0 -1    0 1/2 1/4     0.0 1.0 1.0 0.0    0.0 1.0 0.0 0.0
 1 0 0 0 -1 0 0 0 -1    0 1/2 1/4   0.0 1.0 1.0 0.0    0.0 -0.5 -0.5 0.0
 0 -1 0 -1 0 0 0 0 1    0 1/2 1/4  0.0 1.0 1.0 0.0    0.0 -0.75 0.75 0.0
   0 1 0 1 0 0 0 0 1    0 1/2 1/4   0.0 1.0 1.0 0.0    0.0 0.75 0.25 0.0
     1 0 0 0 1 0 0 0 1    0 0 1/2     1.0 0.0 0.0 1.0    0.0 0.0 0.0 0.0
   -1 0 0 0 -1 0 0 0 1    0 0 1/2    1.0 0.0 0.0 1.0    -0.5 0.0 0.0 0.5
   0 1 0 -1 0 0 0 0 -1    0 0 1/2   1.0 0.0 0.0 1.0    0.75 0.0 0.0 0.25
   0 -1 0 1 0 0 0 0 -1    0 0 1/2   1.0 0.0 0.0 1.0    0.25 0.0 0.0 0.75
 -1 0 0 0 1 0 0 0 -1    0 1/2 3/4     0.0 1.0 1.0 0.0    0.0 1.0 0.0 0.0
 1 0 0 0 -1 0 0 0 -1    0 1/2 3/4   0.0 1.0 1.0 0.0    0.0 -0.5 -0.5 0.0
 0 -1 0 -1 0 0 0 0 1    0 1/2 3/4  0.0 1.0 1.0 0.0    0.0 -0.75 0.75 0.0
   0 1 0 1 0 0 0 0 1    0 1/2 3/4   0.0 1.0 1.0 0.0    0.0 0.75 0.25 0.0


kpoint  GM : 0.000000 0.000000 0.000000 :  1 2 3 4 5 6 7 8 9 10 11 12 13 14 15 16
-GM6  2  0.0 -1.414214 -1.414214  0.0  0.0  0.0  0.0 -2.0  0.0  1.414214  1.414214  0.0  0.0  0.0  0.0  0.0  0.0  0.0  0.0 -1.414214 -1.414214  2.0  0.0  0.0  0.0  0.0  0.0  1.414214  1.414214 -2.0  0.0
-GM7  2  0.0  1.414214  1.414214  0.0  0.0  0.0  0.0 -2.0  0.0 -1.414214 -1.414214  0.0  0.0  0.0  0.0  0.0  0.0  0.0  0.0  1.414214  1.414214  2.0  0.0  0.0  0.0  0.0  0.0 -1.414214 -1.414214 -2.0  0.0



kpoint  M : 0.500000 0.500000 0.500000 :  1 2 3 4 5 6 7 8 9 10 11 12 13 14 15 16
-M6M7  4  0.0  0.0  0.0  0.0  0.0  0.0  0.0 -4.0  0.0  0.0  0.0  0.0  0.0  0.0  0.0  0.0  0.0  0.0  0.0  0.0  0.0  0.0  0.0  0.0  0.0  0.0  0.0  0.0  0.0  0.0  0.0



kpoint  N : 0.000000 0.500000 0.000000 :  1 2 3 4
-N3  1  0.0 -1.0  0.0  1.0  0.0 -1.0  0.0
-N4  1  0.0 -1.0  0.0  1.0  0.0 -1.0  0.0



kpoint  P : 0.250000 0.250000 0.250000 :  1 2 3 4 5 6 7 8
-P3  1  0.0 -0.707107 -0.707107  1.0  0.0 -0.707107 -0.707107 -1.0  0.0  0.707107  0.707107 -1.0  0.0  0.707107  0.707107
-P4  1  0.0  0.707107  0.707107 -1.0  0.0 -0.707107 -0.707107 -1.0  0.0 -0.707107 -0.707107  1.0  0.0  0.707107  0.707107
-P5  1  0.0 -0.707107 -0.707107 -1.0  0.0  0.707107  0.707107 -1.0  0.0  0.707107  0.707107  1.0  0.0 -0.707107 -0.707107
-P6  1  0.0  0.707107  0.707107  1.0  0.0  0.707107  0.707107 -1.0  0.0 -0.707107 -0.707107 -1.0  0.0 -0.707107 -0.707107
-P7  2  0.0  0.000000  0.000000  0.0  0.0  0.000000  0.000000 -2.0  0.0  0.000000  0.000000  0.0  0.0  0.000000  0.000000



kpoint  PA : 0.750000 0.750000 0.750000 :  1 2 3 4 5 6 7 8
-PA3  1  0.0 -0.707107 -0.707107  1.0  0.0 -0.707107 -0.707107 -1.0  0.0  0.707107  0.707107 -1.0  0.0  0.707107  0.707107
-PA4  1  0.0  0.707107  0.707107 -1.0  0.0 -0.707107 -0.707107 -1.0  0.0 -0.707107 -0.707107  1.0  0.0  0.707107  0.707107
-PA5  1  0.0 -0.707107 -0.707107 -1.0  0.0  0.707107  0.707107 -1.0  0.0  0.707107  0.707107  1.0  0.0 -0.707107 -0.707107
-PA6  1  0.0  0.707107  0.707107  1.0  0.0  0.707107  0.707107 -1.0  0.0 -0.707107 -0.707107 -1.0  0.0 -0.707107 -0.707107
-PA7  2  0.0  0.000000  0.000000  0.0  0.0  0.000000  0.000000 -2.0  0.0  0.000000  0.000000  0.0  0.0  0.000000  0.000000



kpoint  X : 0.000000 0.000000 0.500000 :  1 2 3 4 5 6 7 8
-X2X3  2  0.0  0.0  2.0 -2.0  0.0  0.0 -2.0  0.0  0.0  0.0  0.0  0.0  0.0  0.0  0.0
-X4X5  2  0.0  0.0 -2.0 -2.0  0.0  0.0  2.0  0.0  0.0  0.0  0.0  0.0  0.0  0.0  0.0
