SG=<i>P</i><i>m</i>'<i>m</i><i>a</i>'
 name=51.296
 spinor=False
symmetries=
     1 0 0 0 1 0 0 0 1    0 0 0    1.0 0.0 0.0 1.0    0.0 0.0 0.0 0.0
   -1 0 0 0 1 0 0 0 -1    0 0 0    0.0 1.0 1.0 0.0    0.0 1.0 0.0 0.0
  -1 0 0 0 -1 0 0 0 -1    0 0 0    1.0 0.0 0.0 1.0    0.0 0.0 0.0 0.0
    1 0 0 0 -1 0 0 0 1    0 0 0    0.0 1.0 1.0 0.0    0.0 1.0 0.0 0.0
 -1 0 0 0 -1 0 0 0 1    1/2 0 0   1.0 0.0 0.0 1.0    -0.5 0.0 0.0 0.5
 1 0 0 0 -1 0 0 0 -1    1/2 0 0  0.0 1.0 1.0 0.0    0.0 -0.5 -0.5 0.0
  1 0 0 0 1 0 0 0 -1    1/2 0 0   1.0 0.0 0.0 1.0    -0.5 0.0 0.0 0.5
  -1 0 0 0 1 0 0 0 1    1/2 0 0  0.0 1.0 1.0 0.0    0.0 -0.5 -0.5 0.0


kpoint  GM : 0.000000 0.000000 0.000000 :  1 2 3 4 5 6 7 8
-GM1+  1  1.0  1.0  1.0  1.0  1.0  1.0  1.0  1.0  1.0  1.0  1.0  1.0  1.0  1.0  1.0
-GM1-  1  1.0 -1.0 -1.0  1.0  1.0 -1.0 -1.0  1.0  1.0 -1.0 -1.0  1.0  1.0 -1.0 -1.0
-GM2+  1 -1.0  1.0 -1.0  1.0 -1.0  1.0 -1.0  1.0 -1.0  1.0 -1.0  1.0 -1.0  1.0 -1.0
-GM2-  1 -1.0 -1.0  1.0  1.0 -1.0 -1.0  1.0  1.0 -1.0 -1.0  1.0  1.0 -1.0 -1.0  1.0
-GM5   1  0.0 -1.0  0.0 -1.0  0.0  1.0  0.0  1.0  0.0 -1.0  0.0 -1.0  0.0  1.0  0.0
-GM6   1  0.0 -1.0  0.0 -1.0  0.0  1.0  0.0  1.0  0.0 -1.0  0.0 -1.0  0.0  1.0  0.0



kpoint  R : 0.500000 0.500000 0.500000 :  1 2 3 4 5 6 7 8
-(R)E1+E2-  2  0.0  0.0  2.0  2.0  0.0  0.0  2.0  0.0  0.0  0.0  0.0  0.0  0.0  0.0  0.0
-(R)E1-E2+  2  0.0  0.0 -2.0  2.0  0.0  0.0 -2.0  0.0  0.0  0.0  0.0  0.0  0.0  0.0  0.0



kpoint  S : 0.500000 0.500000 0.000000 :  1 2 3 4 5 6 7 8
-(S)C1+C2-  2  0.0  0.0  2.0  2.0  0.0  0.0  2.0  0.0  0.0  0.0  0.0  0.0  0.0  0.0  0.0
-(S)C1-C2+  2  0.0  0.0 -2.0  2.0  0.0  0.0 -2.0  0.0  0.0  0.0  0.0  0.0  0.0  0.0  0.0



kpoint  T : 0.000000 0.500000 0.500000 :  1 2 3 4 5 6 7 8
-(T)D1+  1  1.0  1.0  1.0  1.0  1.0  1.0  1.0  1.0  1.0  1.0  1.0  1.0  1.0  1.0  1.0
-(T)D1-  1  1.0 -1.0 -1.0  1.0  1.0 -1.0 -1.0  1.0  1.0 -1.0 -1.0  1.0  1.0 -1.0 -1.0
-(T)D2+  1 -1.0  1.0 -1.0  1.0 -1.0  1.0 -1.0  1.0 -1.0  1.0 -1.0  1.0 -1.0  1.0 -1.0
-(T)D2-  1 -1.0 -1.0  1.0  1.0 -1.0 -1.0  1.0  1.0 -1.0 -1.0  1.0  1.0 -1.0 -1.0  1.0
-(T)D5   1  0.0 -1.0  0.0 -1.0  0.0  1.0  0.0  1.0  0.0 -1.0  0.0 -1.0  0.0  1.0  0.0
-(T)D6   1  0.0 -1.0  0.0 -1.0  0.0  1.0  0.0  1.0  0.0 -1.0  0.0 -1.0  0.0  1.0  0.0



kpoint  U : 0.500000 0.000000 0.500000 :  1 2 3 4 5 6 7 8
-(U)A1+A2-  2  0.0  0.0  2.0  2.0  0.0  0.0  2.0  0.0  0.0  0.0  0.0  0.0  0.0  0.0  0.0
-(U)A1-A2+  2  0.0  0.0 -2.0  2.0  0.0  0.0 -2.0  0.0  0.0  0.0  0.0  0.0  0.0  0.0  0.0



kpoint  X : 0.500000 0.000000 0.000000 :  1 2 3 4 5 6 7 8
-(X)Y1+Y2-  2  0.0  0.0  2.0  2.0  0.0  0.0  2.0  0.0  0.0  0.0  0.0  0.0  0.0  0.0  0.0
-(X)Y1-Y2+  2  0.0  0.0 -2.0  2.0  0.0  0.0 -2.0  0.0  0.0  0.0  0.0  0.0  0.0  0.0  0.0



kpoint  Y : 0.000000 0.500000 0.000000 :  1 2 3 4 5 6 7 8
-(Y)Z1+  1  1.0  1.0  1.0  1.0  1.0  1.0  1.0  1.0  1.0  1.0  1.0  1.0  1.0  1.0  1.0
-(Y)Z1-  1  1.0 -1.0 -1.0  1.0  1.0 -1.0 -1.0  1.0  1.0 -1.0 -1.0  1.0  1.0 -1.0 -1.0
-(Y)Z2+  1 -1.0  1.0 -1.0  1.0 -1.0  1.0 -1.0  1.0 -1.0  1.0 -1.0  1.0 -1.0  1.0 -1.0
-(Y)Z2-  1 -1.0 -1.0  1.0  1.0 -1.0 -1.0  1.0  1.0 -1.0 -1.0  1.0  1.0 -1.0 -1.0  1.0
-(Y)Z5   1  0.0 -1.0  0.0 -1.0  0.0  1.0  0.0  1.0  0.0 -1.0  0.0 -1.0  0.0  1.0  0.0
-(Y)Z6   1  0.0 -1.0  0.0 -1.0  0.0  1.0  0.0  1.0  0.0 -1.0  0.0 -1.0  0.0  1.0  0.0



kpoint  Z : 0.000000 0.000000 0.500000 :  1 2 3 4 5 6 7 8
-(Z)B1+  1  1.0  1.0  1.0  1.0  1.0  1.0  1.0  1.0  1.0  1.0  1.0  1.0  1.0  1.0  1.0
-(Z)B1-  1  1.0 -1.0 -1.0  1.0  1.0 -1.0 -1.0  1.0  1.0 -1.0 -1.0  1.0  1.0 -1.0 -1.0
-(Z)B2+  1 -1.0  1.0 -1.0  1.0 -1.0  1.0 -1.0  1.0 -1.0  1.0 -1.0  1.0 -1.0  1.0 -1.0
-(Z)B2-  1 -1.0 -1.0  1.0  1.0 -1.0 -1.0  1.0  1.0 -1.0 -1.0  1.0  1.0 -1.0 -1.0  1.0
-(Z)B5   1  0.0 -1.0  0.0 -1.0  0.0  1.0  0.0  1.0  0.0 -1.0  0.0 -1.0  0.0  1.0  0.0
-(Z)B6   1  0.0 -1.0  0.0 -1.0  0.0  1.0  0.0  1.0  0.0 -1.0  0.0 -1.0  0.0  1.0  0.0
