SG=<i>I</i><sub><i>c</i></sub>-4<i>c</i>2
 name=120.326
 spinor=True
symmetries=
      1 0 0 0 1 0 0 0 1    0 0 0     1.0 0.0 0.0 1.0    0.0 0.0 0.0 0.0
    -1 0 0 0 -1 0 0 0 1    0 0 0    1.0 0.0 0.0 1.0    -0.5 0.0 0.0 0.5
    0 1 0 -1 0 0 0 0 -1    0 0 0   1.0 0.0 0.0 1.0    0.75 0.0 0.0 0.25
    0 -1 0 1 0 0 0 0 -1    0 0 0   1.0 0.0 0.0 1.0    0.25 0.0 0.0 0.75
   1 0 0 0 -1 0 0 0 1    0 0 1/2     0.0 1.0 1.0 0.0    0.0 1.0 0.0 0.0
   -1 0 0 0 1 0 0 0 1    0 0 1/2   0.0 1.0 1.0 0.0    0.0 -0.5 -0.5 0.0
   0 1 0 1 0 0 0 0 -1    0 0 1/2  0.0 1.0 1.0 0.0    0.0 -0.75 0.75 0.0
 0 -1 0 -1 0 0 0 0 -1    0 0 1/2   0.0 1.0 1.0 0.0    0.0 0.75 0.25 0.0
    1 0 0 0 1 0 0 0 1    0 0 1/2     1.0 0.0 0.0 1.0    0.0 0.0 0.0 0.0
  -1 0 0 0 -1 0 0 0 1    0 0 1/2    1.0 0.0 0.0 1.0    -0.5 0.0 0.0 0.5
  0 1 0 -1 0 0 0 0 -1    0 0 1/2   1.0 0.0 0.0 1.0    0.75 0.0 0.0 0.25
  0 -1 0 1 0 0 0 0 -1    0 0 1/2   1.0 0.0 0.0 1.0    0.25 0.0 0.0 0.75
     1 0 0 0 -1 0 0 0 1    0 0 0     0.0 1.0 1.0 0.0    0.0 1.0 0.0 0.0
     -1 0 0 0 1 0 0 0 1    0 0 0   0.0 1.0 1.0 0.0    0.0 -0.5 -0.5 0.0
     0 1 0 1 0 0 0 0 -1    0 0 0  0.0 1.0 1.0 0.0    0.0 -0.75 0.75 0.0
   0 -1 0 -1 0 0 0 0 -1    0 0 0   0.0 1.0 1.0 0.0    0.0 0.75 0.25 0.0


kpoint  GM : 0.000000 0.000000 0.000000 :  1 2 3 4 5 6 7 8 9 10 11 12 13 14 15 16
-GM6  2  0.0 -1.414214 -1.414214  0.0  0.0  0.0  0.0 -2.0  0.0  1.414214  1.414214  0.0  0.0  0.0  0.0  0.0  0.0  0.0  0.0 -1.414214 -1.414214  2.0  0.0  0.0  0.0  0.0  0.0  1.414214  1.414214 -2.0  0.0
-GM7  2  0.0  1.414214  1.414214  0.0  0.0  0.0  0.0 -2.0  0.0 -1.414214 -1.414214  0.0  0.0  0.0  0.0  0.0  0.0  0.0  0.0  1.414214  1.414214  2.0  0.0  0.0  0.0  0.0  0.0 -1.414214 -1.414214 -2.0  0.0



kpoint  M : 0.500000 0.500000 0.500000 :  1 2 3 4 5 6 7 8 9 10 11 12 13 14 15 16
-M6  2  0.0 -1.414214 -1.414214  0.0  0.0  0.0  0.0 -2.0  0.0  1.414214  1.414214  0.0  0.0  0.0  0.0  0.0  0.0  0.0  0.0 -1.414214 -1.414214  2.0  0.0  0.0  0.0  0.0  0.0  1.414214  1.414214 -2.0  0.0
-M7  2  0.0  1.414214  1.414214  0.0  0.0  0.0  0.0 -2.0  0.0 -1.414214 -1.414214  0.0  0.0  0.0  0.0  0.0  0.0  0.0  0.0  1.414214  1.414214  2.0  0.0  0.0  0.0  0.0  0.0 -1.414214 -1.414214 -2.0  0.0



kpoint  N : 0.000000 0.500000 0.000000 :  1 2 3 4
-N3  1  1.0 -1.0 -1.0  1.0 -1.0 -1.0  1.0
-N4  1 -1.0 -1.0  1.0  1.0  1.0 -1.0 -1.0



kpoint  P : 0.250000 0.250000 0.250000 :  1 2 3 4 5 6 7 8
-P5  1  0.0 -0.707107 -0.707107 -1.0  0.0  0.707107  0.707107  0.0 -1.0  0.707107 -0.707107  0.0  1.0 -0.707107  0.707107
-P6  1  0.0  0.707107  0.707107 -1.0  0.0 -0.707107 -0.707107  0.0 -1.0 -0.707107  0.707107  0.0  1.0  0.707107 -0.707107
-P7  1  0.0 -0.707107 -0.707107 -1.0  0.0  0.707107  0.707107  0.0  1.0 -0.707107  0.707107  0.0 -1.0  0.707107 -0.707107
-P8  1  0.0  0.707107  0.707107 -1.0  0.0 -0.707107 -0.707107  0.0  1.0  0.707107 -0.707107  0.0 -1.0 -0.707107  0.707107



kpoint  X : 0.000000 0.000000 0.500000 :  1 2 3 4 5 6 7 8
-X5  2  0.0  0.0  0.0 -2.0  0.0  0.0  0.0  0.0  2.0  0.0  0.0  0.0 -2.0  0.0  0.0
