SG=<i>P</i>-42'<i>c</i>'
 name=112.263
 spinor=True
symmetries=
     1 0 0 0 1 0 0 0 1    0 0 0     1.0 0.0 0.0 1.0    0.0 0.0 0.0 0.0
   -1 0 0 0 -1 0 0 0 1    0 0 0    1.0 0.0 0.0 1.0    -0.5 0.0 0.0 0.5
   0 1 0 -1 0 0 0 0 -1    0 0 0   1.0 0.0 0.0 1.0    0.75 0.0 0.0 0.25
   0 -1 0 1 0 0 0 0 -1    0 0 0   1.0 0.0 0.0 1.0    0.25 0.0 0.0 0.75
 -1 0 0 0 1 0 0 0 -1    0 0 1/2     0.0 1.0 1.0 0.0    0.0 1.0 0.0 0.0
 1 0 0 0 -1 0 0 0 -1    0 0 1/2   0.0 1.0 1.0 0.0    0.0 -0.5 -0.5 0.0
 0 -1 0 -1 0 0 0 0 1    0 0 1/2  0.0 1.0 1.0 0.0    0.0 -0.75 0.75 0.0
   0 1 0 1 0 0 0 0 1    0 0 1/2   0.0 1.0 1.0 0.0    0.0 0.75 0.25 0.0


kpoint  GM : 0.000000 0.000000 0.000000 :  1 2 3 4 5 6 7 8
-GM5  1  0.0 -0.707107 -0.707107 -1.0  0.0  0.707107  0.707107  1.0  0.0 -0.707107 -0.707107 -1.0  0.0  0.707107  0.707107
-GM6  1  0.0  0.707107  0.707107 -1.0  0.0 -0.707107 -0.707107  1.0  0.0  0.707107  0.707107 -1.0  0.0 -0.707107 -0.707107
-GM7  1  0.0 -0.707107 -0.707107 -1.0  0.0  0.707107  0.707107  1.0  0.0 -0.707107 -0.707107 -1.0  0.0  0.707107  0.707107
-GM8  1  0.0  0.707107  0.707107 -1.0  0.0 -0.707107 -0.707107  1.0  0.0  0.707107  0.707107 -1.0  0.0 -0.707107 -0.707107



kpoint  A : 0.500000 0.500000 0.500000 :  1 2 3 4 5 6 7 8
-A5A6  2  0.0  0.0  0.0 -2.0  0.0  0.0  0.0  0.0  0.0  0.0  0.0  0.0  0.0  0.0  0.0
-A7A8  2  0.0  0.0  0.0 -2.0  0.0  0.0  0.0  0.0  0.0  0.0  0.0  0.0  0.0  0.0  0.0



kpoint  M : 0.500000 0.500000 0.000000 :  1 2 3 4 5 6 7 8
-M5  1  0.0 -0.707107 -0.707107 -1.0  0.0  0.707107  0.707107  1.0  0.0 -0.707107 -0.707107 -1.0  0.0  0.707107  0.707107
-M6  1  0.0  0.707107  0.707107 -1.0  0.0 -0.707107 -0.707107  1.0  0.0  0.707107  0.707107 -1.0  0.0 -0.707107 -0.707107
-M7  1  0.0 -0.707107 -0.707107 -1.0  0.0  0.707107  0.707107  1.0  0.0 -0.707107 -0.707107 -1.0  0.0  0.707107  0.707107
-M8  1  0.0  0.707107  0.707107 -1.0  0.0 -0.707107 -0.707107  1.0  0.0  0.707107  0.707107 -1.0  0.0 -0.707107 -0.707107



kpoint  R : 0.000000 0.500000 0.500000 :  1 2 3 4
-R3  1  0.0 -1.0  0.0 -0.707107 -0.707107  0.707107  0.707107
-R4  1  0.0 -1.0  0.0 -0.707107 -0.707107  0.707107  0.707107



kpoint  X : 0.000000 0.500000 0.000000 :  1 2 3 4
-X3  1  0.0 -1.0  0.0 -0.707107  0.707107  0.707107 -0.707107
-X4  1  0.0 -1.0  0.0 -0.707107  0.707107  0.707107 -0.707107



kpoint  Z : 0.000000 0.000000 0.500000 :  1 2 3 4 5 6 7 8
-Z5Z6  2  0.0  0.0  0.0 -2.0  0.0  0.0  0.0  0.0  0.0  0.0  0.0  0.0  0.0  0.0  0.0
-Z7Z8  2  0.0  0.0  0.0 -2.0  0.0  0.0  0.0  0.0  0.0  0.0  0.0  0.0  0.0  0.0  0.0
