SG=<i>F</i>4<sub>1</sub>32
 name=210.52
 spinor=False
symmetries=
          1 0 0 0 1 0 0 0 1    0 0 0                                                                                                                            1.0 0.0 0.0 1.0    0.0 0.0 0.0 0.0
        -1 0 0 0 -1 0 0 0 1    0 0 0                                                                                                                           1.0 0.0 0.0 1.0    -0.5 0.0 0.0 0.5
        -1 0 0 0 1 0 0 0 -1    0 0 0                                                                                                                            0.0 1.0 1.0 0.0    0.0 1.0 0.0 0.0
        1 0 0 0 -1 0 0 0 -1    0 0 0                                                                                                                          0.0 1.0 1.0 0.0    0.0 -0.5 -0.5 0.0
          0 0 1 1 0 0 0 1 0    0 0 0  0.7071067811865476 0.7071067811865476 0.7071067811865476 0.7071067811865476    -0.7853981633974483 -2.356194490192345 -0.7853981633974483 0.7853981633974483
        0 0 1 -1 0 0 0 -1 0    0 0 0    0.7071067811865476 0.7071067811865476 0.7071067811865476 0.7071067811865476    0.7853981633974483 2.356194490192345 0.7853981633974483 -0.7853981633974483
        0 0 -1 -1 0 0 0 1 0    0 0 0  0.7071067811865476 0.7071067811865476 0.7071067811865476 0.7071067811865476    0.7853981633974483 -0.7853981633974483 -2.356194490192345 -0.7853981633974483
        0 0 -1 1 0 0 0 -1 0    0 0 0    0.7071067811865476 0.7071067811865476 0.7071067811865476 0.7071067811865476    -0.7853981633974483 0.7853981633974483 2.356194490192345 0.7853981633974483
          0 1 0 0 0 1 1 0 0    0 0 0    0.7071067811865476 0.7071067811865476 0.7071067811865476 0.7071067811865476    0.7853981633974483 0.7853981633974483 2.356194490192345 -0.7853981633974483
        0 -1 0 0 0 1 -1 0 0    0 0 0    0.7071067811865476 0.7071067811865476 0.7071067811865476 0.7071067811865476    -0.7853981633974483 2.356194490192345 0.7853981633974483 0.7853981633974483
        0 1 0 0 0 -1 -1 0 0    0 0 0  0.7071067811865476 0.7071067811865476 0.7071067811865476 0.7071067811865476    0.7853981633974483 -2.356194490192345 -0.7853981633974483 -0.7853981633974483
        0 -1 0 0 0 -1 1 0 0    0 0 0  0.7071067811865476 0.7071067811865476 0.7071067811865476 0.7071067811865476    -0.7853981633974483 -0.7853981633974483 -2.356194490192345 0.7853981633974483
   0 1 0 1 0 0 0 0 -1    1/4 1/4 1/4                                                                                                                         0.0 1.0 1.0 0.0    0.0 -0.75 0.75 0.0
 0 -1 0 -1 0 0 0 0 -1    1/4 1/4 1/4                                                                                                                          0.0 1.0 1.0 0.0    0.0 0.75 0.25 0.0
   0 1 0 -1 0 0 0 0 1    1/4 1/4 1/4                                                                                                                          1.0 0.0 0.0 1.0    0.25 0.0 0.0 0.75
   0 -1 0 1 0 0 0 0 1    1/4 1/4 1/4                                                                                                                          1.0 0.0 0.0 1.0    0.75 0.0 0.0 0.25
   1 0 0 0 0 1 0 -1 0    1/4 1/4 1/4                                                                0.7071067811865475 0.7071067811865475 0.7071067811865475 0.7071067811865475    0.0 0.5 0.5 0.0
   -1 0 0 0 0 1 0 1 0    1/4 1/4 1/4                                                               0.7071067811865475 0.7071067811865475 0.7071067811865475 0.7071067811865475    0.5 0.0 1.0 -0.5
 -1 0 0 0 0 -1 0 -1 0    1/4 1/4 1/4                                                               0.7071067811865475 0.7071067811865475 0.7071067811865475 0.7071067811865475    -0.5 0.0 1.0 0.5
   1 0 0 0 0 -1 0 1 0    1/4 1/4 1/4                                                              0.7071067811865475 0.7071067811865475 0.7071067811865475 0.7071067811865475    0.0 -0.5 -0.5 0.0
   0 0 1 0 1 0 -1 0 0    1/4 1/4 1/4                                                                0.7071067811865475 0.7071067811865475 0.7071067811865475 0.7071067811865475    0.0 1.0 0.0 0.0
   0 0 1 0 -1 0 1 0 0    1/4 1/4 1/4                                                             0.7071067811865475 0.7071067811865475 0.7071067811865475 0.7071067811865475    -0.5 -0.5 -0.5 0.5
   0 0 -1 0 1 0 1 0 0    1/4 1/4 1/4                                                                0.7071067811865475 0.7071067811865475 0.7071067811865475 0.7071067811865475    0.0 0.0 1.0 0.0
 0 0 -1 0 -1 0 -1 0 0    1/4 1/4 1/4                                                             0.7071067811865475 0.7071067811865475 0.7071067811865475 0.7071067811865475    0.5 -0.5 -0.5 -0.5


kpoint  GM : 0.000000 0.000000 0.000000 :  1 2 3 4 5 6 7 8 9 10 11 12 13 14 15 16 17 18 19 20 21 22 23 24
-GM1  1  1.0  1.0  1.0  1.0  1.0  1.0  1.0  1.0  1.0  1.0  1.0  1.0  1.0  1.0  1.0  1.0  1.0  1.0  1.0  1.0  1.0  1.0  1.0  1.0  1.0  1.0  1.0  1.0  1.0  1.0  1.0  1.0  1.0  1.0  1.0  1.0  1.0  1.0  1.0  1.0  1.0  1.0  1.0  1.0  1.0  1.0  1.0
-GM2  1  1.0  1.0  1.0  1.0  1.0  1.0  1.0  1.0  1.0  1.0  1.0 -1.0 -1.0 -1.0 -1.0 -1.0 -1.0 -1.0 -1.0 -1.0 -1.0 -1.0 -1.0  1.0  1.0  1.0  1.0  1.0  1.0  1.0  1.0  1.0  1.0  1.0  1.0 -1.0 -1.0 -1.0 -1.0 -1.0 -1.0 -1.0 -1.0 -1.0 -1.0 -1.0 -1.0
-GM3  2  2.0  2.0  2.0 -1.0 -1.0 -1.0 -1.0 -1.0 -1.0 -1.0 -1.0  0.0  0.0  0.0  0.0  0.0  0.0  0.0  0.0  0.0  0.0  0.0  0.0  2.0  2.0  2.0  2.0 -1.0 -1.0 -1.0 -1.0 -1.0 -1.0 -1.0 -1.0  0.0  0.0  0.0  0.0  0.0  0.0  0.0  0.0  0.0  0.0  0.0  0.0
-GM4  3 -1.0 -1.0 -1.0  0.0  0.0  0.0  0.0  0.0  0.0  0.0  0.0 -1.0 -1.0  1.0  1.0  1.0 -1.0 -1.0  1.0  1.0 -1.0  1.0 -1.0  3.0 -1.0 -1.0 -1.0  0.0  0.0  0.0  0.0  0.0  0.0  0.0  0.0 -1.0 -1.0  1.0  1.0  1.0 -1.0 -1.0  1.0  1.0 -1.0  1.0 -1.0
-GM5  3 -1.0 -1.0 -1.0  0.0  0.0  0.0  0.0  0.0  0.0  0.0  0.0  1.0  1.0 -1.0 -1.0 -1.0  1.0  1.0 -1.0 -1.0  1.0 -1.0  1.0  3.0 -1.0 -1.0 -1.0  0.0  0.0  0.0  0.0  0.0  0.0  0.0  0.0  1.0  1.0 -1.0 -1.0 -1.0  1.0  1.0 -1.0 -1.0  1.0 -1.0  1.0



kpoint  L : 0.500000 0.500000 0.500000 :  1 2 3 4 5 6
-L1  1  1.0  1.0  1.0  1.0  1.0  1.0  1.0  1.0  1.0  1.0  1.0
-L2  1  1.0  1.0 -1.0 -1.0 -1.0  1.0  1.0  1.0 -1.0 -1.0 -1.0
-L3  2 -1.0 -1.0  0.0  0.0  0.0  2.0 -1.0 -1.0  0.0  0.0  0.0



kpoint  W : 0.500000 0.250000 0.750000 :  1 2 3 4
-W1  2  0.0  0.0  0.0  2.0  0.0  0.0  0.0



kpoint  X : 0.500000 0.000000 0.500000 :  1 2 3 4 5 6 7 8
-X1  1  1.0 -1.0 -1.0  1.0  1.0 -1.0 -1.0  1.0  1.0 -1.0 -1.0  1.0  1.0 -1.0 -1.0
-X2  1  1.0 -1.0 -1.0 -1.0 -1.0  1.0  1.0  1.0  1.0 -1.0 -1.0 -1.0 -1.0  1.0  1.0
-X3  1 -1.0 -1.0  1.0  1.0 -1.0 -1.0  1.0  1.0 -1.0 -1.0  1.0  1.0 -1.0 -1.0  1.0
-X4  1 -1.0 -1.0  1.0 -1.0  1.0  1.0 -1.0  1.0 -1.0 -1.0  1.0 -1.0  1.0  1.0 -1.0
-X5  2  0.0  2.0  0.0  0.0  0.0  0.0  0.0  2.0  0.0  2.0  0.0  0.0  0.0  0.0  0.0
