SG=<i>I</i>4<sub>1</sub>'/<i>a</i>'
 name=88.85
 spinor=False
symmetries=
         1 0 0 0 1 0 0 0 1    0 0 0    1.0 0.0 0.0 1.0    0.0 0.0 0.0 0.0
     -1 0 0 0 -1 0 0 0 1    0 1/2 0   1.0 0.0 0.0 1.0    -0.5 0.0 0.0 0.5
 0 1 0 -1 0 0 0 0 -1    3/4 1/4 1/4  1.0 0.0 0.0 1.0    0.75 0.0 0.0 0.25
 0 -1 0 1 0 0 0 0 -1    1/4 1/4 1/4  1.0 0.0 0.0 1.0    0.25 0.0 0.0 0.75
  0 -1 0 1 0 0 0 0 1    3/4 1/4 1/4  1.0 0.0 0.0 1.0    0.75 0.0 0.0 0.25
  0 1 0 -1 0 0 0 0 1    1/4 1/4 1/4  1.0 0.0 0.0 1.0    0.25 0.0 0.0 0.75
      -1 0 0 0 -1 0 0 0 -1    0 0 0    1.0 0.0 0.0 1.0    0.0 0.0 0.0 0.0
      1 0 0 0 1 0 0 0 -1    0 1/2 0   1.0 0.0 0.0 1.0    -0.5 0.0 0.0 0.5


kpoint  GM : 0.000000 0.000000 0.000000 :  1 2 3 4 5 6 7 8
-GM1     1  1.0  1.0  1.0  1.0  1.0  1.0  1.0  1.0  1.0  1.0  1.0  1.0  1.0  1.0  1.0
-GM2     1  1.0 -1.0 -1.0  1.0  1.0 -1.0 -1.0 -1.0 -1.0  1.0  1.0 -1.0 -1.0  1.0  1.0
-GM3GM4  2 -2.0  0.0  0.0  2.0 -2.0  0.0  0.0  0.0  0.0  0.0  0.0  0.0  0.0  0.0  0.0



kpoint  M : 0.500000 0.500000 0.500000 :  1 2 3 4 5 6 7 8
-M1M2  2  2.0  0.0  0.0  2.0  2.0  0.0  0.0  0.0  0.0  0.0  0.0  0.0  0.0  0.0  0.0
-M3    1 -1.0  0.0  0.0  1.0 -1.0  0.0  0.0  0.0  0.0  1.0 -1.0  0.0  0.0  1.0 -1.0
-M4    1 -1.0  0.0  0.0  1.0 -1.0  0.0  0.0  0.0  0.0  1.0 -1.0  0.0  0.0  1.0 -1.0



kpoint  N : 0.000000 0.500000 0.000000 :  1 2
-N1  1  1.0 -0.707107 -0.707107



kpoint  P : 0.250000 0.250000 0.250000 :  1 2 3 4 5 6 7 8
-P1P3  2  0.0 -1.0  1.0  2.0  0.0 -1.0  1.0  0.0  0.0  0.0  0.0  0.0  0.0  0.0  0.0
-P2P4  2  0.0  1.0 -1.0  2.0  0.0  1.0 -1.0  0.0  0.0  0.0  0.0  0.0  0.0  0.0  0.0



kpoint  PA : 0.750000 0.750000 0.750000 :  1 2 3 4 5 6 7 8
-PA1PA3  2  0.0 -1.0  1.0  2.0  0.0 -1.0  1.0  0.0  0.0  0.0  0.0  0.0  0.0  0.0  0.0
-PA2PA4  2  0.0  1.0 -1.0  2.0  0.0  1.0 -1.0  0.0  0.0  0.0  0.0  0.0  0.0  0.0  0.0



kpoint  X : 0.000000 0.000000 0.500000 :  1 2 3 4
-X1X2  2  0.0  2.0  0.0  0.0  0.0  0.0  0.0
