SG=<i>P</i><i>n</i>-3
 name=201.18
 spinor=False
symmetries=
       1 0 0 0 1 0 0 0 1    0 0 0                                                                                                                            1.0 0.0 0.0 1.0    0.0 0.0 0.0 0.0
 -1 0 0 0 -1 0 0 0 1    1/2 1/2 0                                                                                                                           1.0 0.0 0.0 1.0    -0.5 0.0 0.0 0.5
 -1 0 0 0 1 0 0 0 -1    1/2 0 1/2                                                                                                                            0.0 1.0 1.0 0.0    0.0 1.0 0.0 0.0
 1 0 0 0 -1 0 0 0 -1    0 1/2 1/2                                                                                                                          0.0 1.0 1.0 0.0    0.0 -0.5 -0.5 0.0
       0 0 1 1 0 0 0 1 0    0 0 0  0.7071067811865476 0.7071067811865476 0.7071067811865476 0.7071067811865476    -0.7853981633974483 -2.356194490192345 -0.7853981633974483 0.7853981633974483
 0 0 1 -1 0 0 0 -1 0    0 1/2 1/2    0.7071067811865476 0.7071067811865476 0.7071067811865476 0.7071067811865476    0.7853981633974483 2.356194490192345 0.7853981633974483 -0.7853981633974483
 0 0 -1 -1 0 0 0 1 0    1/2 1/2 0  0.7071067811865476 0.7071067811865476 0.7071067811865476 0.7071067811865476    0.7853981633974483 -0.7853981633974483 -2.356194490192345 -0.7853981633974483
 0 0 -1 1 0 0 0 -1 0    1/2 0 1/2    0.7071067811865476 0.7071067811865476 0.7071067811865476 0.7071067811865476    -0.7853981633974483 0.7853981633974483 2.356194490192345 0.7853981633974483
       0 1 0 0 0 1 1 0 0    0 0 0    0.7071067811865476 0.7071067811865476 0.7071067811865476 0.7071067811865476    0.7853981633974483 0.7853981633974483 2.356194490192345 -0.7853981633974483
 0 -1 0 0 0 1 -1 0 0    1/2 0 1/2    0.7071067811865476 0.7071067811865476 0.7071067811865476 0.7071067811865476    -0.7853981633974483 2.356194490192345 0.7853981633974483 0.7853981633974483
 0 1 0 0 0 -1 -1 0 0    0 1/2 1/2  0.7071067811865476 0.7071067811865476 0.7071067811865476 0.7071067811865476    0.7853981633974483 -2.356194490192345 -0.7853981633974483 -0.7853981633974483
 0 -1 0 0 0 -1 1 0 0    1/2 1/2 0  0.7071067811865476 0.7071067811865476 0.7071067811865476 0.7071067811865476    -0.7853981633974483 -0.7853981633974483 -2.356194490192345 0.7853981633974483
    -1 0 0 0 -1 0 0 0 -1    0 0 0                                                                                                                            1.0 0.0 0.0 1.0    0.0 0.0 0.0 0.0
  1 0 0 0 1 0 0 0 -1    1/2 1/2 0                                                                                                                           1.0 0.0 0.0 1.0    -0.5 0.0 0.0 0.5
  1 0 0 0 -1 0 0 0 1    1/2 0 1/2                                                                                                                            0.0 1.0 1.0 0.0    0.0 1.0 0.0 0.0
  -1 0 0 0 1 0 0 0 1    0 1/2 1/2                                                                                                                          0.0 1.0 1.0 0.0    0.0 -0.5 -0.5 0.0
    0 0 -1 -1 0 0 0 -1 0    0 0 0  0.7071067811865476 0.7071067811865476 0.7071067811865476 0.7071067811865476    -0.7853981633974483 -2.356194490192345 -0.7853981633974483 0.7853981633974483
  0 0 -1 1 0 0 0 1 0    0 1/2 1/2    0.7071067811865476 0.7071067811865476 0.7071067811865476 0.7071067811865476    0.7853981633974483 2.356194490192345 0.7853981633974483 -0.7853981633974483
  0 0 1 1 0 0 0 -1 0    1/2 1/2 0  0.7071067811865476 0.7071067811865476 0.7071067811865476 0.7071067811865476    0.7853981633974483 -0.7853981633974483 -2.356194490192345 -0.7853981633974483
  0 0 1 -1 0 0 0 1 0    1/2 0 1/2    0.7071067811865476 0.7071067811865476 0.7071067811865476 0.7071067811865476    -0.7853981633974483 0.7853981633974483 2.356194490192345 0.7853981633974483
    0 -1 0 0 0 -1 -1 0 0    0 0 0    0.7071067811865476 0.7071067811865476 0.7071067811865476 0.7071067811865476    0.7853981633974483 0.7853981633974483 2.356194490192345 -0.7853981633974483
  0 1 0 0 0 -1 1 0 0    1/2 0 1/2    0.7071067811865476 0.7071067811865476 0.7071067811865476 0.7071067811865476    -0.7853981633974483 2.356194490192345 0.7853981633974483 0.7853981633974483
  0 -1 0 0 0 1 1 0 0    0 1/2 1/2  0.7071067811865476 0.7071067811865476 0.7071067811865476 0.7071067811865476    0.7853981633974483 -2.356194490192345 -0.7853981633974483 -0.7853981633974483
  0 1 0 0 0 1 -1 0 0    1/2 1/2 0  0.7071067811865476 0.7071067811865476 0.7071067811865476 0.7071067811865476    -0.7853981633974483 -0.7853981633974483 -2.356194490192345 0.7853981633974483


kpoint  GM : 0.000000 0.000000 0.000000 :  1 2 3 4 5 6 7 8 9 10 11 12 13 14 15 16 17 18 19 20 21 22 23 24
-GM1+  1  1.0  1.0  1.0  1.000000  1.000000  1.000000  1.000000  1.000000  1.000000  1.000000  1.000000  1.0  1.0  1.0  1.0  1.000000  1.000000  1.000000  1.000000  1.000000  1.000000  1.000000  1.000000  1.0  1.0  1.0  1.0  1.000000  1.000000  1.000000  1.000000  1.000000  1.000000  1.000000  1.000000  1.0  1.0  1.0  1.0  1.000000  1.000000  1.000000  1.000000  1.000000  1.000000  1.000000  1.000000
-GM1-  1  1.0  1.0  1.0  1.000000  1.000000  1.000000  1.000000  1.000000  1.000000  1.000000  1.000000 -1.0 -1.0 -1.0 -1.0 -1.000000 -1.000000 -1.000000 -1.000000 -1.000000 -1.000000 -1.000000 -1.000000  1.0  1.0  1.0  1.0  1.000000  1.000000  1.000000  1.000000  1.000000  1.000000  1.000000  1.000000 -1.0 -1.0 -1.0 -1.0 -1.000000 -1.000000 -1.000000 -1.000000 -1.000000 -1.000000 -1.000000 -1.000000
-GM10  2  0.0  0.0  0.0 -1.056576 -1.056576 -1.056576 -1.056576 -1.056576 -1.056576 -1.056576 -1.056576 -2.0  0.0  0.0  0.0  1.092678  1.092678  1.092678  1.092678  1.092678  1.092678  1.092678  1.092678 -2.0  0.0  0.0  0.0  1.092678  1.092678  1.092678  1.092678  1.092678  1.092678  1.092678  1.092678  2.0  0.0  0.0  0.0 -1.056576 -1.056576 -1.056576 -1.056576 -1.056576 -1.056576 -1.056576 -1.056576
-GM2+  1  1.0  1.0  1.0 -0.500000 -0.500000 -0.500000 -0.500000 -0.500000 -0.500000 -0.500000 -0.500000  1.0  1.0  1.0  1.0 -0.500000 -0.500000 -0.500000 -0.500000 -0.500000 -0.500000 -0.500000 -0.500000  1.0  1.0  1.0  1.0 -0.500000 -0.500000 -0.500000 -0.500000 -0.500000 -0.500000 -0.500000 -0.500000  1.0  1.0  1.0  1.0 -0.500000 -0.500000 -0.500000 -0.500000 -0.500000 -0.500000 -0.500000 -0.500000
-GM2-  1  1.0  1.0  1.0 -0.500000 -0.500000 -0.500000 -0.500000 -0.500000 -0.500000 -0.500000 -0.500000 -1.0 -1.0 -1.0 -1.0  0.500000  0.500000  0.500000  0.500000  0.500000  0.500000  0.500000  0.500000  1.0  1.0  1.0  1.0 -0.500000 -0.500000 -0.500000 -0.500000 -0.500000 -0.500000 -0.500000 -0.500000 -1.0 -1.0 -1.0 -1.0  0.500000  0.500000  0.500000  0.500000  0.500000  0.500000  0.500000  0.500000
-GM3+  1  1.0  1.0  1.0 -0.500000 -0.500000 -0.500000 -0.500000 -0.500000 -0.500000 -0.500000 -0.500000  1.0  1.0  1.0  1.0 -0.500000 -0.500000 -0.500000 -0.500000 -0.500000 -0.500000 -0.500000 -0.500000  1.0  1.0  1.0  1.0 -0.500000 -0.500000 -0.500000 -0.500000 -0.500000 -0.500000 -0.500000 -0.500000  1.0  1.0  1.0  1.0 -0.500000 -0.500000 -0.500000 -0.500000 -0.500000 -0.500000 -0.500000 -0.500000
-GM3-  1  1.0  1.0  1.0 -0.500000 -0.500000 -0.500000 -0.500000 -0.500000 -0.500000 -0.500000 -0.500000 -1.0 -1.0 -1.0 -1.0  0.500000  0.500000  0.500000  0.500000  0.500000  0.500000  0.500000  0.500000  1.0  1.0  1.0  1.0 -0.500000 -0.500000 -0.500000 -0.500000 -0.500000 -0.500000 -0.500000 -0.500000 -1.0 -1.0 -1.0 -1.0  0.500000  0.500000  0.500000  0.500000  0.500000  0.500000  0.500000  0.500000
-GM4+  3 -1.0 -1.0 -1.0  0.000000  0.000000  0.000000  0.000000  0.000000  0.000000  0.000000  0.000000  3.0 -1.0 -1.0 -1.0  0.000000  0.000000  0.000000  0.000000  0.000000  0.000000  0.000000  0.000000  3.0 -1.0 -1.0 -1.0  0.000000  0.000000  0.000000  0.000000  0.000000  0.000000  0.000000  0.000000  3.0 -1.0 -1.0 -1.0  0.000000  0.000000  0.000000  0.000000  0.000000  0.000000  0.000000  0.000000
-GM4-  3 -1.0 -1.0 -1.0  0.000000  0.000000  0.000000  0.000000  0.000000  0.000000  0.000000  0.000000 -3.0  1.0  1.0  1.0  0.000000  0.000000  0.000000  0.000000  0.000000  0.000000  0.000000  0.000000  3.0 -1.0 -1.0 -1.0  0.000000  0.000000  0.000000  0.000000  0.000000  0.000000  0.000000  0.000000 -3.0  1.0  1.0  1.0  0.000000  0.000000  0.000000  0.000000  0.000000  0.000000  0.000000  0.000000
-GM8   2  0.0  0.0  0.0 -1.104801 -1.104801 -1.104801 -1.104801 -1.104801 -1.104801 -1.104801 -1.104801 -2.0  0.0  0.0  0.0  0.617397  0.617397  0.617397  0.617397  0.617397  0.617397  0.617397  0.617397 -2.0  0.0  0.0  0.0  0.617397  0.617397  0.617397  0.617397  0.617397  0.617397  0.617397  0.617397  2.0  0.0  0.0  0.0 -1.104801 -1.104801 -1.104801 -1.104801 -1.104801 -1.104801 -1.104801 -1.104801
-GM9   2  0.0  0.0  0.0 -1.056576 -1.056576 -1.056576 -1.056576 -1.056576 -1.056576 -1.056576 -1.056576 -2.0  0.0  0.0  0.0  1.092678  1.092678  1.092678  1.092678  1.092678  1.092678  1.092678  1.092678 -2.0  0.0  0.0  0.0  1.092678  1.092678  1.092678  1.092678  1.092678  1.092678  1.092678  1.092678  2.0  0.0  0.0  0.0 -1.056576 -1.056576 -1.056576 -1.056576 -1.056576 -1.056576 -1.056576 -1.056576



kpoint  M : 0.500000 0.500000 0.000000 :  1 2 3 4 5 6 7 8
-M1  2  2.0  0.0  0.0  0.0  0.0  0.0  0.0  2.0  2.0  0.0  0.0  0.0  0.0  0.0  0.0
-M2  2 -2.0  0.0  0.0  0.0  0.0  0.0  0.0  2.0 -2.0  0.0  0.0  0.0  0.0  0.0  0.0



kpoint  R : 0.500000 0.500000 0.500000 :  1 2 3 4 5 6 7 8 9 10 11 12 13 14 15 16 17 18 19 20 21 22 23 24
-R1+  1  1.0  1.0  1.0  1.000000  1.000000  1.000000  1.000000  1.000000  1.000000  1.000000  1.000000  1.0  1.0  1.0  1.0  1.000000  1.000000  1.000000  1.000000  1.000000  1.000000  1.000000  1.000000  1.0  1.0  1.0  1.0  1.000000  1.000000  1.000000  1.000000  1.000000  1.000000  1.000000  1.000000  1.0  1.0  1.0  1.0  1.000000  1.000000  1.000000  1.000000  1.000000  1.000000  1.000000  1.000000
-R1-  1  1.0  1.0  1.0  1.000000  1.000000  1.000000  1.000000  1.000000  1.000000  1.000000  1.000000 -1.0 -1.0 -1.0 -1.0 -1.000000 -1.000000 -1.000000 -1.000000 -1.000000 -1.000000 -1.000000 -1.000000  1.0  1.0  1.0  1.0  1.000000  1.000000  1.000000  1.000000  1.000000  1.000000  1.000000  1.000000 -1.0 -1.0 -1.0 -1.0 -1.000000 -1.000000 -1.000000 -1.000000 -1.000000 -1.000000 -1.000000 -1.000000
-R10  2  0.0  0.0  0.0 -1.056576 -1.056576 -1.056576 -1.056576 -1.056576 -1.056576 -1.056576 -1.056576 -2.0  0.0  0.0  0.0  1.092678  1.092678  1.092678  1.092678  1.092678  1.092678  1.092678  1.092678 -2.0  0.0  0.0  0.0  1.092678  1.092678  1.092678  1.092678  1.092678  1.092678  1.092678  1.092678  2.0  0.0  0.0  0.0 -1.056576 -1.056576 -1.056576 -1.056576 -1.056576 -1.056576 -1.056576 -1.056576
-R2+  1  1.0  1.0  1.0 -0.500000 -0.500000 -0.500000 -0.500000 -0.500000 -0.500000 -0.500000 -0.500000  1.0  1.0  1.0  1.0 -0.500000 -0.500000 -0.500000 -0.500000 -0.500000 -0.500000 -0.500000 -0.500000  1.0  1.0  1.0  1.0 -0.500000 -0.500000 -0.500000 -0.500000 -0.500000 -0.500000 -0.500000 -0.500000  1.0  1.0  1.0  1.0 -0.500000 -0.500000 -0.500000 -0.500000 -0.500000 -0.500000 -0.500000 -0.500000
-R2-  1  1.0  1.0  1.0 -0.500000 -0.500000 -0.500000 -0.500000 -0.500000 -0.500000 -0.500000 -0.500000 -1.0 -1.0 -1.0 -1.0  0.500000  0.500000  0.500000  0.500000  0.500000  0.500000  0.500000  0.500000  1.0  1.0  1.0  1.0 -0.500000 -0.500000 -0.500000 -0.500000 -0.500000 -0.500000 -0.500000 -0.500000 -1.0 -1.0 -1.0 -1.0  0.500000  0.500000  0.500000  0.500000  0.500000  0.500000  0.500000  0.500000
-R3+  1  1.0  1.0  1.0 -0.500000 -0.500000 -0.500000 -0.500000 -0.500000 -0.500000 -0.500000 -0.500000  1.0  1.0  1.0  1.0 -0.500000 -0.500000 -0.500000 -0.500000 -0.500000 -0.500000 -0.500000 -0.500000  1.0  1.0  1.0  1.0 -0.500000 -0.500000 -0.500000 -0.500000 -0.500000 -0.500000 -0.500000 -0.500000  1.0  1.0  1.0  1.0 -0.500000 -0.500000 -0.500000 -0.500000 -0.500000 -0.500000 -0.500000 -0.500000
-R3-  1  1.0  1.0  1.0 -0.500000 -0.500000 -0.500000 -0.500000 -0.500000 -0.500000 -0.500000 -0.500000 -1.0 -1.0 -1.0 -1.0  0.500000  0.500000  0.500000  0.500000  0.500000  0.500000  0.500000  0.500000  1.0  1.0  1.0  1.0 -0.500000 -0.500000 -0.500000 -0.500000 -0.500000 -0.500000 -0.500000 -0.500000 -1.0 -1.0 -1.0 -1.0  0.500000  0.500000  0.500000  0.500000  0.500000  0.500000  0.500000  0.500000
-R4+  3 -1.0 -1.0 -1.0  0.000000  0.000000  0.000000  0.000000  0.000000  0.000000  0.000000  0.000000  3.0 -1.0 -1.0 -1.0  0.000000  0.000000  0.000000  0.000000  0.000000  0.000000  0.000000  0.000000  3.0 -1.0 -1.0 -1.0  0.000000  0.000000  0.000000  0.000000  0.000000  0.000000  0.000000  0.000000  3.0 -1.0 -1.0 -1.0  0.000000  0.000000  0.000000  0.000000  0.000000  0.000000  0.000000  0.000000
-R4-  3 -1.0 -1.0 -1.0  0.000000  0.000000  0.000000  0.000000  0.000000  0.000000  0.000000  0.000000 -3.0  1.0  1.0  1.0  0.000000  0.000000  0.000000  0.000000  0.000000  0.000000  0.000000  0.000000  3.0 -1.0 -1.0 -1.0  0.000000  0.000000  0.000000  0.000000  0.000000  0.000000  0.000000  0.000000 -3.0  1.0  1.0  1.0  0.000000  0.000000  0.000000  0.000000  0.000000  0.000000  0.000000  0.000000
-R8   2  0.0  0.0  0.0 -1.104801 -1.104801 -1.104801 -1.104801 -1.104801 -1.104801 -1.104801 -1.104801 -2.0  0.0  0.0  0.0  0.617397  0.617397  0.617397  0.617397  0.617397  0.617397  0.617397  0.617397 -2.0  0.0  0.0  0.0  0.617397  0.617397  0.617397  0.617397  0.617397  0.617397  0.617397  0.617397  2.0  0.0  0.0  0.0 -1.104801 -1.104801 -1.104801 -1.104801 -1.104801 -1.104801 -1.104801 -1.104801
-R9   2  0.0  0.0  0.0 -1.056576 -1.056576 -1.056576 -1.056576 -1.056576 -1.056576 -1.056576 -1.056576 -2.0  0.0  0.0  0.0  1.092678  1.092678  1.092678  1.092678  1.092678  1.092678  1.092678  1.092678 -2.0  0.0  0.0  0.0  1.092678  1.092678  1.092678  1.092678  1.092678  1.092678  1.092678  1.092678  2.0  0.0  0.0  0.0 -1.056576 -1.056576 -1.056576 -1.056576 -1.056576 -1.056576 -1.056576 -1.056576



kpoint  X : 0.000000 0.500000 0.000000 :  1 2 3 4 5 6 7 8
-X1  2  0.0  2.0  0.0  0.0  0.0  0.0  0.0  2.0  0.0  2.0  0.0  0.0  0.0  0.0  0.0
-X2  2  0.0 -2.0  0.0  0.0  0.0  0.0  0.0  2.0  0.0 -2.0  0.0  0.0  0.0  0.0  0.0
