SG=<i>I</i><sub><i>c</i></sub>2<sub>1</sub>2<sub>1</sub>2<sub>1</sub>
 name=24.56
 spinor=False
symmetries=
       1 0 0 0 1 0 0 0 1    0 0 0    1.0 0.0 0.0 1.0    0.0 0.0 0.0 0.0
   -1 0 0 0 -1 0 0 0 1    0 1/2 0   1.0 0.0 0.0 1.0    -0.5 0.0 0.0 0.5
   -1 0 0 0 1 0 0 0 -1    1/2 0 0    0.0 1.0 1.0 0.0    0.0 1.0 0.0 0.0
   1 0 0 0 -1 0 0 0 -1    0 0 1/2  0.0 1.0 1.0 0.0    0.0 -0.5 -0.5 0.0
     1 0 0 0 1 0 0 0 1    0 0 1/2    1.0 0.0 0.0 1.0    0.0 0.0 0.0 0.0
 -1 0 0 0 -1 0 0 0 1    0 1/2 1/2   1.0 0.0 0.0 1.0    -0.5 0.0 0.0 0.5
 -1 0 0 0 1 0 0 0 -1    1/2 0 1/2    0.0 1.0 1.0 0.0    0.0 1.0 0.0 0.0
     1 0 0 0 -1 0 0 0 -1    0 0 0  0.0 1.0 1.0 0.0    0.0 -0.5 -0.5 0.0


kpoint  GM : 0.000000 0.000000 0.000000 :  1 2 3 4 5 6 7 8
-GM1  1  1.0  1.0  1.0  1.0  1.0  1.0  1.0  1.0  1.0  1.0  1.0  1.0  1.0  1.0  1.0
-GM2  1  1.0 -1.0 -1.0  1.0  1.0 -1.0 -1.0  1.0  1.0 -1.0 -1.0  1.0  1.0 -1.0 -1.0
-GM3  1 -1.0 -1.0  1.0  1.0 -1.0 -1.0  1.0  1.0 -1.0 -1.0  1.0  1.0 -1.0 -1.0  1.0
-GM4  1 -1.0  1.0 -1.0  1.0 -1.0  1.0 -1.0  1.0 -1.0  1.0 -1.0  1.0 -1.0  1.0 -1.0



kpoint  R : 0.000000 0.500000 0.000000 :  1 2 3 4
-R1R2  2  0.0  2.0  0.0  0.0  0.0  0.0  0.0



kpoint  S : 0.500000 0.000000 0.000000 :  1 2 3 4
-S1S2  2  0.0  2.0  0.0  0.0  0.0  0.0  0.0



kpoint  T : 0.000000 0.000000 0.500000 :  1 2 3 4
-T1  1  1.0  1.0  1.0  1.0  1.0  1.0  1.0
-T2  1 -1.0  1.0 -1.0  1.0 -1.0  1.0 -1.0



kpoint  W : 0.250000 0.250000 0.250000 :  1 2 3 4
-W1  2  0.0  0.0  0.0  2.0  0.0  0.0  0.0



kpoint  WA : 0.750000 0.750000 0.750000 :  1 2 3 4
-WA1  2  0.0  0.0  0.0  2.0  0.0  0.0  0.0



kpoint  X : 0.500000 0.500000 0.500000 :  1 2 3 4 5 6 7 8
-X1  1  1.0 -1.0  1.0  1.0  1.0 -1.0  1.0  1.0  1.0 -1.0  1.0  1.0  1.0 -1.0  1.0
-X2  1  1.0  1.0 -1.0  1.0  1.0  1.0 -1.0  1.0  1.0  1.0 -1.0  1.0  1.0  1.0 -1.0
-X3  1 -1.0  1.0  1.0  1.0 -1.0  1.0  1.0  1.0 -1.0  1.0  1.0  1.0 -1.0  1.0  1.0
-X4  1 -1.0 -1.0 -1.0  1.0 -1.0 -1.0 -1.0  1.0 -1.0 -1.0 -1.0  1.0 -1.0 -1.0 -1.0
