SG=<i>I</i><i>m</i>-3<i>m</i>1'
 name=229.141
 spinor=True
symmetries=
    1 0 0 0 1 0 0 0 1    0 0 0                                                                                                                            1.0 0.0 0.0 1.0    0.0 0.0 0.0 0.0
  -1 0 0 0 -1 0 0 0 1    0 0 0                                                                                                                           1.0 0.0 0.0 1.0    -0.5 0.0 0.0 0.5
  -1 0 0 0 1 0 0 0 -1    0 0 0                                                                                                                            0.0 1.0 1.0 0.0    0.0 1.0 0.0 0.0
  1 0 0 0 -1 0 0 0 -1    0 0 0                                                                                                                          0.0 1.0 1.0 0.0    0.0 -0.5 -0.5 0.0
    0 0 1 1 0 0 0 1 0    0 0 0  0.7071067811865476 0.7071067811865476 0.7071067811865476 0.7071067811865476    -0.7853981633974483 -2.356194490192345 -0.7853981633974483 0.7853981633974483
  0 0 1 -1 0 0 0 -1 0    0 0 0    0.7071067811865476 0.7071067811865476 0.7071067811865476 0.7071067811865476    0.7853981633974483 2.356194490192345 0.7853981633974483 -0.7853981633974483
  0 0 -1 -1 0 0 0 1 0    0 0 0  0.7071067811865476 0.7071067811865476 0.7071067811865476 0.7071067811865476    0.7853981633974483 -0.7853981633974483 -2.356194490192345 -0.7853981633974483
  0 0 -1 1 0 0 0 -1 0    0 0 0    0.7071067811865476 0.7071067811865476 0.7071067811865476 0.7071067811865476    -0.7853981633974483 0.7853981633974483 2.356194490192345 0.7853981633974483
    0 1 0 0 0 1 1 0 0    0 0 0    0.7071067811865476 0.7071067811865476 0.7071067811865476 0.7071067811865476    0.7853981633974483 0.7853981633974483 2.356194490192345 -0.7853981633974483
  0 -1 0 0 0 1 -1 0 0    0 0 0    0.7071067811865476 0.7071067811865476 0.7071067811865476 0.7071067811865476    -0.7853981633974483 2.356194490192345 0.7853981633974483 0.7853981633974483
  0 1 0 0 0 -1 -1 0 0    0 0 0  0.7071067811865476 0.7071067811865476 0.7071067811865476 0.7071067811865476    0.7853981633974483 -2.356194490192345 -0.7853981633974483 -0.7853981633974483
  0 -1 0 0 0 -1 1 0 0    0 0 0  0.7071067811865476 0.7071067811865476 0.7071067811865476 0.7071067811865476    -0.7853981633974483 -0.7853981633974483 -2.356194490192345 0.7853981633974483
   0 1 0 1 0 0 0 0 -1    0 0 0                                                                                                                         0.0 1.0 1.0 0.0    0.0 -0.75 0.75 0.0
 0 -1 0 -1 0 0 0 0 -1    0 0 0                                                                                                                          0.0 1.0 1.0 0.0    0.0 0.75 0.25 0.0
   0 1 0 -1 0 0 0 0 1    0 0 0                                                                                                                          1.0 0.0 0.0 1.0    0.25 0.0 0.0 0.75
   0 -1 0 1 0 0 0 0 1    0 0 0                                                                                                                          1.0 0.0 0.0 1.0    0.75 0.0 0.0 0.25
   1 0 0 0 0 1 0 -1 0    0 0 0                                                                0.7071067811865475 0.7071067811865475 0.7071067811865475 0.7071067811865475    0.0 0.5 0.5 0.0
   -1 0 0 0 0 1 0 1 0    0 0 0                                                               0.7071067811865475 0.7071067811865475 0.7071067811865475 0.7071067811865475    0.5 0.0 1.0 -0.5
 -1 0 0 0 0 -1 0 -1 0    0 0 0                                                               0.7071067811865475 0.7071067811865475 0.7071067811865475 0.7071067811865475    -0.5 0.0 1.0 0.5
   1 0 0 0 0 -1 0 1 0    0 0 0                                                              0.7071067811865475 0.7071067811865475 0.7071067811865475 0.7071067811865475    0.0 -0.5 -0.5 0.0
   0 0 1 0 1 0 -1 0 0    0 0 0                                                                0.7071067811865475 0.7071067811865475 0.7071067811865475 0.7071067811865475    0.0 1.0 0.0 0.0
   0 0 1 0 -1 0 1 0 0    0 0 0                                                             0.7071067811865475 0.7071067811865475 0.7071067811865475 0.7071067811865475    -0.5 -0.5 -0.5 0.5
   0 0 -1 0 1 0 1 0 0    0 0 0                                                                0.7071067811865475 0.7071067811865475 0.7071067811865475 0.7071067811865475    0.0 0.0 1.0 0.0
 0 0 -1 0 -1 0 -1 0 0    0 0 0                                                             0.7071067811865475 0.7071067811865475 0.7071067811865475 0.7071067811865475    0.5 -0.5 -0.5 -0.5
 -1 0 0 0 -1 0 0 0 -1    0 0 0                                                                                                                            1.0 0.0 0.0 1.0    0.0 0.0 0.0 0.0
   1 0 0 0 1 0 0 0 -1    0 0 0                                                                                                                           1.0 0.0 0.0 1.0    -0.5 0.0 0.0 0.5
   1 0 0 0 -1 0 0 0 1    0 0 0                                                                                                                            0.0 1.0 1.0 0.0    0.0 1.0 0.0 0.0
   -1 0 0 0 1 0 0 0 1    0 0 0                                                                                                                          0.0 1.0 1.0 0.0    0.0 -0.5 -0.5 0.0
 0 0 -1 -1 0 0 0 -1 0    0 0 0  0.7071067811865476 0.7071067811865476 0.7071067811865476 0.7071067811865476    -0.7853981633974483 -2.356194490192345 -0.7853981633974483 0.7853981633974483
   0 0 -1 1 0 0 0 1 0    0 0 0    0.7071067811865476 0.7071067811865476 0.7071067811865476 0.7071067811865476    0.7853981633974483 2.356194490192345 0.7853981633974483 -0.7853981633974483
   0 0 1 1 0 0 0 -1 0    0 0 0  0.7071067811865476 0.7071067811865476 0.7071067811865476 0.7071067811865476    0.7853981633974483 -0.7853981633974483 -2.356194490192345 -0.7853981633974483
   0 0 1 -1 0 0 0 1 0    0 0 0    0.7071067811865476 0.7071067811865476 0.7071067811865476 0.7071067811865476    -0.7853981633974483 0.7853981633974483 2.356194490192345 0.7853981633974483
 0 -1 0 0 0 -1 -1 0 0    0 0 0    0.7071067811865476 0.7071067811865476 0.7071067811865476 0.7071067811865476    0.7853981633974483 0.7853981633974483 2.356194490192345 -0.7853981633974483
   0 1 0 0 0 -1 1 0 0    0 0 0    0.7071067811865476 0.7071067811865476 0.7071067811865476 0.7071067811865476    -0.7853981633974483 2.356194490192345 0.7853981633974483 0.7853981633974483
   0 -1 0 0 0 1 1 0 0    0 0 0  0.7071067811865476 0.7071067811865476 0.7071067811865476 0.7071067811865476    0.7853981633974483 -2.356194490192345 -0.7853981633974483 -0.7853981633974483
   0 1 0 0 0 1 -1 0 0    0 0 0  0.7071067811865476 0.7071067811865476 0.7071067811865476 0.7071067811865476    -0.7853981633974483 -0.7853981633974483 -2.356194490192345 0.7853981633974483
  0 -1 0 -1 0 0 0 0 1    0 0 0                                                                                                                         0.0 1.0 1.0 0.0    0.0 -0.75 0.75 0.0
    0 1 0 1 0 0 0 0 1    0 0 0                                                                                                                          0.0 1.0 1.0 0.0    0.0 0.75 0.25 0.0
  0 -1 0 1 0 0 0 0 -1    0 0 0                                                                                                                          1.0 0.0 0.0 1.0    0.25 0.0 0.0 0.75
  0 1 0 -1 0 0 0 0 -1    0 0 0                                                                                                                          1.0 0.0 0.0 1.0    0.75 0.0 0.0 0.25
  -1 0 0 0 0 -1 0 1 0    0 0 0                                                                0.7071067811865475 0.7071067811865475 0.7071067811865475 0.7071067811865475    0.0 0.5 0.5 0.0
  1 0 0 0 0 -1 0 -1 0    0 0 0                                                               0.7071067811865475 0.7071067811865475 0.7071067811865475 0.7071067811865475    0.5 0.0 1.0 -0.5
    1 0 0 0 0 1 0 1 0    0 0 0                                                               0.7071067811865475 0.7071067811865475 0.7071067811865475 0.7071067811865475    -0.5 0.0 1.0 0.5
  -1 0 0 0 0 1 0 -1 0    0 0 0                                                              0.7071067811865475 0.7071067811865475 0.7071067811865475 0.7071067811865475    0.0 -0.5 -0.5 0.0
  0 0 -1 0 -1 0 1 0 0    0 0 0                                                                0.7071067811865475 0.7071067811865475 0.7071067811865475 0.7071067811865475    0.0 1.0 0.0 0.0
  0 0 -1 0 1 0 -1 0 0    0 0 0                                                             0.7071067811865475 0.7071067811865475 0.7071067811865475 0.7071067811865475    -0.5 -0.5 -0.5 0.5
  0 0 1 0 -1 0 -1 0 0    0 0 0                                                                0.7071067811865475 0.7071067811865475 0.7071067811865475 0.7071067811865475    0.0 0.0 1.0 0.0
    0 0 1 0 1 0 1 0 0    0 0 0                                                             0.7071067811865475 0.7071067811865475 0.7071067811865475 0.7071067811865475    0.5 -0.5 -0.5 -0.5
    1 0 0 0 1 0 0 0 1    0 0 0                                                                                                                            1.0 0.0 0.0 1.0    0.0 0.0 0.0 0.0
  -1 0 0 0 -1 0 0 0 1    0 0 0                                                                                                                           1.0 0.0 0.0 1.0    -0.5 0.0 0.0 0.5
  -1 0 0 0 1 0 0 0 -1    0 0 0                                                                                                                            0.0 1.0 1.0 0.0    0.0 1.0 0.0 0.0
  1 0 0 0 -1 0 0 0 -1    0 0 0                                                                                                                          0.0 1.0 1.0 0.0    0.0 -0.5 -0.5 0.0
    0 0 1 1 0 0 0 1 0    0 0 0  0.7071067811865476 0.7071067811865476 0.7071067811865476 0.7071067811865476    -0.7853981633974483 -2.356194490192345 -0.7853981633974483 0.7853981633974483
  0 0 1 -1 0 0 0 -1 0    0 0 0    0.7071067811865476 0.7071067811865476 0.7071067811865476 0.7071067811865476    0.7853981633974483 2.356194490192345 0.7853981633974483 -0.7853981633974483
  0 0 -1 -1 0 0 0 1 0    0 0 0  0.7071067811865476 0.7071067811865476 0.7071067811865476 0.7071067811865476    0.7853981633974483 -0.7853981633974483 -2.356194490192345 -0.7853981633974483
  0 0 -1 1 0 0 0 -1 0    0 0 0    0.7071067811865476 0.7071067811865476 0.7071067811865476 0.7071067811865476    -0.7853981633974483 0.7853981633974483 2.356194490192345 0.7853981633974483
    0 1 0 0 0 1 1 0 0    0 0 0    0.7071067811865476 0.7071067811865476 0.7071067811865476 0.7071067811865476    0.7853981633974483 0.7853981633974483 2.356194490192345 -0.7853981633974483
  0 -1 0 0 0 1 -1 0 0    0 0 0    0.7071067811865476 0.7071067811865476 0.7071067811865476 0.7071067811865476    -0.7853981633974483 2.356194490192345 0.7853981633974483 0.7853981633974483
  0 1 0 0 0 -1 -1 0 0    0 0 0  0.7071067811865476 0.7071067811865476 0.7071067811865476 0.7071067811865476    0.7853981633974483 -2.356194490192345 -0.7853981633974483 -0.7853981633974483
  0 -1 0 0 0 -1 1 0 0    0 0 0  0.7071067811865476 0.7071067811865476 0.7071067811865476 0.7071067811865476    -0.7853981633974483 -0.7853981633974483 -2.356194490192345 0.7853981633974483
   0 1 0 1 0 0 0 0 -1    0 0 0                                                                                                                         0.0 1.0 1.0 0.0    0.0 -0.75 0.75 0.0
 0 -1 0 -1 0 0 0 0 -1    0 0 0                                                                                                                          0.0 1.0 1.0 0.0    0.0 0.75 0.25 0.0
   0 1 0 -1 0 0 0 0 1    0 0 0                                                                                                                          1.0 0.0 0.0 1.0    0.25 0.0 0.0 0.75
   0 -1 0 1 0 0 0 0 1    0 0 0                                                                                                                          1.0 0.0 0.0 1.0    0.75 0.0 0.0 0.25
   1 0 0 0 0 1 0 -1 0    0 0 0                                                                0.7071067811865475 0.7071067811865475 0.7071067811865475 0.7071067811865475    0.0 0.5 0.5 0.0
   -1 0 0 0 0 1 0 1 0    0 0 0                                                               0.7071067811865475 0.7071067811865475 0.7071067811865475 0.7071067811865475    0.5 0.0 1.0 -0.5
 -1 0 0 0 0 -1 0 -1 0    0 0 0                                                               0.7071067811865475 0.7071067811865475 0.7071067811865475 0.7071067811865475    -0.5 0.0 1.0 0.5
   1 0 0 0 0 -1 0 1 0    0 0 0                                                              0.7071067811865475 0.7071067811865475 0.7071067811865475 0.7071067811865475    0.0 -0.5 -0.5 0.0
   0 0 1 0 1 0 -1 0 0    0 0 0                                                                0.7071067811865475 0.7071067811865475 0.7071067811865475 0.7071067811865475    0.0 1.0 0.0 0.0
   0 0 1 0 -1 0 1 0 0    0 0 0                                                             0.7071067811865475 0.7071067811865475 0.7071067811865475 0.7071067811865475    -0.5 -0.5 -0.5 0.5
   0 0 -1 0 1 0 1 0 0    0 0 0                                                                0.7071067811865475 0.7071067811865475 0.7071067811865475 0.7071067811865475    0.0 0.0 1.0 0.0
 0 0 -1 0 -1 0 -1 0 0    0 0 0                                                             0.7071067811865475 0.7071067811865475 0.7071067811865475 0.7071067811865475    0.5 -0.5 -0.5 -0.5
 -1 0 0 0 -1 0 0 0 -1    0 0 0                                                                                                                            1.0 0.0 0.0 1.0    0.0 0.0 0.0 0.0
   1 0 0 0 1 0 0 0 -1    0 0 0                                                                                                                           1.0 0.0 0.0 1.0    -0.5 0.0 0.0 0.5
   1 0 0 0 -1 0 0 0 1    0 0 0                                                                                                                            0.0 1.0 1.0 0.0    0.0 1.0 0.0 0.0
   -1 0 0 0 1 0 0 0 1    0 0 0                                                                                                                          0.0 1.0 1.0 0.0    0.0 -0.5 -0.5 0.0
 0 0 -1 -1 0 0 0 -1 0    0 0 0  0.7071067811865476 0.7071067811865476 0.7071067811865476 0.7071067811865476    -0.7853981633974483 -2.356194490192345 -0.7853981633974483 0.7853981633974483
   0 0 -1 1 0 0 0 1 0    0 0 0    0.7071067811865476 0.7071067811865476 0.7071067811865476 0.7071067811865476    0.7853981633974483 2.356194490192345 0.7853981633974483 -0.7853981633974483
   0 0 1 1 0 0 0 -1 0    0 0 0  0.7071067811865476 0.7071067811865476 0.7071067811865476 0.7071067811865476    0.7853981633974483 -0.7853981633974483 -2.356194490192345 -0.7853981633974483
   0 0 1 -1 0 0 0 1 0    0 0 0    0.7071067811865476 0.7071067811865476 0.7071067811865476 0.7071067811865476    -0.7853981633974483 0.7853981633974483 2.356194490192345 0.7853981633974483
 0 -1 0 0 0 -1 -1 0 0    0 0 0    0.7071067811865476 0.7071067811865476 0.7071067811865476 0.7071067811865476    0.7853981633974483 0.7853981633974483 2.356194490192345 -0.7853981633974483
   0 1 0 0 0 -1 1 0 0    0 0 0    0.7071067811865476 0.7071067811865476 0.7071067811865476 0.7071067811865476    -0.7853981633974483 2.356194490192345 0.7853981633974483 0.7853981633974483
   0 -1 0 0 0 1 1 0 0    0 0 0  0.7071067811865476 0.7071067811865476 0.7071067811865476 0.7071067811865476    0.7853981633974483 -2.356194490192345 -0.7853981633974483 -0.7853981633974483
   0 1 0 0 0 1 -1 0 0    0 0 0  0.7071067811865476 0.7071067811865476 0.7071067811865476 0.7071067811865476    -0.7853981633974483 -0.7853981633974483 -2.356194490192345 0.7853981633974483
  0 -1 0 -1 0 0 0 0 1    0 0 0                                                                                                                         0.0 1.0 1.0 0.0    0.0 -0.75 0.75 0.0
    0 1 0 1 0 0 0 0 1    0 0 0                                                                                                                          0.0 1.0 1.0 0.0    0.0 0.75 0.25 0.0
  0 -1 0 1 0 0 0 0 -1    0 0 0                                                                                                                          1.0 0.0 0.0 1.0    0.25 0.0 0.0 0.75
  0 1 0 -1 0 0 0 0 -1    0 0 0                                                                                                                          1.0 0.0 0.0 1.0    0.75 0.0 0.0 0.25
  -1 0 0 0 0 -1 0 1 0    0 0 0                                                                0.7071067811865475 0.7071067811865475 0.7071067811865475 0.7071067811865475    0.0 0.5 0.5 0.0
  1 0 0 0 0 -1 0 -1 0    0 0 0                                                               0.7071067811865475 0.7071067811865475 0.7071067811865475 0.7071067811865475    0.5 0.0 1.0 -0.5
    1 0 0 0 0 1 0 1 0    0 0 0                                                               0.7071067811865475 0.7071067811865475 0.7071067811865475 0.7071067811865475    -0.5 0.0 1.0 0.5
  -1 0 0 0 0 1 0 -1 0    0 0 0                                                              0.7071067811865475 0.7071067811865475 0.7071067811865475 0.7071067811865475    0.0 -0.5 -0.5 0.0
  0 0 -1 0 -1 0 1 0 0    0 0 0                                                                0.7071067811865475 0.7071067811865475 0.7071067811865475 0.7071067811865475    0.0 1.0 0.0 0.0
  0 0 -1 0 1 0 -1 0 0    0 0 0                                                             0.7071067811865475 0.7071067811865475 0.7071067811865475 0.7071067811865475    -0.5 -0.5 -0.5 0.5
  0 0 1 0 -1 0 -1 0 0    0 0 0                                                                0.7071067811865475 0.7071067811865475 0.7071067811865475 0.7071067811865475    0.0 0.0 1.0 0.0
    0 0 1 0 1 0 1 0 0    0 0 0                                                             0.7071067811865475 0.7071067811865475 0.7071067811865475 0.7071067811865475    0.5 -0.5 -0.5 -0.5


kpoint  GM : 0.000000 0.000000 0.000000 :  1 2 3 4 5 6 7 8 9 10 11 12 13 14 15 16 17 18 19 20 21 22 23 24 25 26 27 28 29 30 31 32 33 34 35 36 37 38 39 40 41 42 43 44 45 46 47 48 49 50 51 52 53 54 55 56 57 58 59 60 61 62 63 64 65 66 67 68 69 70 71 72 73 74 75 76 77 78 79 80 81 82 83 84 85 86 87 88 89 90 91 92 93 94 95 96
-GM10  4  0.0  0.0  0.0 -2.113152 -2.113152 -2.113152 -2.113152 -2.113152 -2.113152 -2.113152 -2.113152  0.0  0.0  0.000000  0.000000  0.000000  0.0  0.0  0.000000  0.000000  0.0  0.000000  0.0  4.0  0.0  0.0  0.0 -2.113152 -2.113152 -2.113152 -2.113152 -2.113152 -2.113152 -2.113152 -2.113152  0.0  0.0  0.000000  0.000000  0.000000  0.0  0.0  0.000000  0.000000  0.0  0.000000  0.0 -4.0  0.0  0.0  0.0  2.185356  2.185356  2.185356  2.185356  2.185356  2.185356  2.185356  2.185356  0.0  0.0  0.000000  0.000000  0.000000  0.0  0.0  0.000000  0.000000  0.0  0.000000  0.0 -4.0  0.0  0.0  0.0  2.185356  2.185356  2.185356  2.185356  2.185356  2.185356  2.185356  2.185356  0.0  0.0  0.000000  0.000000  0.000000  0.0  0.0  0.000000  0.000000  0.0  0.000000  0.0  0.0  0.0  0.0  0.0  0.000000  0.000000  0.000000  0.000000  0.000000  0.000000  0.000000  0.000000 -2.828427  0.000000  0.0  0.0  1.043953  1.043953  1.043953 -1.707226 -1.707226 -1.707226  1.043953 -1.707226  0.0  0.0  0.0  0.0  0.000000  0.000000  0.000000  0.000000  0.000000  0.000000  0.000000  0.000000 -2.828427  0.000000  0.0  0.0  1.043953  1.043953  1.043953 -1.707226 -1.707226 -1.707226  1.043953 -1.707226  0.0  0.0  0.0  0.0  0.000000  0.000000  0.000000  0.000000  0.000000  0.000000  0.000000  0.000000  2.828427  0.000000  0.0  0.0 -1.707226 -1.707226 -1.707226  1.043953  1.043953  1.043953 -1.707226  1.043953  0.0  0.0  0.0  0.0  0.000000  0.000000  0.000000  0.000000  0.000000  0.000000  0.000000  0.000000  2.828427  0.000000  0.0  0.0 -1.707226 -1.707226 -1.707226  1.043953  1.043953  1.043953 -1.707226  1.043953
-GM6   2  0.0  0.0  0.0 -1.104801 -1.104801 -1.104801 -1.104801 -1.104801 -1.104801 -1.104801 -1.104801  0.0  0.0  1.414214  1.414214  1.414214  0.0  0.0  1.414214  1.414214  0.0  1.414214  0.0  2.0  0.0  0.0  0.0 -1.104801 -1.104801 -1.104801 -1.104801 -1.104801 -1.104801 -1.104801 -1.104801  0.0  0.0  1.414214  1.414214  1.414214  0.0  0.0  1.414214  1.414214  0.0  1.414214  0.0 -2.0  0.0  0.0  0.0  0.617397  0.617397  0.617397  0.617397  0.617397  0.617397  0.617397  0.617397  0.0  0.0 -1.414214 -1.414214 -1.414214  0.0  0.0 -1.414214 -1.414214  0.0 -1.414214  0.0 -2.0  0.0  0.0  0.0  0.617397  0.617397  0.617397  0.617397  0.617397  0.617397  0.617397  0.617397  0.0  0.0 -1.414214 -1.414214 -1.414214  0.0  0.0 -1.414214 -1.414214  0.0 -1.414214  0.0  0.0  0.0  2.0  0.0 -1.104801 -1.104801  0.617397  0.617397  0.617397 -1.104801 -1.104801  0.617397  1.414214  1.414214  0.0  0.0  0.000000 -1.414214 -1.414214  0.000000  1.414214  0.000000 -1.414214  0.000000  0.0  0.0  2.0  0.0 -1.104801 -1.104801  0.617397  0.617397  0.617397 -1.104801 -1.104801  0.617397  1.414214  1.414214  0.0  0.0  0.000000 -1.414214 -1.414214  0.000000  1.414214  0.000000 -1.414214  0.000000  0.0  0.0 -2.0  0.0  0.617397  0.617397 -1.104801 -1.104801 -1.104801  0.617397  0.617397 -1.104801 -1.414214 -1.414214  0.0  0.0  0.000000  1.414214  1.414214  0.000000 -1.414214  0.000000  1.414214  0.000000  0.0  0.0 -2.0  0.0  0.617397  0.617397 -1.104801 -1.104801 -1.104801  0.617397  0.617397 -1.104801 -1.414214 -1.414214  0.0  0.0  0.000000  1.414214  1.414214  0.000000 -1.414214  0.000000  1.414214  0.000000
-GM7   2  0.0  0.0  0.0 -1.104801 -1.104801 -1.104801 -1.104801 -1.104801 -1.104801 -1.104801 -1.104801  0.0  0.0 -1.414214 -1.414214 -1.414214  0.0  0.0 -1.414214 -1.414214  0.0 -1.414214  0.0  2.0  0.0  0.0  0.0 -1.104801 -1.104801 -1.104801 -1.104801 -1.104801 -1.104801 -1.104801 -1.104801  0.0  0.0 -1.414214 -1.414214 -1.414214  0.0  0.0 -1.414214 -1.414214  0.0 -1.414214  0.0 -2.0  0.0  0.0  0.0  0.617397  0.617397  0.617397  0.617397  0.617397  0.617397  0.617397  0.617397  0.0  0.0  1.414214  1.414214  1.414214  0.0  0.0  1.414214  1.414214  0.0  1.414214  0.0 -2.0  0.0  0.0  0.0  0.617397  0.617397  0.617397  0.617397  0.617397  0.617397  0.617397  0.617397  0.0  0.0  1.414214  1.414214  1.414214  0.0  0.0  1.414214  1.414214  0.0  1.414214  0.0  0.0  0.0  2.0  0.0 -1.104801 -1.104801  0.617397  0.617397  0.617397 -1.104801 -1.104801  0.617397 -1.414214 -1.414214  0.0  0.0  0.000000  1.414214  1.414214  0.000000 -1.414214  0.000000  1.414214  0.000000  0.0  0.0  2.0  0.0 -1.104801 -1.104801  0.617397  0.617397  0.617397 -1.104801 -1.104801  0.617397 -1.414214 -1.414214  0.0  0.0  0.000000  1.414214  1.414214  0.000000 -1.414214  0.000000  1.414214  0.000000  0.0  0.0 -2.0  0.0  0.617397  0.617397 -1.104801 -1.104801 -1.104801  0.617397  0.617397 -1.104801  1.414214  1.414214  0.0  0.0  0.000000 -1.414214 -1.414214  0.000000  1.414214  0.000000 -1.414214  0.000000  0.0  0.0 -2.0  0.0  0.617397  0.617397 -1.104801 -1.104801 -1.104801  0.617397  0.617397 -1.104801  1.414214  1.414214  0.0  0.0  0.000000 -1.414214 -1.414214  0.000000  1.414214  0.000000 -1.414214  0.000000



kpoint  H : 0.500000 0.500000 0.500000 :  1 2 3 4 5 6 7 8 9 10 11 12 13 14 15 16 17 18 19 20 21 22 23 24 25 26 27 28 29 30 31 32 33 34 35 36 37 38 39 40 41 42 43 44 45 46 47 48 49 50 51 52 53 54 55 56 57 58 59 60 61 62 63 64 65 66 67 68 69 70 71 72 73 74 75 76 77 78 79 80 81 82 83 84 85 86 87 88 89 90 91 92 93 94 95 96
-H10  4  0.0  0.0  0.0 -2.113152 -2.113152 -2.113152 -2.113152 -2.113152 -2.113152 -2.113152 -2.113152  0.0  0.0  0.000000  0.000000  0.000000  0.0  0.0  0.000000  0.000000  0.0  0.000000  0.0  4.0  0.0  0.0  0.0 -2.113152 -2.113152 -2.113152 -2.113152 -2.113152 -2.113152 -2.113152 -2.113152  0.0  0.0  0.000000  0.000000  0.000000  0.0  0.0  0.000000  0.000000  0.0  0.000000  0.0 -4.0  0.0  0.0  0.0  2.185356  2.185356  2.185356  2.185356  2.185356  2.185356  2.185356  2.185356  0.0  0.0  0.000000  0.000000  0.000000  0.0  0.0  0.000000  0.000000  0.0  0.000000  0.0 -4.0  0.0  0.0  0.0  2.185356  2.185356  2.185356  2.185356  2.185356  2.185356  2.185356  2.185356  0.0  0.0  0.000000  0.000000  0.000000  0.0  0.0  0.000000  0.000000  0.0  0.000000  0.0  0.0  0.0  0.0  0.0  0.000000  0.000000  0.000000  0.000000  0.000000  0.000000  0.000000  0.000000 -2.828427  0.000000  0.0  0.0  1.043953  1.043953  1.043953 -1.707226 -1.707226 -1.707226  1.043953 -1.707226  0.0  0.0  0.0  0.0  0.000000  0.000000  0.000000  0.000000  0.000000  0.000000  0.000000  0.000000 -2.828427  0.000000  0.0  0.0  1.043953  1.043953  1.043953 -1.707226 -1.707226 -1.707226  1.043953 -1.707226  0.0  0.0  0.0  0.0  0.000000  0.000000  0.000000  0.000000  0.000000  0.000000  0.000000  0.000000  2.828427  0.000000  0.0  0.0 -1.707226 -1.707226 -1.707226  1.043953  1.043953  1.043953 -1.707226  1.043953  0.0  0.0  0.0  0.0  0.000000  0.000000  0.000000  0.000000  0.000000  0.000000  0.000000  0.000000  2.828427  0.000000  0.0  0.0 -1.707226 -1.707226 -1.707226  1.043953  1.043953  1.043953 -1.707226  1.043953
-H6   2  0.0  0.0  0.0 -1.104801 -1.104801 -1.104801 -1.104801 -1.104801 -1.104801 -1.104801 -1.104801  0.0  0.0  1.414214  1.414214  1.414214  0.0  0.0  1.414214  1.414214  0.0  1.414214  0.0  2.0  0.0  0.0  0.0 -1.104801 -1.104801 -1.104801 -1.104801 -1.104801 -1.104801 -1.104801 -1.104801  0.0  0.0  1.414214  1.414214  1.414214  0.0  0.0  1.414214  1.414214  0.0  1.414214  0.0 -2.0  0.0  0.0  0.0  0.617397  0.617397  0.617397  0.617397  0.617397  0.617397  0.617397  0.617397  0.0  0.0 -1.414214 -1.414214 -1.414214  0.0  0.0 -1.414214 -1.414214  0.0 -1.414214  0.0 -2.0  0.0  0.0  0.0  0.617397  0.617397  0.617397  0.617397  0.617397  0.617397  0.617397  0.617397  0.0  0.0 -1.414214 -1.414214 -1.414214  0.0  0.0 -1.414214 -1.414214  0.0 -1.414214  0.0  0.0  0.0  2.0  0.0 -1.104801 -1.104801  0.617397  0.617397  0.617397 -1.104801 -1.104801  0.617397  1.414214  1.414214  0.0  0.0  0.000000 -1.414214 -1.414214  0.000000  1.414214  0.000000 -1.414214  0.000000  0.0  0.0  2.0  0.0 -1.104801 -1.104801  0.617397  0.617397  0.617397 -1.104801 -1.104801  0.617397  1.414214  1.414214  0.0  0.0  0.000000 -1.414214 -1.414214  0.000000  1.414214  0.000000 -1.414214  0.000000  0.0  0.0 -2.0  0.0  0.617397  0.617397 -1.104801 -1.104801 -1.104801  0.617397  0.617397 -1.104801 -1.414214 -1.414214  0.0  0.0  0.000000  1.414214  1.414214  0.000000 -1.414214  0.000000  1.414214  0.000000  0.0  0.0 -2.0  0.0  0.617397  0.617397 -1.104801 -1.104801 -1.104801  0.617397  0.617397 -1.104801 -1.414214 -1.414214  0.0  0.0  0.000000  1.414214  1.414214  0.000000 -1.414214  0.000000  1.414214  0.000000
-H7   2  0.0  0.0  0.0 -1.104801 -1.104801 -1.104801 -1.104801 -1.104801 -1.104801 -1.104801 -1.104801  0.0  0.0 -1.414214 -1.414214 -1.414214  0.0  0.0 -1.414214 -1.414214  0.0 -1.414214  0.0  2.0  0.0  0.0  0.0 -1.104801 -1.104801 -1.104801 -1.104801 -1.104801 -1.104801 -1.104801 -1.104801  0.0  0.0 -1.414214 -1.414214 -1.414214  0.0  0.0 -1.414214 -1.414214  0.0 -1.414214  0.0 -2.0  0.0  0.0  0.0  0.617397  0.617397  0.617397  0.617397  0.617397  0.617397  0.617397  0.617397  0.0  0.0  1.414214  1.414214  1.414214  0.0  0.0  1.414214  1.414214  0.0  1.414214  0.0 -2.0  0.0  0.0  0.0  0.617397  0.617397  0.617397  0.617397  0.617397  0.617397  0.617397  0.617397  0.0  0.0  1.414214  1.414214  1.414214  0.0  0.0  1.414214  1.414214  0.0  1.414214  0.0  0.0  0.0  2.0  0.0 -1.104801 -1.104801  0.617397  0.617397  0.617397 -1.104801 -1.104801  0.617397 -1.414214 -1.414214  0.0  0.0  0.000000  1.414214  1.414214  0.000000 -1.414214  0.000000  1.414214  0.000000  0.0  0.0  2.0  0.0 -1.104801 -1.104801  0.617397  0.617397  0.617397 -1.104801 -1.104801  0.617397 -1.414214 -1.414214  0.0  0.0  0.000000  1.414214  1.414214  0.000000 -1.414214  0.000000  1.414214  0.000000  0.0  0.0 -2.0  0.0  0.617397  0.617397 -1.104801 -1.104801 -1.104801  0.617397  0.617397 -1.104801  1.414214  1.414214  0.0  0.0  0.000000 -1.414214 -1.414214  0.000000  1.414214  0.000000 -1.414214  0.000000  0.0  0.0 -2.0  0.0  0.617397  0.617397 -1.104801 -1.104801 -1.104801  0.617397  0.617397 -1.104801  1.414214  1.414214  0.0  0.0  0.000000 -1.414214 -1.414214  0.000000  1.414214  0.000000 -1.414214  0.000000



kpoint  N : 0.000000 0.000000 0.500000 :  1 2 3 4 5 6 7 8 9 10 11 12 13 14 15 16
-N5  2  0.0  0.0  0.0  2.0  0.0  0.0  0.0 -2.0  0.0  0.0  0.0 -2.0  0.0  0.0  0.0  0.0 -2.0  0.0  0.0  0.0 -2.0  0.0  0.0  0.0  2.0  0.0  0.0  0.0  2.0  0.0  0.0



kpoint  P : 0.250000 0.250000 0.250000 :  1 2 3 4 5 6 7 8 9 10 11 12 13 14 15 16 17 18 19 20 21 22 23 24 25 26 27 28 29 30 31 32 33 34 35 36 37 38 39 40 41 42 43 44 45 46 47 48
-P6  2  0.0  0.0  0.0 -1.104801 -1.104801 -1.104801 -1.104801 -1.104801 -1.104801 -1.104801 -1.104801  0.0  0.0  1.414214  1.414214  1.414214  0.0  0.0  1.414214  1.414214  0.0  1.414214  0.0 -2.0  0.0  0.0  0.0  0.617397  0.617397  0.617397  0.617397  0.617397  0.617397  0.617397  0.617397  0.0  0.0 -1.414214 -1.414214 -1.414214  0.0  0.0 -1.414214 -1.414214  0.0 -1.414214  0.0  1.414214  1.414214  0.0  0.0  0.000000 -1.414214 -1.414214  0.00000  1.414214  0.00000 -1.414214  0.00000  0.0  0.0  2.0  0.0 -1.104801 -1.104801  0.617397  0.617397  0.617397 -1.104801 -1.104801  0.617397 -1.414214 -1.414214  0.0  0.0  0.00000  1.414214  1.414214  0.000000 -1.414214  0.000000  1.414214  0.000000  0.0  0.0 -2.0  0.0  0.617397  0.617397 -1.104801 -1.104801 -1.104801  0.617397  0.617397 -1.104801
-P7  2  0.0  0.0  0.0 -1.104801 -1.104801 -1.104801 -1.104801 -1.104801 -1.104801 -1.104801 -1.104801  0.0  0.0 -1.414214 -1.414214 -1.414214  0.0  0.0 -1.414214 -1.414214  0.0 -1.414214  0.0 -2.0  0.0  0.0  0.0  0.617397  0.617397  0.617397  0.617397  0.617397  0.617397  0.617397  0.617397  0.0  0.0  1.414214  1.414214  1.414214  0.0  0.0  1.414214  1.414214  0.0  1.414214  0.0 -1.414214 -1.414214  0.0  0.0  0.000000  1.414214  1.414214  0.00000 -1.414214  0.00000  1.414214  0.00000  0.0  0.0  2.0  0.0 -1.104801 -1.104801  0.617397  0.617397  0.617397 -1.104801 -1.104801  0.617397  1.414214  1.414214  0.0  0.0  0.00000 -1.414214 -1.414214  0.000000  1.414214  0.000000 -1.414214  0.000000  0.0  0.0 -2.0  0.0  0.617397  0.617397 -1.104801 -1.104801 -1.104801  0.617397  0.617397 -1.104801
-P8  4  0.0  0.0  0.0 -2.113152 -2.113152 -2.113152 -2.113152 -2.113152 -2.113152 -2.113152 -2.113152  0.0  0.0  0.000000  0.000000  0.000000  0.0  0.0  0.000000  0.000000  0.0  0.000000  0.0 -4.0  0.0  0.0  0.0  2.185356  2.185356  2.185356  2.185356  2.185356  2.185356  2.185356  2.185356  0.0  0.0  0.000000  0.000000  0.000000  0.0  0.0  0.000000  0.000000  0.0  0.000000  0.0  2.000000  0.000000  0.0  0.0  1.435361  0.786097  0.786097 -0.58633 -0.586330 -1.49072  1.435361 -1.49072  0.0  0.0  0.0  0.0  0.000000  0.000000  0.000000  0.000000  0.000000  0.000000  0.000000  0.000000 -2.000000  0.000000  0.0  0.0 -0.58633 -1.490720 -1.490720  1.435361  1.435361  0.786097 -0.586330  0.786097  0.0  0.0  0.0  0.0  0.000000  0.000000  0.000000  0.000000  0.000000  0.000000  0.000000  0.000000
