SG=<i>P</i><sub><i>c</i></sub>6/<i>m</i>
 name=175.142
 spinor=True
symmetries=
      1 0 0 0 1 0 0 0 1    0 0 0                                 1.0 0.0 0.0 1.0    0.0 0.0 0.0 0.0
    0 -1 0 1 -1 0 0 0 1    0 0 0   1.0 0.0 0.0 1.0    0.3333333333333333 0.0 0.0 0.6666666666666667
    -1 1 0 -1 0 0 0 0 1    0 0 0   1.0 0.0 0.0 1.0    0.6666666666666667 0.0 0.0 0.3333333333333333
    -1 0 0 0 -1 0 0 0 1    0 0 0                                1.0 0.0 0.0 1.0    -0.5 0.0 0.0 0.5
     0 1 0 -1 1 0 0 0 1    0 0 0  1.0 0.0 0.0 1.0    0.8333333333333334 0.0 0.0 0.16666666666666669
     1 -1 0 1 0 0 0 0 1    0 0 0  1.0 0.0 0.0 1.0    0.16666666666666669 0.0 0.0 0.8333333333333334
   -1 0 0 0 -1 0 0 0 -1    0 0 0                                 1.0 0.0 0.0 1.0    0.0 0.0 0.0 0.0
    0 1 0 -1 1 0 0 0 -1    0 0 0   1.0 0.0 0.0 1.0    0.3333333333333333 0.0 0.0 0.6666666666666667
    1 -1 0 1 0 0 0 0 -1    0 0 0   1.0 0.0 0.0 1.0    0.6666666666666667 0.0 0.0 0.3333333333333333
     1 0 0 0 1 0 0 0 -1    0 0 0                                1.0 0.0 0.0 1.0    -0.5 0.0 0.0 0.5
   0 -1 0 1 -1 0 0 0 -1    0 0 0  1.0 0.0 0.0 1.0    0.8333333333333334 0.0 0.0 0.16666666666666669
   -1 1 0 -1 0 0 0 0 -1    0 0 0  1.0 0.0 0.0 1.0    0.16666666666666669 0.0 0.0 0.8333333333333334
    1 0 0 0 1 0 0 0 1    0 0 1/2                                 1.0 0.0 0.0 1.0    0.0 0.0 0.0 0.0
  0 -1 0 1 -1 0 0 0 1    0 0 1/2   1.0 0.0 0.0 1.0    0.3333333333333333 0.0 0.0 0.6666666666666667
  -1 1 0 -1 0 0 0 0 1    0 0 1/2   1.0 0.0 0.0 1.0    0.6666666666666667 0.0 0.0 0.3333333333333333
  -1 0 0 0 -1 0 0 0 1    0 0 1/2                                1.0 0.0 0.0 1.0    -0.5 0.0 0.0 0.5
   0 1 0 -1 1 0 0 0 1    0 0 1/2  1.0 0.0 0.0 1.0    0.8333333333333334 0.0 0.0 0.16666666666666669
   1 -1 0 1 0 0 0 0 1    0 0 1/2  1.0 0.0 0.0 1.0    0.16666666666666669 0.0 0.0 0.8333333333333334
 -1 0 0 0 -1 0 0 0 -1    0 0 1/2                                 1.0 0.0 0.0 1.0    0.0 0.0 0.0 0.0
  0 1 0 -1 1 0 0 0 -1    0 0 1/2   1.0 0.0 0.0 1.0    0.3333333333333333 0.0 0.0 0.6666666666666667
  1 -1 0 1 0 0 0 0 -1    0 0 1/2   1.0 0.0 0.0 1.0    0.6666666666666667 0.0 0.0 0.3333333333333333
   1 0 0 0 1 0 0 0 -1    0 0 1/2                                1.0 0.0 0.0 1.0    -0.5 0.0 0.0 0.5
 0 -1 0 1 -1 0 0 0 -1    0 0 1/2  1.0 0.0 0.0 1.0    0.8333333333333334 0.0 0.0 0.16666666666666669
 -1 1 0 -1 0 0 0 0 -1    0 0 1/2  1.0 0.0 0.0 1.0    0.16666666666666669 0.0 0.0 0.8333333333333334


kpoint  GM : 0.000000 0.000000 0.000000 :  1 2 3 4 5 6 7 8 9 10 11 12 13 14 15 16 17 18 19 20 21 22 23 24
-GM10GM11  2  1.0  1.0  0.0  1.732051  1.732051  2.0  1.0  1.0  0.0  1.732051  1.732051 -2.0 -1.0 -1.0  0.0 -1.732051 -1.732051 -2.0 -1.0 -1.0  0.0 -1.732051 -1.732051  0.0  0.0  0.0  0.0  0.0  0.0  0.0  0.0  0.0  0.0  0.0  0.0  0.0  0.0  0.0  0.0  0.0  0.0  0.0  0.0  0.0  0.0  0.0  0.0
-GM12GM9   2  1.0  1.0  0.0 -1.732051 -1.732051  2.0  1.0  1.0  0.0 -1.732051 -1.732051 -2.0 -1.0 -1.0  0.0  1.732051  1.732051 -2.0 -1.0 -1.0  0.0  1.732051  1.732051  0.0  0.0  0.0  0.0  0.0  0.0  0.0  0.0  0.0  0.0  0.0  0.0  0.0  0.0  0.0  0.0  0.0  0.0  0.0  0.0  0.0  0.0  0.0  0.0
-GM7GM8    2 -2.0 -2.0  0.0  0.000000  0.000000  2.0 -2.0 -2.0  0.0  0.000000  0.000000 -2.0  2.0  2.0  0.0  0.000000  0.000000 -2.0  2.0  2.0  0.0  0.000000  0.000000  0.0  0.0  0.0  0.0  0.0  0.0  0.0  0.0  0.0  0.0  0.0  0.0  0.0  0.0  0.0  0.0  0.0  0.0  0.0  0.0  0.0  0.0  0.0  0.0



kpoint  A : 0.000000 0.000000 0.500000 :  1 2 3 4 5 6 7 8 9 10 11 12 13 14 15 16 17 18 19 20 21 22 23 24
-A10A17  2  1.0  1.0  0.0  1.732051  1.732051  0.0  0.0  0.0  0.0  0.0  0.0 -2.0 -1.0 -1.0  0.0 -1.732051 -1.732051  0.0  0.0  0.0  0.0  0.0  0.0  0.0  0.0  0.0  0.0  0.0  0.0  0.0  0.0  0.0  0.0  0.0  0.0  0.0  0.0  0.0  0.0  0.0  0.0  0.0  0.0  0.0  0.0  0.0  0.0
-A11A16  2  1.0  1.0  0.0  1.732051  1.732051  0.0  0.0  0.0  0.0  0.0  0.0 -2.0 -1.0 -1.0  0.0 -1.732051 -1.732051  0.0  0.0  0.0  0.0  0.0  0.0  0.0  0.0  0.0  0.0  0.0  0.0  0.0  0.0  0.0  0.0  0.0  0.0  0.0  0.0  0.0  0.0  0.0  0.0  0.0  0.0  0.0  0.0  0.0  0.0
-A12A15  2  1.0  1.0  0.0 -1.732051 -1.732051  0.0  0.0  0.0  0.0  0.0  0.0 -2.0 -1.0 -1.0  0.0  1.732051  1.732051  0.0  0.0  0.0  0.0  0.0  0.0  0.0  0.0  0.0  0.0  0.0  0.0  0.0  0.0  0.0  0.0  0.0  0.0  0.0  0.0  0.0  0.0  0.0  0.0  0.0  0.0  0.0  0.0  0.0  0.0
-A13A8   2 -2.0 -2.0  0.0  0.000000  0.000000  0.0  0.0  0.0  0.0  0.0  0.0 -2.0  2.0  2.0  0.0  0.000000  0.000000  0.0  0.0  0.0  0.0  0.0  0.0  0.0  0.0  0.0  0.0  0.0  0.0  0.0  0.0  0.0  0.0  0.0  0.0  0.0  0.0  0.0  0.0  0.0  0.0  0.0  0.0  0.0  0.0  0.0  0.0
-A14A7   2 -2.0 -2.0  0.0  0.000000  0.000000  0.0  0.0  0.0  0.0  0.0  0.0 -2.0  2.0  2.0  0.0  0.000000  0.000000  0.0  0.0  0.0  0.0  0.0  0.0  0.0  0.0  0.0  0.0  0.0  0.0  0.0  0.0  0.0  0.0  0.0  0.0  0.0  0.0  0.0  0.0  0.0  0.0  0.0  0.0  0.0  0.0  0.0  0.0
-A18A9   2  1.0  1.0  0.0 -1.732051 -1.732051  0.0  0.0  0.0  0.0  0.0  0.0 -2.0 -1.0 -1.0  0.0  1.732051  1.732051  0.0  0.0  0.0  0.0  0.0  0.0  0.0  0.0  0.0  0.0  0.0  0.0  0.0  0.0  0.0  0.0  0.0  0.0  0.0  0.0  0.0  0.0  0.0  0.0  0.0  0.0  0.0  0.0  0.0  0.0



kpoint  H : 0.333333 0.333333 0.500000 :  1 2 3 4 5 6 7 8 9 10 11 12
-H10H12  2  1.0  1.0  0.0  0.0  0.0 -2.0 -1.0 -1.0  0.0  0.0  0.0  0.0  0.0  0.0  0.0  0.0  0.0  0.0  0.0  0.0  0.0  0.0  0.0
-H11H9   2  1.0  1.0  0.0  0.0  0.0 -2.0 -1.0 -1.0  0.0  0.0  0.0  0.0  0.0  0.0  0.0  0.0  0.0  0.0  0.0  0.0  0.0  0.0  0.0
-H7H7    2 -2.0 -2.0  0.0  0.0  0.0 -2.0  2.0  2.0  0.0  0.0  0.0  0.0  0.0  0.0  0.0  0.0  0.0  0.0  0.0  0.0  0.0  0.0  0.0
-H8H8    2 -2.0 -2.0  0.0  0.0  0.0 -2.0  2.0  2.0  0.0  0.0  0.0  0.0  0.0  0.0  0.0  0.0  0.0  0.0  0.0  0.0  0.0  0.0  0.0



kpoint  K : 0.333333 0.333333 0.000000 :  1 2 3 4 5 6 7 8 9 10 11 12
-K10K11  2  1.0  1.0  0.0  1.732051  1.732051 -2.0 -1.0 -1.0  0.0 -1.732051 -1.732051  0.0  0.0  0.0  0.0  0.0  0.0  0.0  0.0  0.0  0.0  0.0  0.0
-K12K9   2  1.0  1.0  0.0 -1.732051 -1.732051 -2.0 -1.0 -1.0  0.0  1.732051  1.732051  0.0  0.0  0.0  0.0  0.0  0.0  0.0  0.0  0.0  0.0  0.0  0.0
-K7K8    2 -2.0 -2.0  0.0  0.000000  0.000000 -2.0  2.0  2.0  0.0  0.000000  0.000000  0.0  0.0  0.0  0.0  0.0  0.0  0.0  0.0  0.0  0.0  0.0  0.0



kpoint  L : 0.500000 0.000000 0.500000 :  1 2 3 4 5 6 7 8
-L3L6  2  0.0  0.0  0.0 -2.0  0.0  0.0  0.0  0.0  0.0  0.0  0.0  0.0  0.0  0.0  0.0
-L4L5  2  0.0  0.0  0.0 -2.0  0.0  0.0  0.0  0.0  0.0  0.0  0.0  0.0  0.0  0.0  0.0



kpoint  M : 0.500000 0.000000 0.000000 :  1 2 3 4 5 6 7 8
-M3M4  2  0.0  2.0  0.0 -2.0  0.0 -2.0  0.0  0.0  0.0  0.0  0.0  0.0  0.0  0.0  0.0
