SG=<i>I</i><i>b</i>'<i>c</i>'<i>a</i>
 name=73.551
 spinor=False
symmetries=
     1 0 0 0 1 0 0 0 1    0 0 0    1.0 0.0 0.0 1.0    0.0 0.0 0.0 0.0
 -1 0 0 0 -1 0 0 0 1    0 1/2 0   1.0 0.0 0.0 1.0    -0.5 0.0 0.0 0.5
  -1 0 0 0 -1 0 0 0 -1    0 0 0    1.0 0.0 0.0 1.0    0.0 0.0 0.0 0.0
  1 0 0 0 1 0 0 0 -1    0 1/2 0   1.0 0.0 0.0 1.0    -0.5 0.0 0.0 0.5
 -1 0 0 0 1 0 0 0 -1    1/2 0 0    0.0 1.0 1.0 0.0    0.0 1.0 0.0 0.0
 1 0 0 0 -1 0 0 0 -1    0 0 1/2  0.0 1.0 1.0 0.0    0.0 -0.5 -0.5 0.0
  1 0 0 0 -1 0 0 0 1    1/2 0 0    0.0 1.0 1.0 0.0    0.0 1.0 0.0 0.0
  -1 0 0 0 1 0 0 0 1    0 0 1/2  0.0 1.0 1.0 0.0    0.0 -0.5 -0.5 0.0


kpoint  GM : 0.000000 0.000000 0.000000 :  1 2 3 4 5 6 7 8
-GM1+  1  1.0  1.0  1.0  1.0  1.0  1.0  1.0  1.0  1.0  1.0  1.0  1.0  1.0  1.0  1.0
-GM1-  1  1.0 -1.0 -1.0  1.0  1.0 -1.0 -1.0  1.0  1.0 -1.0 -1.0  1.0  1.0 -1.0 -1.0
-GM2+  1 -1.0  1.0 -1.0  1.0 -1.0  1.0 -1.0  1.0 -1.0  1.0 -1.0  1.0 -1.0  1.0 -1.0
-GM2-  1 -1.0 -1.0  1.0  1.0 -1.0 -1.0  1.0  1.0 -1.0 -1.0  1.0  1.0 -1.0 -1.0  1.0
-GM5   1  0.0 -1.0  0.0 -1.0  0.0  1.0  0.0  1.0  0.0 -1.0  0.0 -1.0  0.0  1.0  0.0
-GM6   1  0.0 -1.0  0.0 -1.0  0.0  1.0  0.0  1.0  0.0 -1.0  0.0 -1.0  0.0  1.0  0.0



kpoint  R : 0.000000 0.500000 0.000000 :  1 2 3 4
-(R)V1-V1+  2  0.0  2.0  0.0  0.0  0.0  0.0  0.0



kpoint  S : 0.500000 0.000000 0.000000 :  1 2 3 4
-(S)L1-L1+  2  0.0  2.0  0.0  0.0  0.0  0.0  0.0



kpoint  T : 0.000000 0.000000 0.500000 :  1 2 3 4
-(T)M1  2  0.0  0.0  0.0  2.0  0.0  0.0  0.0



kpoint  TA : 0.500000 0.500000 0.000000 :  1 2 3 4
-(TA)A1  2  0.0  0.0  0.0  2.0  0.0  0.0  0.0



kpoint  W : 0.250000 0.250000 0.250000 :  1 2 3 4
-(W)U1U1  2 -2.0  2.0 -2.0  0.0  0.0  0.0  0.0
-(W)U2U2  2  2.0  2.0  2.0  0.0  0.0  0.0  0.0



kpoint  X : 0.500000 0.500000 0.500000 :  1 2 3 4 5 6 7 8
-(X)Y1+  1  1.0  1.0  1.0  1.0  1.0  1.0  1.0  1.0 -1.0  1.0 -1.0  1.0 -1.0  1.0 -1.0
-(X)Y1-  1  1.0 -1.0 -1.0  1.0  1.0 -1.0 -1.0  1.0 -1.0 -1.0  1.0  1.0 -1.0 -1.0  1.0
-(X)Y2+  1 -1.0  1.0 -1.0  1.0 -1.0  1.0 -1.0  1.0  1.0  1.0  1.0  1.0  1.0  1.0  1.0
-(X)Y2-  1 -1.0 -1.0  1.0  1.0 -1.0 -1.0  1.0  1.0  1.0 -1.0 -1.0  1.0  1.0 -1.0 -1.0
-(X)Y5   1  0.0 -1.0  0.0 -1.0  0.0  1.0  0.0  1.0  0.0 -1.0  0.0 -1.0  0.0  1.0  0.0
-(X)Y6   1  0.0 -1.0  0.0 -1.0  0.0  1.0  0.0  1.0  0.0 -1.0  0.0 -1.0  0.0  1.0  0.0
