SG=<i>C</i><sub><i>a</i></sub>2/<i>c</i>
 name=15.91
 spinor=True
symmetries=
       1 0 0 0 1 0 0 0 1    0 0 0  1.0 0.0 0.0 1.0    0.0 0.0 0.0 0.0
   -1 0 0 0 1 0 0 0 -1    0 0 1/2  0.0 1.0 1.0 0.0    0.0 1.0 0.0 0.0
    -1 0 0 0 -1 0 0 0 -1    0 0 0  1.0 0.0 0.0 1.0    0.0 0.0 0.0 0.0
    1 0 0 0 -1 0 0 0 1    0 0 1/2  0.0 1.0 1.0 0.0    0.0 1.0 0.0 0.0
     1 0 0 0 1 0 0 0 1    1/2 0 0  1.0 0.0 0.0 1.0    0.0 0.0 0.0 0.0
 -1 0 0 0 1 0 0 0 -1    1/2 0 1/2  0.0 1.0 1.0 0.0    0.0 1.0 0.0 0.0
  -1 0 0 0 -1 0 0 0 -1    1/2 0 0  1.0 0.0 0.0 1.0    0.0 0.0 0.0 0.0
  1 0 0 0 -1 0 0 0 1    1/2 0 1/2  0.0 1.0 1.0 0.0    0.0 1.0 0.0 0.0


kpoint  GM : 0.000000 0.000000 0.000000 :  1 2 3 4 5 6 7 8
-GM3GM4  2  0.0  2.0  0.0 -2.0  0.0 -2.0  0.0  0.0  0.0  0.0  0.0  0.0  0.0  0.0  0.0



kpoint  A : 0.000000 0.000000 0.500000 :  1 2 3 4 5 6 7 8
-A2A2  4  0.0  0.0  0.0 -4.0  0.0  0.0  0.0  0.0  0.0  0.0  0.0  0.0  0.0  0.0  0.0



kpoint  L : 0.000000 0.500000 0.500000 :  1 2 3 4
-L2L3  2  0.0 -2.0  0.0  0.0  0.0  0.0  0.0



kpoint  M : 0.500000 0.500000 0.500000 :  1 2 3 4 5 6 7 8
-M2M2  4  0.0  0.0  0.0 -4.0  0.0  0.0  0.0  0.0  0.0  0.0  0.0  0.0  0.0  0.0  0.0



kpoint  V : 0.000000 0.500000 0.000000 :  1 2 3 4
-V2V3  2  0.0 -2.0  0.0  0.0  0.0  0.0  0.0



kpoint  Y : 0.500000 0.500000 0.000000 :  1 2 3 4 5 6 7 8
-Y3Y4  2  0.0  2.0  0.0 -2.0  0.0 -2.0  0.0  0.0  0.0  0.0  0.0  0.0  0.0  0.0  0.0
