SG=<i>I</i>4/<i>m</i><i>c</i>'<i>m</i>'
 name=140.547
 spinor=False
symmetries=
    1 0 0   0 1 0   0 0 1   0 0 0
  -1 0 0   0 -1 0   0 0 1   0 0 0
   0 -1 0   1 0 0   0 0 1   0 0 0
   0 1 0   -1 0 0   0 0 1   0 0 0
 -1 0 0   0 -1 0   0 0 -1   0 0 0
   1 0 0   0 1 0   0 0 -1   0 0 0
  0 1 0   -1 0 0   0 0 -1   0 0 0
  0 -1 0   1 0 0   0 0 -1   0 0 0


kpoint  GM : 0.000000 0.000000 0.000000 :  1 2 3 4 5 6 7 8
-GM1+  1   1.000 1.000 1.000 1.000 1.000 1.000 1.000 1.000 1.000 1.000 1.000 1.000 1.000 1.000 1.000 1.000 1.000 1.000 1.000 1.000 1.000 1.000 1.000 1.000 1.000 1.000 1.000 1.000 1.000 1.000 1.000 1.000 1.000
-GM1-  1   1.000 1.000 1.000 1.000 1.000 -1.000 -1.000 -1.000 -1.000 1.000 1.000 1.000 1.000 -1.000 -1.000 -1.000 -1.000 1.000 1.000 1.000 1.000 -1.000 -1.000 -1.000 -1.000 1.000 1.000 1.000 1.000 -1.000 -1.000 -1.000 -1.000 0.000 0.000 0.000 0.000 0.000 -1.000 -1.000 -1.000 -1.000 0.000 0.000 0.000 0.000 -1.000 -1.000 -1.000 -1.000 0.000 0.000 0.000 0.000 -1.000 -1.000 -1.000 -1.000 0.000 0.000 0.000 0.000 -1.000 -1.000 -1.000 -1.000
-GM10  1   1.000 1.000 -0.000 0.707 0.707 -1.000 -0.000 -0.707 -0.707 -1.000 -0.000 -0.707 -0.707 1.000 -0.000 0.707 0.707 1.000 -0.000 0.707 0.707 -1.000 -0.000 -0.707 -0.707 -1.000 -0.000 -0.707 -0.707 1.000 -0.000 0.707 0.707 0.000 0.000 -0.500 -0.250 0.250 -1.000 0.500 0.750 -0.750 -1.000 0.500 0.750 -0.750 0.000 -0.500 -0.250 0.250 0.000 0.500 0.250 -0.250 -1.000 -0.500 -0.750 0.750 -1.000 -0.500 -0.750 0.750 0.000 0.500 0.250 -0.250
-GM11  1   1.000 1.000 -0.000 -0.707 -0.707 -1.000 -0.000 0.707 0.707 -1.000 -0.000 0.707 0.707 1.000 -0.000 -0.707 -0.707 1.000 -0.000 -0.707 -0.707 -1.000 -0.000 0.707 0.707 -1.000 -0.000 0.707 0.707 1.000 -0.000 -0.707 -0.707 0.000 0.000 0.500 -0.750 0.750 -1.000 -0.500 0.250 -0.250 -1.000 -0.500 0.250 -0.250 0.000 0.500 -0.750 0.750 0.000 -0.500 0.750 -0.750 -1.000 0.500 -0.250 0.250 -1.000 0.500 -0.250 0.250 0.000 -0.500 0.750 -0.750
-GM12  1   1.000 1.000 -0.000 0.707 0.707 -1.000 -0.000 -0.707 -0.707 -1.000 -0.000 -0.707 -0.707 1.000 -0.000 0.707 0.707 1.000 -0.000 0.707 0.707 -1.000 -0.000 -0.707 -0.707 -1.000 -0.000 -0.707 -0.707 1.000 -0.000 0.707 0.707 0.000 0.000 0.500 0.250 -0.250 -1.000 -0.500 -0.750 0.750 -1.000 -0.500 -0.750 0.750 0.000 0.500 0.250 -0.250 0.000 -0.500 -0.250 0.250 -1.000 0.500 0.750 -0.750 -1.000 0.500 0.750 -0.750 0.000 -0.500 -0.250 0.250
-GM2+  1   1.000 1.000 1.000 -1.000 -1.000 1.000 1.000 -1.000 -1.000 1.000 1.000 -1.000 -1.000 1.000 1.000 -1.000 -1.000 1.000 1.000 -1.000 -1.000 1.000 1.000 -1.000 -1.000 1.000 1.000 -1.000 -1.000 1.000 1.000 -1.000 -1.000 0.000 0.000 0.000 -1.000 -1.000 0.000 0.000 -1.000 -1.000 0.000 0.000 -1.000 -1.000 0.000 0.000 -1.000 -1.000 0.000 0.000 -1.000 -1.000 0.000 0.000 -1.000 -1.000 0.000 0.000 -1.000 -1.000 0.000 0.000 -1.000 -1.000
-GM2-  1   1.000 1.000 1.000 -1.000 -1.000 -1.000 -1.000 1.000 1.000 1.000 1.000 -1.000 -1.000 -1.000 -1.000 1.000 1.000 1.000 1.000 -1.000 -1.000 -1.000 -1.000 1.000 1.000 1.000 1.000 -1.000 -1.000 -1.000 -1.000 1.000 1.000 0.000 0.000 0.000 -1.000 -1.000 -1.000 -1.000 0.000 0.000 0.000 0.000 -1.000 -1.000 -1.000 -1.000 0.000 0.000 0.000 0.000 -1.000 -1.000 -1.000 -1.000 0.000 0.000 0.000 0.000 -1.000 -1.000 -1.000 -1.000 0.000 0.000
-GM3+  1   1.000 1.000 -1.000 -0.000 -0.000 1.000 -1.000 -0.000 -0.000 1.000 -1.000 -0.000 -0.000 1.000 -1.000 -0.000 -0.000 1.000 -1.000 -0.000 -0.000 1.000 -1.000 -0.000 -0.000 1.000 -1.000 -0.000 -0.000 1.000 -1.000 -0.000 -0.000 0.000 0.000 -1.000 0.500 -0.500 0.000 -1.000 0.500 -0.500 0.000 -1.000 0.500 -0.500 0.000 -1.000 0.500 -0.500 0.000 -1.000 -0.500 0.500 0.000 -1.000 -0.500 0.500 0.000 -1.000 -0.500 0.500 0.000 -1.000 -0.500 0.500
-GM3-  1   1.000 1.000 -1.000 -0.000 -0.000 -1.000 1.000 -0.000 -0.000 1.000 -1.000 -0.000 -0.000 -1.000 1.000 -0.000 -0.000 1.000 -1.000 -0.000 -0.000 -1.000 1.000 -0.000 -0.000 1.000 -1.000 -0.000 -0.000 -1.000 1.000 -0.000 -0.000 0.000 0.000 -1.000 0.500 -0.500 -1.000 0.000 -0.500 0.500 0.000 -1.000 0.500 -0.500 -1.000 0.000 -0.500 0.500 0.000 -1.000 -0.500 0.500 -1.000 0.000 0.500 -0.500 0.000 -1.000 -0.500 0.500 -1.000 0.000 0.500 -0.500
-GM4+  1   1.000 1.000 -1.000 -0.000 -0.000 1.000 -1.000 -0.000 -0.000 1.000 -1.000 -0.000 -0.000 1.000 -1.000 -0.000 -0.000 1.000 -1.000 -0.000 -0.000 1.000 -1.000 -0.000 -0.000 1.000 -1.000 -0.000 -0.000 1.000 -1.000 -0.000 -0.000 0.000 0.000 -1.000 -0.500 0.500 0.000 -1.000 -0.500 0.500 0.000 -1.000 -0.500 0.500 0.000 -1.000 -0.500 0.500 0.000 -1.000 0.500 -0.500 0.000 -1.000 0.500 -0.500 0.000 -1.000 0.500 -0.500 0.000 -1.000 0.500 -0.500
-GM4-  1   1.000 1.000 -1.000 -0.000 -0.000 -1.000 1.000 -0.000 -0.000 1.000 -1.000 -0.000 -0.000 -1.000 1.000 -0.000 -0.000 1.000 -1.000 -0.000 -0.000 -1.000 1.000 -0.000 -0.000 1.000 -1.000 -0.000 -0.000 -1.000 1.000 -0.000 -0.000 0.000 0.000 -1.000 -0.500 0.500 -1.000 0.000 0.500 -0.500 0.000 -1.000 -0.500 0.500 -1.000 0.000 0.500 -0.500 0.000 -1.000 0.500 -0.500 -1.000 0.000 -0.500 0.500 0.000 -1.000 0.500 -0.500 -1.000 0.000 -0.500 0.500
-GM9  1   1.000 1.000 -0.000 -0.707 -0.707 -1.000 -0.000 0.707 0.707 -1.000 -0.000 0.707 0.707 1.000 -0.000 -0.707 -0.707 1.000 -0.000 -0.707 -0.707 -1.000 -0.000 0.707 0.707 -1.000 -0.000 0.707 0.707 1.000 -0.000 -0.707 -0.707 0.000 0.000 -0.500 0.750 -0.750 -1.000 0.500 -0.250 0.250 -1.000 0.500 -0.250 0.250 0.000 -0.500 0.750 -0.750 0.000 0.500 -0.750 0.750 -1.000 -0.500 0.250 -0.250 -1.000 -0.500 0.250 -0.250 0.000 0.500 -0.750 0.750



kpoint  M : 0.500000 0.500000 0.500000 ; M  :  1.0 1.0 1.0 :  1 2 3 4 5 6 7 8
-M1+  1   1.000 1.000 1.000 1.000 1.000 1.000 1.000 1.000 1.000 1.000 1.000 1.000 1.000 1.000 1.000 1.000 1.000 1.000 1.000 1.000 1.000 1.000 1.000 1.000 1.000 1.000 1.000 1.000 1.000 1.000 1.000 1.000 1.000
-M1-  1   1.000 1.000 1.000 1.000 1.000 -1.000 -1.000 -1.000 -1.000 1.000 1.000 1.000 1.000 -1.000 -1.000 -1.000 -1.000 1.000 1.000 1.000 1.000 -1.000 -1.000 -1.000 -1.000 1.000 1.000 1.000 1.000 -1.000 -1.000 -1.000 -1.000 0.000 0.000 0.000 0.000 0.000 -1.000 -1.000 -1.000 -1.000 0.000 0.000 0.000 0.000 -1.000 -1.000 -1.000 -1.000 0.000 0.000 0.000 0.000 -1.000 -1.000 -1.000 -1.000 0.000 0.000 0.000 0.000 -1.000 -1.000 -1.000 -1.000
-M10  1   1.000 1.000 -0.000 0.707 0.707 -1.000 -0.000 -0.707 -0.707 -1.000 -0.000 -0.707 -0.707 1.000 -0.000 0.707 0.707 1.000 -0.000 0.707 0.707 -1.000 -0.000 -0.707 -0.707 -1.000 -0.000 -0.707 -0.707 1.000 -0.000 0.707 0.707 0.000 0.000 -0.500 -0.250 0.250 -1.000 0.500 0.750 -0.750 -1.000 0.500 0.750 -0.750 0.000 -0.500 -0.250 0.250 0.000 0.500 0.250 -0.250 -1.000 -0.500 -0.750 0.750 -1.000 -0.500 -0.750 0.750 0.000 0.500 0.250 -0.250
-M11  1   1.000 1.000 -0.000 -0.707 -0.707 -1.000 -0.000 0.707 0.707 -1.000 -0.000 0.707 0.707 1.000 -0.000 -0.707 -0.707 1.000 -0.000 -0.707 -0.707 -1.000 -0.000 0.707 0.707 -1.000 -0.000 0.707 0.707 1.000 -0.000 -0.707 -0.707 0.000 0.000 0.500 -0.750 0.750 -1.000 -0.500 0.250 -0.250 -1.000 -0.500 0.250 -0.250 0.000 0.500 -0.750 0.750 0.000 -0.500 0.750 -0.750 -1.000 0.500 -0.250 0.250 -1.000 0.500 -0.250 0.250 0.000 -0.500 0.750 -0.750
-M12  1   1.000 1.000 -0.000 0.707 0.707 -1.000 -0.000 -0.707 -0.707 -1.000 -0.000 -0.707 -0.707 1.000 -0.000 0.707 0.707 1.000 -0.000 0.707 0.707 -1.000 -0.000 -0.707 -0.707 -1.000 -0.000 -0.707 -0.707 1.000 -0.000 0.707 0.707 0.000 0.000 0.500 0.250 -0.250 -1.000 -0.500 -0.750 0.750 -1.000 -0.500 -0.750 0.750 0.000 0.500 0.250 -0.250 0.000 -0.500 -0.250 0.250 -1.000 0.500 0.750 -0.750 -1.000 0.500 0.750 -0.750 0.000 -0.500 -0.250 0.250
-M2+  1   1.000 1.000 1.000 -1.000 -1.000 1.000 1.000 -1.000 -1.000 1.000 1.000 -1.000 -1.000 1.000 1.000 -1.000 -1.000 1.000 1.000 -1.000 -1.000 1.000 1.000 -1.000 -1.000 1.000 1.000 -1.000 -1.000 1.000 1.000 -1.000 -1.000 0.000 0.000 0.000 -1.000 -1.000 0.000 0.000 -1.000 -1.000 0.000 0.000 -1.000 -1.000 0.000 0.000 -1.000 -1.000 0.000 0.000 -1.000 -1.000 0.000 0.000 -1.000 -1.000 0.000 0.000 -1.000 -1.000 0.000 0.000 -1.000 -1.000
-M2-  1   1.000 1.000 1.000 -1.000 -1.000 -1.000 -1.000 1.000 1.000 1.000 1.000 -1.000 -1.000 -1.000 -1.000 1.000 1.000 1.000 1.000 -1.000 -1.000 -1.000 -1.000 1.000 1.000 1.000 1.000 -1.000 -1.000 -1.000 -1.000 1.000 1.000 0.000 0.000 0.000 -1.000 -1.000 -1.000 -1.000 0.000 0.000 0.000 0.000 -1.000 -1.000 -1.000 -1.000 0.000 0.000 0.000 0.000 -1.000 -1.000 -1.000 -1.000 0.000 0.000 0.000 0.000 -1.000 -1.000 -1.000 -1.000 0.000 0.000
-M3+  1   1.000 1.000 -1.000 -0.000 -0.000 1.000 -1.000 -0.000 -0.000 1.000 -1.000 -0.000 -0.000 1.000 -1.000 -0.000 -0.000 1.000 -1.000 -0.000 -0.000 1.000 -1.000 -0.000 -0.000 1.000 -1.000 -0.000 -0.000 1.000 -1.000 -0.000 -0.000 0.000 0.000 -1.000 0.500 -0.500 0.000 -1.000 0.500 -0.500 0.000 -1.000 0.500 -0.500 0.000 -1.000 0.500 -0.500 0.000 -1.000 -0.500 0.500 0.000 -1.000 -0.500 0.500 0.000 -1.000 -0.500 0.500 0.000 -1.000 -0.500 0.500
-M3-  1   1.000 1.000 -1.000 -0.000 -0.000 -1.000 1.000 -0.000 -0.000 1.000 -1.000 -0.000 -0.000 -1.000 1.000 -0.000 -0.000 1.000 -1.000 -0.000 -0.000 -1.000 1.000 -0.000 -0.000 1.000 -1.000 -0.000 -0.000 -1.000 1.000 -0.000 -0.000 0.000 0.000 -1.000 0.500 -0.500 -1.000 0.000 -0.500 0.500 0.000 -1.000 0.500 -0.500 -1.000 0.000 -0.500 0.500 0.000 -1.000 -0.500 0.500 -1.000 0.000 0.500 -0.500 0.000 -1.000 -0.500 0.500 -1.000 0.000 0.500 -0.500
-M4+  1   1.000 1.000 -1.000 -0.000 -0.000 1.000 -1.000 -0.000 -0.000 1.000 -1.000 -0.000 -0.000 1.000 -1.000 -0.000 -0.000 1.000 -1.000 -0.000 -0.000 1.000 -1.000 -0.000 -0.000 1.000 -1.000 -0.000 -0.000 1.000 -1.000 -0.000 -0.000 0.000 0.000 -1.000 -0.500 0.500 0.000 -1.000 -0.500 0.500 0.000 -1.000 -0.500 0.500 0.000 -1.000 -0.500 0.500 0.000 -1.000 0.500 -0.500 0.000 -1.000 0.500 -0.500 0.000 -1.000 0.500 -0.500 0.000 -1.000 0.500 -0.500
-M4-  1   1.000 1.000 -1.000 -0.000 -0.000 -1.000 1.000 -0.000 -0.000 1.000 -1.000 -0.000 -0.000 -1.000 1.000 -0.000 -0.000 1.000 -1.000 -0.000 -0.000 -1.000 1.000 -0.000 -0.000 1.000 -1.000 -0.000 -0.000 -1.000 1.000 -0.000 -0.000 0.000 0.000 -1.000 -0.500 0.500 -1.000 0.000 0.500 -0.500 0.000 -1.000 -0.500 0.500 -1.000 0.000 0.500 -0.500 0.000 -1.000 0.500 -0.500 -1.000 0.000 -0.500 0.500 0.000 -1.000 0.500 -0.500 -1.000 0.000 -0.500 0.500
-M9  1   1.000 1.000 -0.000 -0.707 -0.707 -1.000 -0.000 0.707 0.707 -1.000 -0.000 0.707 0.707 1.000 -0.000 -0.707 -0.707 1.000 -0.000 -0.707 -0.707 -1.000 -0.000 0.707 0.707 -1.000 -0.000 0.707 0.707 1.000 -0.000 -0.707 -0.707 0.000 0.000 -0.500 0.750 -0.750 -1.000 0.500 -0.250 0.250 -1.000 0.500 -0.250 0.250 0.000 -0.500 0.750 -0.750 0.000 0.500 -0.750 0.750 -1.000 -0.500 0.250 -0.250 -1.000 -0.500 0.250 -0.250 0.000 0.500 -0.750 0.750



kpoint  N : 0.000000 0.500000 0.000000 ; N  :  0.5 0.0 0.5 :  1 2
-N1-N1+  2   2.000 2.000 0.000 2.000 0.000 0.000 0.000 0.000 0.000



kpoint  P : 0.250000 0.250000 0.250000 ; P  :  0.5 0.5 0.5 :  1 2 3 4
-P1P2  2   2.000 2.000 2.000 0.000 0.000 2.000 2.000 0.000 0.000 0.000 0.000 0.000 0.000 0.000 0.000 0.000 0.000
-P3P4  2   2.000 2.000 -2.000 0.000 0.000 2.000 -2.000 0.000 0.000 0.000 0.000 0.000 0.000 0.000 0.000 0.000 0.000 0.000 0.000 -1.000 0.000 0.000 0.000 -1.000 0.000 0.000 0.000 0.000 0.000 0.000 0.000 0.000 0.000 0.000



kpoint  X : 0.000000 0.000000 0.500000 ; X  :  0.5 0.5 0.0 :  1 2 3 4
-X1+  1   1.000 1.000 1.000 1.000 1.000 1.000 1.000 1.000 1.000 -0.000 -0.000 -0.000 -0.000 -0.000 -0.000 -0.000 -0.000 0.000 0.000 0.000 0.000 0.000 0.000 0.000 0.000 0.000 -0.500 -0.500 -0.500 -0.500 -0.500 -0.500 -0.500 -0.500
-X1-  1   1.000 1.000 1.000 -1.000 -1.000 1.000 1.000 -1.000 -1.000 -0.000 -0.000 -0.000 -0.000 -0.000 -0.000 -0.000 -0.000 0.000 0.000 0.000 -1.000 -1.000 0.000 0.000 -1.000 -1.000 -0.500 -0.500 0.500 0.500 -0.500 -0.500 0.500 0.500
-X2+  1   1.000 1.000 -1.000 1.000 -1.000 1.000 -1.000 1.000 -1.000 -0.000 -0.000 -0.000 -0.000 -0.000 -0.000 -0.000 -0.000 0.000 0.000 -1.000 0.000 -1.000 0.000 -1.000 0.000 -1.000 0.500 -0.500 0.500 -0.500 0.500 -0.500 0.500 -0.500
-X2-  1   1.000 1.000 -1.000 -1.000 1.000 1.000 -1.000 -1.000 1.000 -0.000 -0.000 -0.000 -0.000 -0.000 -0.000 -0.000 -0.000 0.000 0.000 -1.000 -1.000 0.000 0.000 -1.000 -1.000 0.000 0.500 -0.500 -0.500 0.500 0.500 -0.500 -0.500 0.500
-X5  1   1.000 1.000 -0.000 -1.000 -0.000 -1.000 -0.000 1.000 -0.000 1.000 -0.000 -1.000 -0.000 -1.000 -0.000 1.000 -0.000 0.000 0.000 -0.500 -1.000 0.500 -1.000 0.500 0.000 -0.500 0.000 -0.500 -1.000 0.500 -1.000 0.500 0.000 -0.500
-X6  1   1.000 1.000 -0.000 -1.000 -0.000 -1.000 -0.000 1.000 -0.000 -1.000 -0.000 1.000 -0.000 1.000 -0.000 -1.000 -0.000 0.000 0.000 0.500 -1.000 -0.500 -1.000 -0.500 0.000 0.500 -1.000 -0.500 0.000 0.500 0.000 0.500 -1.000 -0.500
