SG=<i>P</i>4<sub>2</sub>'/<i>m</i><i>b</i><i>c</i>'
 name=135.487
 spinor=False
symmetries=
          1 0 0 0 1 0 0 0 1    0 0 0     1.0 0.0 0.0 1.0    0.0 0.0 0.0 0.0
        -1 0 0 0 -1 0 0 0 1    0 0 0    1.0 0.0 0.0 1.0    -0.5 0.0 0.0 0.5
    -1 0 0 0 1 0 0 0 -1    1/2 1/2 0     0.0 1.0 1.0 0.0    0.0 1.0 0.0 0.0
    1 0 0 0 -1 0 0 0 -1    1/2 1/2 0   0.0 1.0 1.0 0.0    0.0 -0.5 -0.5 0.0
       -1 0 0 0 -1 0 0 0 -1    0 0 0     1.0 0.0 0.0 1.0    0.0 0.0 0.0 0.0
         1 0 0 0 1 0 0 0 -1    0 0 0    1.0 0.0 0.0 1.0    -0.5 0.0 0.0 0.5
     1 0 0 0 -1 0 0 0 1    1/2 1/2 0     0.0 1.0 1.0 0.0    0.0 1.0 0.0 0.0
     -1 0 0 0 1 0 0 0 1    1/2 1/2 0   0.0 1.0 1.0 0.0    0.0 -0.5 -0.5 0.0
       0 -1 0 1 0 0 0 0 1    0 0 1/2   1.0 0.0 0.0 1.0    0.75 0.0 0.0 0.25
       0 1 0 -1 0 0 0 0 1    0 0 1/2   1.0 0.0 0.0 1.0    0.25 0.0 0.0 0.75
   0 1 0 1 0 0 0 0 -1    1/2 1/2 1/2  0.0 1.0 1.0 0.0    0.0 -0.75 0.75 0.0
 0 -1 0 -1 0 0 0 0 -1    1/2 1/2 1/2   0.0 1.0 1.0 0.0    0.0 0.75 0.25 0.0
      0 1 0 -1 0 0 0 0 -1    0 0 1/2   1.0 0.0 0.0 1.0    0.75 0.0 0.0 0.25
      0 -1 0 1 0 0 0 0 -1    0 0 1/2   1.0 0.0 0.0 1.0    0.25 0.0 0.0 0.75
  0 -1 0 -1 0 0 0 0 1    1/2 1/2 1/2  0.0 1.0 1.0 0.0    0.0 -0.75 0.75 0.0
    0 1 0 1 0 0 0 0 1    1/2 1/2 1/2   0.0 1.0 1.0 0.0    0.0 0.75 0.25 0.0


kpoint  GM : 0.000000 0.000000 0.000000 :  1 2 3 4 5 6 7 8 9 10 11 12 13 14 15 16
-GM1+      1  1.0  1.0  1.0  1.0  1.0  1.0  1.0  1.0  1.0  1.0  1.0  1.0  1.0  1.0  1.0  1.000000  1.000000  1.0  1.0  1.000000  1.000000  1.0  1.0  1.000000  1.000000  1.0  1.0  1.000000  1.000000  1.0  1.0
-GM1-      1  1.0  1.0  1.0 -1.0 -1.0 -1.0 -1.0  1.0  1.0  1.0  1.0 -1.0 -1.0 -1.0 -1.0  1.000000  1.000000  1.0  1.0 -1.000000 -1.000000 -1.0 -1.0  1.000000  1.000000  1.0  1.0 -1.000000 -1.000000 -1.0 -1.0
-GM2+      1  1.0 -1.0 -1.0  1.0  1.0 -1.0 -1.0  1.0  1.0 -1.0 -1.0  1.0  1.0 -1.0 -1.0 -1.000000 -1.000000  1.0  1.0 -1.000000 -1.000000  1.0  1.0 -1.000000 -1.000000  1.0  1.0 -1.000000 -1.000000  1.0  1.0
-GM2-      1  1.0 -1.0 -1.0 -1.0 -1.0  1.0  1.0  1.0  1.0 -1.0 -1.0 -1.0 -1.0  1.0  1.0 -1.000000 -1.000000  1.0  1.0  1.000000  1.000000 -1.0 -1.0 -1.000000 -1.000000  1.0  1.0  1.000000  1.000000 -1.0 -1.0
-GM3+GM4+  2 -2.0  0.0  0.0  2.0 -2.0  0.0  0.0  2.0 -2.0  0.0  0.0  2.0 -2.0  0.0  0.0  0.000000  0.000000  0.0  0.0  0.000000  0.000000  0.0  0.0  0.000000  0.000000  0.0  0.0  0.000000  0.000000  0.0  0.0
-GM3-GM4-  2 -2.0  0.0  0.0 -2.0  2.0  0.0  0.0  2.0 -2.0  0.0  0.0 -2.0  2.0  0.0  0.0  0.000000  0.000000  0.0  0.0  0.000000  0.000000  0.0  0.0  0.000000  0.000000  0.0  0.0  0.000000  0.000000  0.0  0.0
-GM6       2  0.0  0.0  0.0 -2.0  0.0  0.0  0.0 -2.0  0.0  0.0  0.0  2.0  0.0  0.0  0.0 -1.414214  1.414214  0.0  0.0  1.414214 -1.414214  0.0  0.0  1.414214 -1.414214  0.0  0.0 -1.414214  1.414214  0.0  0.0



kpoint  A : 0.500000 0.500000 0.500000 :  1 2 3 4 5 6 7 8 9 10 11 12 13 14 15 16
-(A)R1+R2-  2  2.0  0.0  0.0  0.0  0.0  0.0  0.0  2.0  2.0  0.0  0.0  0.0  0.0  0.0  0.0  0.0  0.0  0.0  0.0  0.0  0.0  0.0  0.0  0.0  0.0  0.0  0.0  0.0  0.0  0.0  0.0
-(A)R1-R2+  2  2.0  0.0  0.0  0.0  0.0  0.0  0.0  2.0  2.0  0.0  0.0  0.0  0.0  0.0  0.0  0.0  0.0  0.0  0.0  0.0  0.0  0.0  0.0  0.0  0.0  0.0  0.0  0.0  0.0  0.0  0.0
-(A)R3-R3+  2 -2.0  0.0  0.0  0.0  0.0  0.0  0.0  2.0 -2.0  0.0  0.0  0.0  0.0  0.0  0.0  0.0  0.0  0.0  0.0  0.0  0.0  0.0  0.0  0.0  0.0  0.0  0.0  0.0  0.0  0.0  0.0
-(A)R4-R4+  2 -2.0  0.0  0.0  0.0  0.0  0.0  0.0  2.0 -2.0  0.0  0.0  0.0  0.0  0.0  0.0  0.0  0.0  0.0  0.0  0.0  0.0  0.0  0.0  0.0  0.0  0.0  0.0  0.0  0.0  0.0  0.0



kpoint  M : 0.500000 0.500000 0.000000 :  1 2 3 4 5 6 7 8 9 10 11 12 13 14 15 16
-(M)S1+     1  1.0  0.0  0.0  1.0  1.0  0.0  0.0  1.0  1.0  0.0  0.0  1.0  1.0  0.0  0.0  0.0  0.0  1.0  1.0  0.0  0.0  1.0  1.0  0.0  0.0  1.0  1.0  0.0  0.0  1.0  1.0
-(M)S1-     1  1.0  0.0  0.0 -1.0 -1.0  0.0  0.0  1.0  1.0  0.0  0.0 -1.0 -1.0  0.0  0.0  0.0  0.0  1.0  1.0  0.0  0.0 -1.0 -1.0  0.0  0.0  1.0  1.0  0.0  0.0 -1.0 -1.0
-(M)S2+     1  1.0  0.0  0.0  1.0  1.0  0.0  0.0  1.0  1.0  0.0  0.0  1.0  1.0  0.0  0.0  0.0  0.0  1.0  1.0  0.0  0.0  1.0  1.0  0.0  0.0  1.0  1.0  0.0  0.0  1.0  1.0
-(M)S2-     1  1.0  0.0  0.0 -1.0 -1.0  0.0  0.0  1.0  1.0  0.0  0.0 -1.0 -1.0  0.0  0.0  0.0  0.0  1.0  1.0  0.0  0.0 -1.0 -1.0  0.0  0.0  1.0  1.0  0.0  0.0 -1.0 -1.0
-(M)S3+S4+  2 -2.0  0.0  0.0  2.0 -2.0  0.0  0.0  2.0 -2.0  0.0  0.0  2.0 -2.0  0.0  0.0  0.0  0.0  0.0  0.0  0.0  0.0  0.0  0.0  0.0  0.0  0.0  0.0  0.0  0.0  0.0  0.0
-(M)S3-S4-  2 -2.0  0.0  0.0 -2.0  2.0  0.0  0.0  2.0 -2.0  0.0  0.0 -2.0  2.0  0.0  0.0  0.0  0.0  0.0  0.0  0.0  0.0  0.0  0.0  0.0  0.0  0.0  0.0  0.0  0.0  0.0  0.0
-(M)S6      2  0.0  0.0  0.0 -2.0  0.0  0.0  0.0 -2.0  0.0  0.0  0.0  2.0  0.0  0.0  0.0  0.0  0.0  0.0  0.0  0.0  0.0  0.0  0.0  0.0  0.0  0.0  0.0  0.0  0.0  0.0  0.0



kpoint  R : 0.000000 0.500000 0.500000 :  1 2 3 4 5 6 7 8
-(R)T1  2  0.0  0.0  0.0  0.0 -2.0  0.0  0.0  2.0  0.0  0.0  0.0  0.0 -2.0  0.0  0.0
-(R)T2  2  0.0  0.0  0.0  0.0  2.0  0.0  0.0  2.0  0.0  0.0  0.0  0.0  2.0  0.0  0.0



kpoint  RA : 0.500000 0.000000 0.500000 :  1 2 3 4 5 6 7 8
-(RA)U1  2  0.0  0.0  0.0  0.0  2.0  0.0  0.0  2.0  0.0  0.0  0.0  0.0  2.0  0.0  0.0
-(RA)U2  2  0.0  0.0  0.0  0.0 -2.0  0.0  0.0  2.0  0.0  0.0  0.0  0.0 -2.0  0.0  0.0



kpoint  X : 0.000000 0.500000 0.000000 :  1 2 3 4 5 6 7 8
-(X)Y1  2  0.0  0.0  0.0  0.0 -2.0  0.0  0.0  2.0  0.0  0.0  0.0  0.0 -2.0  0.0  0.0
-(X)Y2  2  0.0  0.0  0.0  0.0  2.0  0.0  0.0  2.0  0.0  0.0  0.0  0.0  2.0  0.0  0.0



kpoint  XA : 0.500000 0.000000 0.000000 :  1 2 3 4 5 6 7 8
-(XA)X1  2  0.0  0.0  0.0  0.0  2.0  0.0  0.0  2.0  0.0  0.0  0.0  0.0  2.0  0.0  0.0
-(XA)X2  2  0.0  0.0  0.0  0.0 -2.0  0.0  0.0  2.0  0.0  0.0  0.0  0.0 -2.0  0.0  0.0



kpoint  Z : 0.000000 0.000000 0.500000 :  1 2 3 4 5 6 7 8 9 10 11 12 13 14 15 16
-Z1+Z2-  2  2.0  0.0  0.0  0.0  0.0  2.0  2.0  2.0  2.0  0.0  0.0  0.0  0.0  2.0  2.0  0.0  0.0  0.0  0.0  0.0  0.0  0.0  0.0  0.0  0.0  0.0  0.0  0.0  0.0  0.0  0.0
-Z1-Z2+  2  2.0  0.0  0.0  0.0  0.0 -2.0 -2.0  2.0  2.0  0.0  0.0  0.0  0.0 -2.0 -2.0  0.0  0.0  0.0  0.0  0.0  0.0  0.0  0.0  0.0  0.0  0.0  0.0  0.0  0.0  0.0  0.0
-Z3-Z3+  2 -2.0 -2.0  2.0  0.0  0.0  0.0  0.0  2.0 -2.0 -2.0  2.0  0.0  0.0  0.0  0.0  0.0  0.0  0.0  0.0  0.0  0.0  0.0  0.0  0.0  0.0  0.0  0.0  0.0  0.0  0.0  0.0
-Z4-Z4+  2 -2.0  2.0 -2.0  0.0  0.0  0.0  0.0  2.0 -2.0  2.0 -2.0  0.0  0.0  0.0  0.0  0.0  0.0  0.0  0.0  0.0  0.0  0.0  0.0  0.0  0.0  0.0  0.0  0.0  0.0  0.0  0.0
