SG=<i>P</i>6<i>m</i>'<i>m</i>'
 name=183.189
 spinor=True
symmetries=
   1 0 0 0 1 0 0 0 1    0 0 0                                 1.0 0.0 0.0 1.0    0.0 0.0 0.0 0.0
 0 -1 0 1 -1 0 0 0 1    0 0 0   1.0 0.0 0.0 1.0    0.3333333333333333 0.0 0.0 0.6666666666666667
 -1 1 0 -1 0 0 0 0 1    0 0 0   1.0 0.0 0.0 1.0    0.6666666666666667 0.0 0.0 0.3333333333333333
 -1 0 0 0 -1 0 0 0 1    0 0 0                                1.0 0.0 0.0 1.0    -0.5 0.0 0.0 0.5
  0 1 0 -1 1 0 0 0 1    0 0 0  1.0 0.0 0.0 1.0    0.8333333333333334 0.0 0.0 0.16666666666666669
  1 -1 0 1 0 0 0 0 1    0 0 0  1.0 0.0 0.0 1.0    0.16666666666666669 0.0 0.0 0.8333333333333334
 0 -1 0 -1 0 0 0 0 1    0 0 0  0.0 1.0 1.0 0.0    0.0 -0.6666666666666667 0.6666666666666667 0.0
  -1 1 0 0 1 0 0 0 1    0 0 0                                 0.0 1.0 1.0 0.0    0.0 1.0 0.0 0.0
  1 0 0 1 -1 0 0 0 1    0 0 0   0.0 1.0 1.0 0.0    0.0 0.6666666666666667 0.3333333333333333 0.0
   0 1 0 1 0 0 0 0 1    0 0 0  0.0 1.0 1.0 0.0    0.0 0.8333333333333334 0.16666666666666669 0.0
 1 -1 0 0 -1 0 0 0 1    0 0 0                               0.0 1.0 1.0 0.0    0.0 -0.5 -0.5 0.0
 -1 0 0 -1 1 0 0 0 1    0 0 0  0.0 1.0 1.0 0.0    0.0 0.16666666666666669 0.8333333333333334 0.0


kpoint  GM : 0.000000 0.000000 0.000000 :  1 2 3 4 5 6 7 8 9 10 11 12
-GM10  1  0.5  0.5  0.0  0.866025  0.866025 -1.0 -0.5 -0.5  0.0 -0.866025 -0.866025  1.0  0.5 -0.5  0.0  0.866025 -0.866025 -1.0 -0.5  0.5  0.0 -0.866025  0.866025
-GM11  1  0.5  0.5  0.0  0.866025  0.866025 -1.0 -0.5 -0.5  0.0 -0.866025 -0.866025  1.0  0.5 -0.5  0.0  0.866025 -0.866025 -1.0 -0.5  0.5  0.0 -0.866025  0.866025
-GM12  1  0.5  0.5  0.0 -0.866025 -0.866025 -1.0 -0.5 -0.5  0.0  0.866025  0.866025  1.0  0.5 -0.5  0.0 -0.866025  0.866025 -1.0 -0.5  0.5  0.0  0.866025 -0.866025
-GM7   1 -1.0 -1.0  0.0  0.000000  0.000000 -1.0  1.0  1.0  0.0  0.000000  0.000000  1.0 -1.0  1.0  0.0  0.000000  0.000000 -1.0  1.0 -1.0  0.0  0.000000  0.000000
-GM8   1 -1.0 -1.0  0.0  0.000000  0.000000 -1.0  1.0  1.0  0.0  0.000000  0.000000  1.0 -1.0  1.0  0.0  0.000000  0.000000 -1.0  1.0 -1.0  0.0  0.000000  0.000000
-GM9   1  0.5  0.5  0.0 -0.866025 -0.866025 -1.0 -0.5 -0.5  0.0  0.866025  0.866025  1.0  0.5 -0.5  0.0 -0.866025  0.866025 -1.0 -0.5  0.5  0.0  0.866025 -0.866025



kpoint  A : 0.000000 0.000000 0.500000 :  1 2 3 4 5 6 7 8 9 10 11 12
-A10  1  0.5  0.5  0.0  0.866025  0.866025 -1.0 -0.5 -0.5  0.0 -0.866025 -0.866025  1.0  0.5 -0.5  0.0  0.866025 -0.866025 -1.0 -0.5  0.5  0.0 -0.866025  0.866025
-A11  1  0.5  0.5  0.0  0.866025  0.866025 -1.0 -0.5 -0.5  0.0 -0.866025 -0.866025  1.0  0.5 -0.5  0.0  0.866025 -0.866025 -1.0 -0.5  0.5  0.0 -0.866025  0.866025
-A12  1  0.5  0.5  0.0 -0.866025 -0.866025 -1.0 -0.5 -0.5  0.0  0.866025  0.866025  1.0  0.5 -0.5  0.0 -0.866025  0.866025 -1.0 -0.5  0.5  0.0  0.866025 -0.866025
-A7   1 -1.0 -1.0  0.0  0.000000  0.000000 -1.0  1.0  1.0  0.0  0.000000  0.000000  1.0 -1.0  1.0  0.0  0.000000  0.000000 -1.0  1.0 -1.0  0.0  0.000000  0.000000
-A8   1 -1.0 -1.0  0.0  0.000000  0.000000 -1.0  1.0  1.0  0.0  0.000000  0.000000  1.0 -1.0  1.0  0.0  0.000000  0.000000 -1.0  1.0 -1.0  0.0  0.000000  0.000000
-A9   1  0.5  0.5  0.0 -0.866025 -0.866025 -1.0 -0.5 -0.5  0.0  0.866025  0.866025  1.0  0.5 -0.5  0.0 -0.866025  0.866025 -1.0 -0.5  0.5  0.0  0.866025 -0.866025



kpoint  H : 0.333333 0.333333 0.500000 :  1 2 3 4 5 6
-H4  1 -1.0 -1.0 -1.0  1.0  1.0  0.0  0.000000  0.000000  0.0  0.000000  0.000000
-H5  1  0.5  0.5 -1.0 -0.5 -0.5  0.0  0.866025  0.866025  0.0 -0.866025 -0.866025
-H6  1  0.5  0.5 -1.0 -0.5 -0.5  0.0 -0.866025 -0.866025  0.0  0.866025  0.866025



kpoint  K : 0.333333 0.333333 0.000000 :  1 2 3 4 5 6
-K4  1 -1.0 -1.0 -1.0  1.0  1.0  0.0  0.000000  0.000000  0.0  0.000000  0.000000
-K5  1  0.5  0.5 -1.0 -0.5 -0.5  0.0  0.866025  0.866025  0.0 -0.866025 -0.866025
-K6  1  0.5  0.5 -1.0 -0.5 -0.5  0.0 -0.866025 -0.866025  0.0  0.866025  0.866025



kpoint  L : 0.500000 0.000000 0.500000 :  1 2 3 4
-L3  1  0.0 -1.0  0.0 -1.0  0.0  1.0  0.0
-L4  1  0.0 -1.0  0.0 -1.0  0.0  1.0  0.0



kpoint  M : 0.500000 0.000000 0.000000 :  1 2 3 4
-M3  1  0.0 -1.0  0.0 -1.0  0.0  1.0  0.0
-M4  1  0.0 -1.0  0.0 -1.0  0.0  1.0  0.0
