SG=<i>P</i><sub><i>c</i></sub>2/<i>c</i>
 name=13.72
 spinor=True
symmetries=
         1 0 0   0 1 0   0 0 1   0 0 0  1.0 0.0 0.0 1.0    0.0 0.0 0.0 0.0
 -1 0 0   0 1 0   0 0 -1   0 0 0.50000  0.0 1.0 1.0 0.0    0.0 1.0 0.0 0.0
      -1 0 0   0 -1 0   0 0 -1   0 0 0  1.0 0.0 0.0 1.0    0.0 0.0 0.0 0.0
  1 0 0   0 -1 0   0 0 1   0 0 0.50000  0.0 1.0 1.0 0.0    0.0 1.0 0.0 0.0


kpoint  GM : 0.000000 0.000000 0.000000 :  1 2 3 4
-GM3GM4  2   2.000 2.000 0.000 2.000 0.000 -2.000 0.000 -2.000 0.000 0.000 0.000 0.000 0.000 0.000 0.000 0.000 0.000 0.000 0.000 0.000 0.000 0.000 -1.000 0.000 -1.000 0.000 0.000 0.000 0.000 0.000 0.000 0.000 0.000 0.000



kpoint  A : 0.500000 0.000000 0.500000 ; A  :  0.5 0.0 0.5 :  1 2 3 4
-A2  2   2.000 2.000 0.000 0.000 0.000 -2.000 0.000 0.000 0.000 0.000 0.000 0.000 2.000 0.000 0.000 0.000 -2.000 0.000 0.000 0.000 0.000 0.000 -1.000 0.000 0.000 0.000 0.000 0.000 0.000 0.000 0.000 0.000 0.000 -1.000



kpoint  B : 0.000000 0.000000 0.500000 ; B  :  0.0 0.0 0.5 :  1 2 3 4
-B2  2   2.000 2.000 0.000 0.000 0.000 -2.000 0.000 0.000 0.000 0.000 0.000 0.000 2.000 0.000 0.000 0.000 -2.000 0.000 0.000 0.000 0.000 0.000 -1.000 0.000 0.000 0.000 0.000 0.000 0.000 0.000 0.000 0.000 0.000 -1.000



kpoint  C : 0.500000 0.500000 0.000000 ; C  :  0.5 0.5 0.0 :  1 2 3 4
-C3C4  2   2.000 2.000 0.000 2.000 0.000 -2.000 0.000 -2.000 0.000 0.000 0.000 0.000 0.000 0.000 0.000 0.000 0.000 0.000 0.000 0.000 0.000 0.000 -1.000 0.000 -1.000 0.000 0.000 0.000 0.000 0.000 0.000 0.000 0.000 0.000



kpoint  D : 0.000000 0.500000 0.500000 ; D  :  0.0 0.5 0.5 :  1 2 3 4
-D2  2   2.000 2.000 0.000 0.000 0.000 -2.000 0.000 0.000 0.000 0.000 0.000 0.000 2.000 0.000 0.000 0.000 -2.000 0.000 0.000 0.000 0.000 0.000 -1.000 0.000 0.000 0.000 0.000 0.000 0.000 0.000 0.000 0.000 0.000 -1.000



kpoint  E : 0.500000 0.500000 0.500000 ; E  :  0.5 0.5 0.5 :  1 2 3 4
-E2  2   2.000 2.000 0.000 0.000 0.000 -2.000 0.000 0.000 0.000 0.000 0.000 0.000 2.000 0.000 0.000 0.000 -2.000 0.000 0.000 0.000 0.000 0.000 -1.000 0.000 0.000 0.000 0.000 0.000 0.000 0.000 0.000 0.000 0.000 -1.000



kpoint  Y : 0.500000 0.000000 0.000000 ; Y  :  0.5 0.0 0.0 :  1 2 3 4
-Y3Y4  2   2.000 2.000 0.000 2.000 0.000 -2.000 0.000 -2.000 0.000 0.000 0.000 0.000 0.000 0.000 0.000 0.000 0.000 0.000 0.000 0.000 0.000 0.000 -1.000 0.000 -1.000 0.000 0.000 0.000 0.000 0.000 0.000 0.000 0.000 0.000



kpoint  Z : 0.000000 0.500000 0.000000 ; Z  :  0.0 0.5 0.0 :  1 2 3 4
-Z3Z4  2   2.000 2.000 0.000 2.000 0.000 -2.000 0.000 -2.000 0.000 0.000 0.000 0.000 0.000 0.000 0.000 0.000 0.000 0.000 0.000 0.000 0.000 0.000 -1.000 0.000 -1.000 0.000 0.000 0.000 0.000 0.000 0.000 0.000 0.000 0.000
