SG=<i>I</i>2<sub>1</sub>2<sub>1</sub>2<sub>1</sub>
 name=24.53
 spinor=False
symmetries=
     1 0 0 0 1 0 0 0 1    0 0 0    1.0 0.0 0.0 1.0    0.0 0.0 0.0 0.0
 -1 0 0 0 -1 0 0 0 1    0 1/2 0   1.0 0.0 0.0 1.0    -0.5 0.0 0.0 0.5
 -1 0 0 0 1 0 0 0 -1    1/2 0 0    0.0 1.0 1.0 0.0    0.0 1.0 0.0 0.0
 1 0 0 0 -1 0 0 0 -1    0 0 1/2  0.0 1.0 1.0 0.0    0.0 -0.5 -0.5 0.0


kpoint  GM : 0.000000 0.000000 0.000000 :  1 2 3 4
-GM1  1  1.0  1.0  1.0  1.0  1.0  1.0  1.0
-GM2  1  1.0 -1.0 -1.0  1.0  1.0 -1.0 -1.0
-GM3  1 -1.0 -1.0  1.0  1.0 -1.0 -1.0  1.0
-GM4  1 -1.0  1.0 -1.0  1.0 -1.0  1.0 -1.0



kpoint  R : 0.000000 0.500000 0.000000 :  1 2
-R1  1  1.0  1.0  1.0
-R2  1 -1.0  1.0 -1.0



kpoint  S : 0.500000 0.000000 0.000000 :  1 2
-S1  1  1.0  1.0  1.0
-S2  1 -1.0  1.0 -1.0



kpoint  T : 0.000000 0.000000 0.500000 :  1 2
-T1  1  1.0  1.0  1.0
-T2  1 -1.0  1.0 -1.0



kpoint  W : 0.250000 0.250000 0.250000 :  1 2 3 4
-W1  2  0.0  0.0  0.0  2.0  0.0  0.0  0.0



kpoint  WA : 0.750000 0.750000 0.750000 :  1 2 3 4
-WA1  2  0.0  0.0  0.0  2.0  0.0  0.0  0.0



kpoint  X : 0.500000 0.500000 0.500000 :  1 2 3 4
-X1  1  1.0 -1.0  1.0  1.0  1.0 -1.0  1.0
-X2  1  1.0  1.0 -1.0  1.0  1.0  1.0 -1.0
-X3  1 -1.0  1.0  1.0  1.0 -1.0  1.0  1.0
-X4  1 -1.0 -1.0 -1.0  1.0 -1.0 -1.0 -1.0
