SG=<i>P</i><i>m</i>-31'
 name=200.15
 spinor=False
symmetries=
    1 0 0 0 1 0 0 0 1    0 0 0                                                                                                                            1.0 0.0 0.0 1.0    0.0 0.0 0.0 0.0
  -1 0 0 0 -1 0 0 0 1    0 0 0                                                                                                                           1.0 0.0 0.0 1.0    -0.5 0.0 0.0 0.5
  -1 0 0 0 1 0 0 0 -1    0 0 0                                                                                                                            0.0 1.0 1.0 0.0    0.0 1.0 0.0 0.0
  1 0 0 0 -1 0 0 0 -1    0 0 0                                                                                                                          0.0 1.0 1.0 0.0    0.0 -0.5 -0.5 0.0
    0 0 1 1 0 0 0 1 0    0 0 0  0.7071067811865476 0.7071067811865476 0.7071067811865476 0.7071067811865476    -0.7853981633974483 -2.356194490192345 -0.7853981633974483 0.7853981633974483
  0 0 1 -1 0 0 0 -1 0    0 0 0    0.7071067811865476 0.7071067811865476 0.7071067811865476 0.7071067811865476    0.7853981633974483 2.356194490192345 0.7853981633974483 -0.7853981633974483
  0 0 -1 -1 0 0 0 1 0    0 0 0  0.7071067811865476 0.7071067811865476 0.7071067811865476 0.7071067811865476    0.7853981633974483 -0.7853981633974483 -2.356194490192345 -0.7853981633974483
  0 0 -1 1 0 0 0 -1 0    0 0 0    0.7071067811865476 0.7071067811865476 0.7071067811865476 0.7071067811865476    -0.7853981633974483 0.7853981633974483 2.356194490192345 0.7853981633974483
    0 1 0 0 0 1 1 0 0    0 0 0    0.7071067811865476 0.7071067811865476 0.7071067811865476 0.7071067811865476    0.7853981633974483 0.7853981633974483 2.356194490192345 -0.7853981633974483
  0 -1 0 0 0 1 -1 0 0    0 0 0    0.7071067811865476 0.7071067811865476 0.7071067811865476 0.7071067811865476    -0.7853981633974483 2.356194490192345 0.7853981633974483 0.7853981633974483
  0 1 0 0 0 -1 -1 0 0    0 0 0  0.7071067811865476 0.7071067811865476 0.7071067811865476 0.7071067811865476    0.7853981633974483 -2.356194490192345 -0.7853981633974483 -0.7853981633974483
  0 -1 0 0 0 -1 1 0 0    0 0 0  0.7071067811865476 0.7071067811865476 0.7071067811865476 0.7071067811865476    -0.7853981633974483 -0.7853981633974483 -2.356194490192345 0.7853981633974483
 -1 0 0 0 -1 0 0 0 -1    0 0 0                                                                                                                            1.0 0.0 0.0 1.0    0.0 0.0 0.0 0.0
   1 0 0 0 1 0 0 0 -1    0 0 0                                                                                                                           1.0 0.0 0.0 1.0    -0.5 0.0 0.0 0.5
   1 0 0 0 -1 0 0 0 1    0 0 0                                                                                                                            0.0 1.0 1.0 0.0    0.0 1.0 0.0 0.0
   -1 0 0 0 1 0 0 0 1    0 0 0                                                                                                                          0.0 1.0 1.0 0.0    0.0 -0.5 -0.5 0.0
 0 0 -1 -1 0 0 0 -1 0    0 0 0  0.7071067811865476 0.7071067811865476 0.7071067811865476 0.7071067811865476    -0.7853981633974483 -2.356194490192345 -0.7853981633974483 0.7853981633974483
   0 0 -1 1 0 0 0 1 0    0 0 0    0.7071067811865476 0.7071067811865476 0.7071067811865476 0.7071067811865476    0.7853981633974483 2.356194490192345 0.7853981633974483 -0.7853981633974483
   0 0 1 1 0 0 0 -1 0    0 0 0  0.7071067811865476 0.7071067811865476 0.7071067811865476 0.7071067811865476    0.7853981633974483 -0.7853981633974483 -2.356194490192345 -0.7853981633974483
   0 0 1 -1 0 0 0 1 0    0 0 0    0.7071067811865476 0.7071067811865476 0.7071067811865476 0.7071067811865476    -0.7853981633974483 0.7853981633974483 2.356194490192345 0.7853981633974483
 0 -1 0 0 0 -1 -1 0 0    0 0 0    0.7071067811865476 0.7071067811865476 0.7071067811865476 0.7071067811865476    0.7853981633974483 0.7853981633974483 2.356194490192345 -0.7853981633974483
   0 1 0 0 0 -1 1 0 0    0 0 0    0.7071067811865476 0.7071067811865476 0.7071067811865476 0.7071067811865476    -0.7853981633974483 2.356194490192345 0.7853981633974483 0.7853981633974483
   0 -1 0 0 0 1 1 0 0    0 0 0  0.7071067811865476 0.7071067811865476 0.7071067811865476 0.7071067811865476    0.7853981633974483 -2.356194490192345 -0.7853981633974483 -0.7853981633974483
   0 1 0 0 0 1 -1 0 0    0 0 0  0.7071067811865476 0.7071067811865476 0.7071067811865476 0.7071067811865476    -0.7853981633974483 -0.7853981633974483 -2.356194490192345 0.7853981633974483
    1 0 0 0 1 0 0 0 1    0 0 0                                                                                                                            1.0 0.0 0.0 1.0    0.0 0.0 0.0 0.0
  -1 0 0 0 -1 0 0 0 1    0 0 0                                                                                                                           1.0 0.0 0.0 1.0    -0.5 0.0 0.0 0.5
  -1 0 0 0 1 0 0 0 -1    0 0 0                                                                                                                            0.0 1.0 1.0 0.0    0.0 1.0 0.0 0.0
  1 0 0 0 -1 0 0 0 -1    0 0 0                                                                                                                          0.0 1.0 1.0 0.0    0.0 -0.5 -0.5 0.0
    0 0 1 1 0 0 0 1 0    0 0 0  0.7071067811865476 0.7071067811865476 0.7071067811865476 0.7071067811865476    -0.7853981633974483 -2.356194490192345 -0.7853981633974483 0.7853981633974483
  0 0 1 -1 0 0 0 -1 0    0 0 0    0.7071067811865476 0.7071067811865476 0.7071067811865476 0.7071067811865476    0.7853981633974483 2.356194490192345 0.7853981633974483 -0.7853981633974483
  0 0 -1 -1 0 0 0 1 0    0 0 0  0.7071067811865476 0.7071067811865476 0.7071067811865476 0.7071067811865476    0.7853981633974483 -0.7853981633974483 -2.356194490192345 -0.7853981633974483
  0 0 -1 1 0 0 0 -1 0    0 0 0    0.7071067811865476 0.7071067811865476 0.7071067811865476 0.7071067811865476    -0.7853981633974483 0.7853981633974483 2.356194490192345 0.7853981633974483
    0 1 0 0 0 1 1 0 0    0 0 0    0.7071067811865476 0.7071067811865476 0.7071067811865476 0.7071067811865476    0.7853981633974483 0.7853981633974483 2.356194490192345 -0.7853981633974483
  0 -1 0 0 0 1 -1 0 0    0 0 0    0.7071067811865476 0.7071067811865476 0.7071067811865476 0.7071067811865476    -0.7853981633974483 2.356194490192345 0.7853981633974483 0.7853981633974483
  0 1 0 0 0 -1 -1 0 0    0 0 0  0.7071067811865476 0.7071067811865476 0.7071067811865476 0.7071067811865476    0.7853981633974483 -2.356194490192345 -0.7853981633974483 -0.7853981633974483
  0 -1 0 0 0 -1 1 0 0    0 0 0  0.7071067811865476 0.7071067811865476 0.7071067811865476 0.7071067811865476    -0.7853981633974483 -0.7853981633974483 -2.356194490192345 0.7853981633974483
 -1 0 0 0 -1 0 0 0 -1    0 0 0                                                                                                                            1.0 0.0 0.0 1.0    0.0 0.0 0.0 0.0
   1 0 0 0 1 0 0 0 -1    0 0 0                                                                                                                           1.0 0.0 0.0 1.0    -0.5 0.0 0.0 0.5
   1 0 0 0 -1 0 0 0 1    0 0 0                                                                                                                            0.0 1.0 1.0 0.0    0.0 1.0 0.0 0.0
   -1 0 0 0 1 0 0 0 1    0 0 0                                                                                                                          0.0 1.0 1.0 0.0    0.0 -0.5 -0.5 0.0
 0 0 -1 -1 0 0 0 -1 0    0 0 0  0.7071067811865476 0.7071067811865476 0.7071067811865476 0.7071067811865476    -0.7853981633974483 -2.356194490192345 -0.7853981633974483 0.7853981633974483
   0 0 -1 1 0 0 0 1 0    0 0 0    0.7071067811865476 0.7071067811865476 0.7071067811865476 0.7071067811865476    0.7853981633974483 2.356194490192345 0.7853981633974483 -0.7853981633974483
   0 0 1 1 0 0 0 -1 0    0 0 0  0.7071067811865476 0.7071067811865476 0.7071067811865476 0.7071067811865476    0.7853981633974483 -0.7853981633974483 -2.356194490192345 -0.7853981633974483
   0 0 1 -1 0 0 0 1 0    0 0 0    0.7071067811865476 0.7071067811865476 0.7071067811865476 0.7071067811865476    -0.7853981633974483 0.7853981633974483 2.356194490192345 0.7853981633974483
 0 -1 0 0 0 -1 -1 0 0    0 0 0    0.7071067811865476 0.7071067811865476 0.7071067811865476 0.7071067811865476    0.7853981633974483 0.7853981633974483 2.356194490192345 -0.7853981633974483
   0 1 0 0 0 -1 1 0 0    0 0 0    0.7071067811865476 0.7071067811865476 0.7071067811865476 0.7071067811865476    -0.7853981633974483 2.356194490192345 0.7853981633974483 0.7853981633974483
   0 -1 0 0 0 1 1 0 0    0 0 0  0.7071067811865476 0.7071067811865476 0.7071067811865476 0.7071067811865476    0.7853981633974483 -2.356194490192345 -0.7853981633974483 -0.7853981633974483
   0 1 0 0 0 1 -1 0 0    0 0 0  0.7071067811865476 0.7071067811865476 0.7071067811865476 0.7071067811865476    -0.7853981633974483 -0.7853981633974483 -2.356194490192345 0.7853981633974483


kpoint  GM : 0.000000 0.000000 0.000000 :  1 2 3 4 5 6 7 8 9 10 11 12 13 14 15 16 17 18 19 20 21 22 23 24 25 26 27 28 29 30 31 32 33 34 35 36 37 38 39 40 41 42 43 44 45 46 47 48
-GM1+      1  1.0  1.0  1.0  1.000000  1.000000  1.000000  1.000000  1.000000  1.000000  1.000000  1.000000  1.0  1.0  1.0  1.0  1.000000  1.000000  1.000000  1.000000  1.000000  1.000000  1.000000  1.000000  1.0  1.0  1.0  1.0  1.000000  1.000000  1.000000  1.000000  1.000000  1.000000  1.000000  1.000000  1.0  1.0  1.0  1.0  1.000000  1.000000  1.000000  1.000000  1.000000  1.000000  1.000000  1.000000  1.0  1.0  1.0  1.0  1.000000  1.000000  1.000000  1.000000  1.000000  1.000000  1.000000  1.000000  1.0  1.0  1.0  1.0  1.000000  1.000000  1.000000  1.000000  1.000000  1.000000  1.000000  1.000000  1.0  1.0  1.0  1.0  1.000000  1.000000  1.000000  1.000000  1.000000  1.000000  1.000000  1.000000  1.0  1.0  1.0  1.0  1.000000  1.000000  1.000000  1.000000  1.000000  1.000000  1.000000  1.000000
-GM1-      1  1.0  1.0  1.0  1.000000  1.000000  1.000000  1.000000  1.000000  1.000000  1.000000  1.000000 -1.0 -1.0 -1.0 -1.0 -1.000000 -1.000000 -1.000000 -1.000000 -1.000000 -1.000000 -1.000000 -1.000000  1.0  1.0  1.0  1.0  1.000000  1.000000  1.000000  1.000000  1.000000  1.000000  1.000000  1.000000 -1.0 -1.0 -1.0 -1.0 -1.000000 -1.000000 -1.000000 -1.000000 -1.000000 -1.000000 -1.000000 -1.000000 -1.0 -1.0 -1.0 -1.0 -1.000000 -1.000000 -1.000000 -1.000000 -1.000000 -1.000000 -1.000000 -1.000000  1.0  1.0  1.0  1.0  1.000000  1.000000  1.000000  1.000000  1.000000  1.000000  1.000000  1.000000 -1.0 -1.0 -1.0 -1.0 -1.000000 -1.000000 -1.000000 -1.000000 -1.000000 -1.000000 -1.000000 -1.000000  1.0  1.0  1.0  1.0  1.000000  1.000000  1.000000  1.000000  1.000000  1.000000  1.000000  1.000000
-GM10GM9   4  0.0  0.0  0.0 -2.113152 -2.113152 -2.113152 -2.113152 -2.113152 -2.113152 -2.113152 -2.113152 -4.0  0.0  0.0  0.0  2.185356  2.185356  2.185356  2.185356  2.185356  2.185356  2.185356  2.185356 -4.0  0.0  0.0  0.0  2.185356  2.185356  2.185356  2.185356  2.185356  2.185356  2.185356  2.185356  4.0  0.0  0.0  0.0 -2.113152 -2.113152 -2.113152 -2.113152 -2.113152 -2.113152 -2.113152 -2.113152  0.0  0.0  0.0  0.0  0.000000  0.000000  0.000000  0.000000  0.000000  0.000000  0.000000  0.000000  0.0  0.0  0.0  0.0  0.000000  0.000000  0.000000  0.000000  0.000000  0.000000  0.000000  0.000000  0.0  0.0  0.0  0.0  0.000000  0.000000  0.000000  0.000000  0.000000  0.000000  0.000000  0.000000  0.0  0.0  0.0  0.0  0.000000  0.000000  0.000000  0.000000  0.000000  0.000000  0.000000  0.000000
-GM2+GM3+  2  2.0  2.0  2.0 -1.000000 -1.000000 -1.000000 -1.000000 -1.000000 -1.000000 -1.000000 -1.000000  2.0  2.0  2.0  2.0 -1.000000 -1.000000 -1.000000 -1.000000 -1.000000 -1.000000 -1.000000 -1.000000  2.0  2.0  2.0  2.0 -1.000000 -1.000000 -1.000000 -1.000000 -1.000000 -1.000000 -1.000000 -1.000000  2.0  2.0  2.0  2.0 -1.000000 -1.000000 -1.000000 -1.000000 -1.000000 -1.000000 -1.000000 -1.000000  0.0  0.0  0.0  0.0  0.000000  0.000000  0.000000  0.000000  0.000000  0.000000  0.000000  0.000000  0.0  0.0  0.0  0.0  0.000000  0.000000  0.000000  0.000000  0.000000  0.000000  0.000000  0.000000  0.0  0.0  0.0  0.0  0.000000  0.000000  0.000000  0.000000  0.000000  0.000000  0.000000  0.000000  0.0  0.0  0.0  0.0  0.000000  0.000000  0.000000  0.000000  0.000000  0.000000  0.000000  0.000000
-GM2-GM3-  2  2.0  2.0  2.0 -1.000000 -1.000000 -1.000000 -1.000000 -1.000000 -1.000000 -1.000000 -1.000000 -2.0 -2.0 -2.0 -2.0  1.000000  1.000000  1.000000  1.000000  1.000000  1.000000  1.000000  1.000000  2.0  2.0  2.0  2.0 -1.000000 -1.000000 -1.000000 -1.000000 -1.000000 -1.000000 -1.000000 -1.000000 -2.0 -2.0 -2.0 -2.0  1.000000  1.000000  1.000000  1.000000  1.000000  1.000000  1.000000  1.000000  0.0  0.0  0.0  0.0  0.000000  0.000000  0.000000  0.000000  0.000000  0.000000  0.000000  0.000000  0.0  0.0  0.0  0.0  0.000000  0.000000  0.000000  0.000000  0.000000  0.000000  0.000000  0.000000  0.0  0.0  0.0  0.0  0.000000  0.000000  0.000000  0.000000  0.000000  0.000000  0.000000  0.000000  0.0  0.0  0.0  0.0  0.000000  0.000000  0.000000  0.000000  0.000000  0.000000  0.000000  0.000000
-GM4+      3 -1.0 -1.0 -1.0  0.000000  0.000000  0.000000  0.000000  0.000000  0.000000  0.000000  0.000000  3.0 -1.0 -1.0 -1.0  0.000000  0.000000  0.000000  0.000000  0.000000  0.000000  0.000000  0.000000  3.0 -1.0 -1.0 -1.0  0.000000  0.000000  0.000000  0.000000  0.000000  0.000000  0.000000  0.000000  3.0 -1.0 -1.0 -1.0  0.000000  0.000000  0.000000  0.000000  0.000000  0.000000  0.000000  0.000000  3.0 -1.0 -1.0 -1.0  0.000000  0.000000  0.000000  0.000000  0.000000  0.000000  0.000000  0.000000  3.0 -1.0 -1.0 -1.0  0.000000  0.000000  0.000000  0.000000  0.000000  0.000000  0.000000  0.000000  3.0 -1.0 -1.0 -1.0  0.000000  0.000000  0.000000  0.000000  0.000000  0.000000  0.000000  0.000000  3.0 -1.0 -1.0 -1.0  0.000000  0.000000  0.000000  0.000000  0.000000  0.000000  0.000000  0.000000
-GM4-      3 -1.0 -1.0 -1.0  0.000000  0.000000  0.000000  0.000000  0.000000  0.000000  0.000000  0.000000 -3.0  1.0  1.0  1.0  0.000000  0.000000  0.000000  0.000000  0.000000  0.000000  0.000000  0.000000  3.0 -1.0 -1.0 -1.0  0.000000  0.000000  0.000000  0.000000  0.000000  0.000000  0.000000  0.000000 -3.0  1.0  1.0  1.0  0.000000  0.000000  0.000000  0.000000  0.000000  0.000000  0.000000  0.000000 -3.0  1.0  1.0  1.0  0.000000  0.000000  0.000000  0.000000  0.000000  0.000000  0.000000  0.000000  3.0 -1.0 -1.0 -1.0  0.000000  0.000000  0.000000  0.000000  0.000000  0.000000  0.000000  0.000000 -3.0  1.0  1.0  1.0  0.000000  0.000000  0.000000  0.000000  0.000000  0.000000  0.000000  0.000000  3.0 -1.0 -1.0 -1.0  0.000000  0.000000  0.000000  0.000000  0.000000  0.000000  0.000000  0.000000
-GM8       2  0.0  0.0  0.0 -1.104801 -1.104801 -1.104801 -1.104801 -1.104801 -1.104801 -1.104801 -1.104801 -2.0  0.0  0.0  0.0  0.617397  0.617397  0.617397  0.617397  0.617397  0.617397  0.617397  0.617397 -2.0  0.0  0.0  0.0  0.617397  0.617397  0.617397  0.617397  0.617397  0.617397  0.617397  0.617397  2.0  0.0  0.0  0.0 -1.104801 -1.104801 -1.104801 -1.104801 -1.104801 -1.104801 -1.104801 -1.104801  0.0  0.0 -2.0  0.0  0.617397  0.617397 -1.104801 -1.104801 -1.104801  0.617397  0.617397 -1.104801  0.0  0.0  2.0  0.0 -1.104801 -1.104801  0.617397  0.617397  0.617397 -1.104801 -1.104801  0.617397  0.0  0.0  2.0  0.0 -1.104801 -1.104801  0.617397  0.617397  0.617397 -1.104801 -1.104801  0.617397  0.0  0.0 -2.0  0.0  0.617397  0.617397 -1.104801 -1.104801 -1.104801  0.617397  0.617397 -1.104801



kpoint  M : 0.500000 0.500000 0.000000 :  1 2 3 4 5 6 7 8 9 10 11 12 13 14 15 16
-M1+  1  1.0  1.0  1.0  1.0  1.0  1.0  1.0  1.0  1.0  1.0  1.0  1.0  1.0  1.0  1.0  1.0  1.0  1.0  1.0  1.0  1.0  1.0  1.0  1.0  1.0  1.0  1.0  1.0  1.0  1.0  1.0
-M1-  1  1.0  1.0  1.0 -1.0 -1.0 -1.0 -1.0  1.0  1.0  1.0  1.0 -1.0 -1.0 -1.0 -1.0 -1.0 -1.0 -1.0 -1.0  1.0  1.0  1.0  1.0 -1.0 -1.0 -1.0 -1.0  1.0  1.0  1.0  1.0
-M2+  1  1.0 -1.0 -1.0  1.0  1.0 -1.0 -1.0  1.0  1.0 -1.0 -1.0  1.0  1.0 -1.0 -1.0  1.0  1.0 -1.0 -1.0  1.0  1.0 -1.0 -1.0  1.0  1.0 -1.0 -1.0  1.0  1.0 -1.0 -1.0
-M2-  1  1.0 -1.0 -1.0 -1.0 -1.0  1.0  1.0  1.0  1.0 -1.0 -1.0 -1.0 -1.0  1.0  1.0 -1.0 -1.0  1.0  1.0  1.0  1.0 -1.0 -1.0 -1.0 -1.0  1.0  1.0  1.0  1.0 -1.0 -1.0
-M3+  1 -1.0 -1.0  1.0  1.0 -1.0 -1.0  1.0  1.0 -1.0 -1.0  1.0  1.0 -1.0 -1.0  1.0  1.0 -1.0 -1.0  1.0  1.0 -1.0 -1.0  1.0  1.0 -1.0 -1.0  1.0  1.0 -1.0 -1.0  1.0
-M3-  1 -1.0 -1.0  1.0 -1.0  1.0  1.0 -1.0  1.0 -1.0 -1.0  1.0 -1.0  1.0  1.0 -1.0 -1.0  1.0  1.0 -1.0  1.0 -1.0 -1.0  1.0 -1.0  1.0  1.0 -1.0  1.0 -1.0 -1.0  1.0
-M4+  1 -1.0  1.0 -1.0  1.0 -1.0  1.0 -1.0  1.0 -1.0  1.0 -1.0  1.0 -1.0  1.0 -1.0  1.0 -1.0  1.0 -1.0  1.0 -1.0  1.0 -1.0  1.0 -1.0  1.0 -1.0  1.0 -1.0  1.0 -1.0
-M4-  1 -1.0  1.0 -1.0 -1.0  1.0 -1.0  1.0  1.0 -1.0  1.0 -1.0 -1.0  1.0 -1.0  1.0 -1.0  1.0 -1.0  1.0  1.0 -1.0  1.0 -1.0 -1.0  1.0 -1.0  1.0  1.0 -1.0  1.0 -1.0
-M6   2  0.0  0.0  0.0 -2.0  0.0  0.0  0.0 -2.0  0.0  0.0  0.0  2.0  0.0  0.0  0.0  0.0 -2.0  0.0  0.0  0.0  2.0  0.0  0.0  0.0  2.0  0.0  0.0  0.0 -2.0  0.0  0.0



kpoint  R : 0.500000 0.500000 0.500000 :  1 2 3 4 5 6 7 8 9 10 11 12 13 14 15 16 17 18 19 20 21 22 23 24 25 26 27 28 29 30 31 32 33 34 35 36 37 38 39 40 41 42 43 44 45 46 47 48
-R1+     1  1.0  1.0  1.0  1.000000  1.000000  1.000000  1.000000  1.000000  1.000000  1.000000  1.000000  1.0  1.0  1.0  1.0  1.000000  1.000000  1.000000  1.000000  1.000000  1.000000  1.000000  1.000000  1.0  1.0  1.0  1.0  1.000000  1.000000  1.000000  1.000000  1.000000  1.000000  1.000000  1.000000  1.0  1.0  1.0  1.0  1.000000  1.000000  1.000000  1.000000  1.000000  1.000000  1.000000  1.000000  1.0  1.0  1.0  1.0  1.000000  1.000000  1.000000  1.000000  1.000000  1.000000  1.000000  1.000000  1.0  1.0  1.0  1.0  1.000000  1.000000  1.000000  1.000000  1.000000  1.000000  1.000000  1.000000  1.0  1.0  1.0  1.0  1.000000  1.000000  1.000000  1.000000  1.000000  1.000000  1.000000  1.000000  1.0  1.0  1.0  1.0  1.000000  1.000000  1.000000  1.000000  1.000000  1.000000  1.000000  1.000000
-R1-     1  1.0  1.0  1.0  1.000000  1.000000  1.000000  1.000000  1.000000  1.000000  1.000000  1.000000 -1.0 -1.0 -1.0 -1.0 -1.000000 -1.000000 -1.000000 -1.000000 -1.000000 -1.000000 -1.000000 -1.000000  1.0  1.0  1.0  1.0  1.000000  1.000000  1.000000  1.000000  1.000000  1.000000  1.000000  1.000000 -1.0 -1.0 -1.0 -1.0 -1.000000 -1.000000 -1.000000 -1.000000 -1.000000 -1.000000 -1.000000 -1.000000 -1.0 -1.0 -1.0 -1.0 -1.000000 -1.000000 -1.000000 -1.000000 -1.000000 -1.000000 -1.000000 -1.000000  1.0  1.0  1.0  1.0  1.000000  1.000000  1.000000  1.000000  1.000000  1.000000  1.000000  1.000000 -1.0 -1.0 -1.0 -1.0 -1.000000 -1.000000 -1.000000 -1.000000 -1.000000 -1.000000 -1.000000 -1.000000  1.0  1.0  1.0  1.0  1.000000  1.000000  1.000000  1.000000  1.000000  1.000000  1.000000  1.000000
-R10R9   4  0.0  0.0  0.0 -2.113152 -2.113152 -2.113152 -2.113152 -2.113152 -2.113152 -2.113152 -2.113152 -4.0  0.0  0.0  0.0  2.185356  2.185356  2.185356  2.185356  2.185356  2.185356  2.185356  2.185356 -4.0  0.0  0.0  0.0  2.185356  2.185356  2.185356  2.185356  2.185356  2.185356  2.185356  2.185356  4.0  0.0  0.0  0.0 -2.113152 -2.113152 -2.113152 -2.113152 -2.113152 -2.113152 -2.113152 -2.113152  0.0  0.0  0.0  0.0  0.000000  0.000000  0.000000  0.000000  0.000000  0.000000  0.000000  0.000000  0.0  0.0  0.0  0.0  0.000000  0.000000  0.000000  0.000000  0.000000  0.000000  0.000000  0.000000  0.0  0.0  0.0  0.0  0.000000  0.000000  0.000000  0.000000  0.000000  0.000000  0.000000  0.000000  0.0  0.0  0.0  0.0  0.000000  0.000000  0.000000  0.000000  0.000000  0.000000  0.000000  0.000000
-R2+R3+  2  2.0  2.0  2.0 -1.000000 -1.000000 -1.000000 -1.000000 -1.000000 -1.000000 -1.000000 -1.000000  2.0  2.0  2.0  2.0 -1.000000 -1.000000 -1.000000 -1.000000 -1.000000 -1.000000 -1.000000 -1.000000  2.0  2.0  2.0  2.0 -1.000000 -1.000000 -1.000000 -1.000000 -1.000000 -1.000000 -1.000000 -1.000000  2.0  2.0  2.0  2.0 -1.000000 -1.000000 -1.000000 -1.000000 -1.000000 -1.000000 -1.000000 -1.000000  0.0  0.0  0.0  0.0  0.000000  0.000000  0.000000  0.000000  0.000000  0.000000  0.000000  0.000000  0.0  0.0  0.0  0.0  0.000000  0.000000  0.000000  0.000000  0.000000  0.000000  0.000000  0.000000  0.0  0.0  0.0  0.0  0.000000  0.000000  0.000000  0.000000  0.000000  0.000000  0.000000  0.000000  0.0  0.0  0.0  0.0  0.000000  0.000000  0.000000  0.000000  0.000000  0.000000  0.000000  0.000000
-R2-R3-  2  2.0  2.0  2.0 -1.000000 -1.000000 -1.000000 -1.000000 -1.000000 -1.000000 -1.000000 -1.000000 -2.0 -2.0 -2.0 -2.0  1.000000  1.000000  1.000000  1.000000  1.000000  1.000000  1.000000  1.000000  2.0  2.0  2.0  2.0 -1.000000 -1.000000 -1.000000 -1.000000 -1.000000 -1.000000 -1.000000 -1.000000 -2.0 -2.0 -2.0 -2.0  1.000000  1.000000  1.000000  1.000000  1.000000  1.000000  1.000000  1.000000  0.0  0.0  0.0  0.0  0.000000  0.000000  0.000000  0.000000  0.000000  0.000000  0.000000  0.000000  0.0  0.0  0.0  0.0  0.000000  0.000000  0.000000  0.000000  0.000000  0.000000  0.000000  0.000000  0.0  0.0  0.0  0.0  0.000000  0.000000  0.000000  0.000000  0.000000  0.000000  0.000000  0.000000  0.0  0.0  0.0  0.0  0.000000  0.000000  0.000000  0.000000  0.000000  0.000000  0.000000  0.000000
-R4+     3 -1.0 -1.0 -1.0  0.000000  0.000000  0.000000  0.000000  0.000000  0.000000  0.000000  0.000000  3.0 -1.0 -1.0 -1.0  0.000000  0.000000  0.000000  0.000000  0.000000  0.000000  0.000000  0.000000  3.0 -1.0 -1.0 -1.0  0.000000  0.000000  0.000000  0.000000  0.000000  0.000000  0.000000  0.000000  3.0 -1.0 -1.0 -1.0  0.000000  0.000000  0.000000  0.000000  0.000000  0.000000  0.000000  0.000000  3.0 -1.0 -1.0 -1.0  0.000000  0.000000  0.000000  0.000000  0.000000  0.000000  0.000000  0.000000  3.0 -1.0 -1.0 -1.0  0.000000  0.000000  0.000000  0.000000  0.000000  0.000000  0.000000  0.000000  3.0 -1.0 -1.0 -1.0  0.000000  0.000000  0.000000  0.000000  0.000000  0.000000  0.000000  0.000000  3.0 -1.0 -1.0 -1.0  0.000000  0.000000  0.000000  0.000000  0.000000  0.000000  0.000000  0.000000
-R4-     3 -1.0 -1.0 -1.0  0.000000  0.000000  0.000000  0.000000  0.000000  0.000000  0.000000  0.000000 -3.0  1.0  1.0  1.0  0.000000  0.000000  0.000000  0.000000  0.000000  0.000000  0.000000  0.000000  3.0 -1.0 -1.0 -1.0  0.000000  0.000000  0.000000  0.000000  0.000000  0.000000  0.000000  0.000000 -3.0  1.0  1.0  1.0  0.000000  0.000000  0.000000  0.000000  0.000000  0.000000  0.000000  0.000000 -3.0  1.0  1.0  1.0  0.000000  0.000000  0.000000  0.000000  0.000000  0.000000  0.000000  0.000000  3.0 -1.0 -1.0 -1.0  0.000000  0.000000  0.000000  0.000000  0.000000  0.000000  0.000000  0.000000 -3.0  1.0  1.0  1.0  0.000000  0.000000  0.000000  0.000000  0.000000  0.000000  0.000000  0.000000  3.0 -1.0 -1.0 -1.0  0.000000  0.000000  0.000000  0.000000  0.000000  0.000000  0.000000  0.000000
-R8      2  0.0  0.0  0.0 -1.104801 -1.104801 -1.104801 -1.104801 -1.104801 -1.104801 -1.104801 -1.104801 -2.0  0.0  0.0  0.0  0.617397  0.617397  0.617397  0.617397  0.617397  0.617397  0.617397  0.617397 -2.0  0.0  0.0  0.0  0.617397  0.617397  0.617397  0.617397  0.617397  0.617397  0.617397  0.617397  2.0  0.0  0.0  0.0 -1.104801 -1.104801 -1.104801 -1.104801 -1.104801 -1.104801 -1.104801 -1.104801  0.0  0.0 -2.0  0.0  0.617397  0.617397 -1.104801 -1.104801 -1.104801  0.617397  0.617397 -1.104801  0.0  0.0  2.0  0.0 -1.104801 -1.104801  0.617397  0.617397  0.617397 -1.104801 -1.104801  0.617397  0.0  0.0  2.0  0.0 -1.104801 -1.104801  0.617397  0.617397  0.617397 -1.104801 -1.104801  0.617397  0.0  0.0 -2.0  0.0  0.617397  0.617397 -1.104801 -1.104801 -1.104801  0.617397  0.617397 -1.104801



kpoint  X : 0.000000 0.500000 0.000000 :  1 2 3 4 5 6 7 8 9 10 11 12 13 14 15 16
-X1+  1  1.0  1.0  1.0  1.0  1.0  1.0  1.0  1.0  1.0  1.0  1.0  1.0  1.0  1.0  1.0  1.0  1.0  1.0  1.0  1.0  1.0  1.0  1.0  1.0  1.0  1.0  1.0  1.0  1.0  1.0  1.0
-X1-  1  1.0  1.0  1.0 -1.0 -1.0 -1.0 -1.0  1.0  1.0  1.0  1.0 -1.0 -1.0 -1.0 -1.0 -1.0 -1.0 -1.0 -1.0  1.0  1.0  1.0  1.0 -1.0 -1.0 -1.0 -1.0  1.0  1.0  1.0  1.0
-X2+  1  1.0 -1.0 -1.0  1.0  1.0 -1.0 -1.0  1.0  1.0 -1.0 -1.0  1.0  1.0 -1.0 -1.0  1.0  1.0 -1.0 -1.0  1.0  1.0 -1.0 -1.0  1.0  1.0 -1.0 -1.0  1.0  1.0 -1.0 -1.0
-X2-  1  1.0 -1.0 -1.0 -1.0 -1.0  1.0  1.0  1.0  1.0 -1.0 -1.0 -1.0 -1.0  1.0  1.0 -1.0 -1.0  1.0  1.0  1.0  1.0 -1.0 -1.0 -1.0 -1.0  1.0  1.0  1.0  1.0 -1.0 -1.0
-X3+  1 -1.0 -1.0  1.0  1.0 -1.0 -1.0  1.0  1.0 -1.0 -1.0  1.0  1.0 -1.0 -1.0  1.0  1.0 -1.0 -1.0  1.0  1.0 -1.0 -1.0  1.0  1.0 -1.0 -1.0  1.0  1.0 -1.0 -1.0  1.0
-X3-  1 -1.0 -1.0  1.0 -1.0  1.0  1.0 -1.0  1.0 -1.0 -1.0  1.0 -1.0  1.0  1.0 -1.0 -1.0  1.0  1.0 -1.0  1.0 -1.0 -1.0  1.0 -1.0  1.0  1.0 -1.0  1.0 -1.0 -1.0  1.0
-X4+  1 -1.0  1.0 -1.0  1.0 -1.0  1.0 -1.0  1.0 -1.0  1.0 -1.0  1.0 -1.0  1.0 -1.0  1.0 -1.0  1.0 -1.0  1.0 -1.0  1.0 -1.0  1.0 -1.0  1.0 -1.0  1.0 -1.0  1.0 -1.0
-X4-  1 -1.0  1.0 -1.0 -1.0  1.0 -1.0  1.0  1.0 -1.0  1.0 -1.0 -1.0  1.0 -1.0  1.0 -1.0  1.0 -1.0  1.0  1.0 -1.0  1.0 -1.0 -1.0  1.0 -1.0  1.0  1.0 -1.0  1.0 -1.0
-X6   2  0.0  0.0  0.0 -2.0  0.0  0.0  0.0 -2.0  0.0  0.0  0.0  2.0  0.0  0.0  0.0  0.0 -2.0  0.0  0.0  0.0  2.0  0.0  0.0  0.0  2.0  0.0  0.0  0.0 -2.0  0.0  0.0
