SG=R-3m'
 name=166.101
 spinor=False
symmetries=
    1 0 0   0 1 0   0 0 1   0 0 0
  0 -1 0   1 -1 0   0 0 1   0 0 0
  -1 1 0   -1 0 0   0 0 1   0 0 0
 -1 0 0   0 -1 0   0 0 -1   0 0 0
  0 1 0   -1 1 0   0 0 -1   0 0 0
  1 -1 0   1 0 0   0 0 -1   0 0 0


kpoint  GM : 0.000000 0.000000 0.000000 :  1 2 3 4 5 6
GM1+  1   1.000 1.000 1.000 1.000 1.000 1.000 1.000 1.000 1.000 1.000 1.000 1.000 1.000 1.000 1.000 1.000 1.000 1.000 1.000 1.000 1.000 1.000 1.000 1.000 1.000
GM1-  1   1.000 1.000 1.000 1.000 -1.000 -1.000 -1.000 1.000 1.000 1.000 -1.000 -1.000 -1.000 1.000 1.000 1.000 -1.000 -1.000 -1.000 1.000 1.000 1.000 -1.000 -1.000 -1.000 0.000 0.000 0.000 0.000 -1.000 -1.000 -1.000 0.000 0.000 0.000 -1.000 -1.000 -1.000 0.000 0.000 0.000 -1.000 -1.000 -1.000 0.000 0.000 0.000 -1.000 -1.000 -1.000
GM2+  1   1.000 1.000 -0.500 -0.500 1.000 -0.500 -0.500 1.000 -0.500 -0.500 1.000 -0.500 -0.500 1.000 -0.500 -0.500 1.000 -0.500 -0.500 1.000 -0.500 -0.500 1.000 -0.500 -0.500 0.000 0.000 0.667 -0.667 0.000 0.667 -0.667 0.000 0.667 -0.667 0.000 0.667 -0.667 0.000 -0.667 0.667 0.000 -0.667 0.667 0.000 -0.667 0.667 0.000 -0.667 0.667
GM2-  1   1.000 1.000 -0.500 -0.500 -1.000 0.500 0.500 1.000 -0.500 -0.500 -1.000 0.500 0.500 1.000 -0.500 -0.500 -1.000 0.500 0.500 1.000 -0.500 -0.500 -1.000 0.500 0.500 0.000 0.000 0.667 -0.667 -1.000 -0.333 0.333 0.000 0.667 -0.667 -1.000 -0.333 0.333 0.000 -0.667 0.667 -1.000 0.333 -0.333 0.000 -0.667 0.667 -1.000 0.333 -0.333
GM3+  1   1.000 1.000 -0.500 -0.500 1.000 -0.500 -0.500 1.000 -0.500 -0.500 1.000 -0.500 -0.500 1.000 -0.500 -0.500 1.000 -0.500 -0.500 1.000 -0.500 -0.500 1.000 -0.500 -0.500 0.000 0.000 -0.667 0.667 0.000 -0.667 0.667 0.000 -0.667 0.667 0.000 -0.667 0.667 0.000 0.667 -0.667 0.000 0.667 -0.667 0.000 0.667 -0.667 0.000 0.667 -0.667
GM3-  1   1.000 1.000 -0.500 -0.500 -1.000 0.500 0.500 1.000 -0.500 -0.500 -1.000 0.500 0.500 1.000 -0.500 -0.500 -1.000 0.500 0.500 1.000 -0.500 -0.500 -1.000 0.500 0.500 0.000 0.000 -0.667 0.667 -1.000 0.333 -0.333 0.000 -0.667 0.667 -1.000 0.333 -0.333 0.000 0.667 -0.667 -1.000 -0.333 0.333 0.000 0.667 -0.667 -1.000 -0.333 0.333
GM7  1   1.000 1.000 -1.000 -1.000 -1.000 1.000 1.000 -1.000 1.000 1.000 1.000 -1.000 -1.000 1.000 -1.000 1.000 -1.000 1.000 -1.000 -1.000 1.000 -1.000 1.000 -1.000 1.000 0.000 0.000 -1.000 -1.000 -1.000 0.000 0.000 -1.000 0.000 0.000 0.000 -1.000 -1.000 0.000 -1.000 0.000 -1.000 0.000 -1.000 -1.000 0.000 -1.000 0.000 -1.000 0.000
GM8  1   1.000 1.000 0.500 0.500 -1.000 -0.500 -0.500 -1.000 -0.500 -0.500 1.000 0.500 0.500 1.000 0.500 -0.500 -1.000 -0.500 0.500 -1.000 -0.500 0.500 1.000 0.500 -0.500 0.000 0.000 -0.333 0.333 -1.000 0.667 -0.667 -1.000 0.667 -0.667 0.000 -0.333 0.333 0.000 0.333 0.667 -1.000 -0.667 -0.333 -1.000 -0.667 -0.333 0.000 0.333 0.667
GM9  1   1.000 1.000 0.500 0.500 -1.000 -0.500 -0.500 -1.000 -0.500 -0.500 1.000 0.500 0.500 1.000 0.500 -0.500 -1.000 -0.500 0.500 -1.000 -0.500 0.500 1.000 0.500 -0.500 0.000 0.000 0.333 -0.333 -1.000 -0.667 0.667 -1.000 -0.667 0.667 0.000 0.333 -0.333 0.000 -0.333 -0.667 -1.000 0.667 0.333 -1.000 0.667 0.333 0.000 -0.333 -0.667



kpoint  F : 0.500000 0.500000 0.500000 ; F  :  0.0 0.5 1.0 :  1 2
F1+  1   1.000 1.000 1.000 1.000 1.000 -1.000 -1.000 -1.000 -1.000 0.000 0.000 0.000 0.000 0.000 -1.000 -1.000 -1.000 -1.000
F1-  1   1.000 1.000 -1.000 1.000 -1.000 -1.000 1.000 -1.000 1.000 0.000 0.000 -1.000 0.000 -1.000 -1.000 0.000 -1.000 0.000
F2  1   1.000 1.000 -1.000 -1.000 1.000 -1.000 1.000 1.000 -1.000 0.000 0.000 -1.000 -1.000 0.000 -1.000 0.000 0.000 -1.000



kpoint  L : 0.333333 0.666667 0.166667 ; L  :  -0.5 0.5 0.5 :  1 2
L1+  1   1.000 1.000 1.000 1.000 1.000 -1.000 -1.000 -1.000 -1.000 0.000 0.000 0.000 0.000 0.000 -1.000 -1.000 -1.000 -1.000
L1-  1   1.000 1.000 -1.000 1.000 -1.000 -1.000 1.000 -1.000 1.000 0.000 0.000 -1.000 0.000 -1.000 -1.000 0.000 -1.000 0.000
L2  1   1.000 1.000 -1.000 -1.000 1.000 -1.000 1.000 1.000 -1.000 0.000 0.000 -1.000 -1.000 0.000 -1.000 0.000 0.000 -1.000



kpoint  T : 0.500000 0.000000 0.500000 ; T  :  0.0 0.0 1.5 :  1 2 3 4 5 6
T1+  1   1.000 1.000 1.000 1.000 1.000 1.000 1.000 1.000 1.000 1.000 1.000 1.000 1.000 1.000 1.000 1.000 1.000 1.000 1.000 1.000 1.000 1.000 1.000 1.000 1.000
T1-  1   1.000 1.000 1.000 1.000 -1.000 -1.000 -1.000 1.000 1.000 1.000 -1.000 -1.000 -1.000 1.000 1.000 1.000 -1.000 -1.000 -1.000 1.000 1.000 1.000 -1.000 -1.000 -1.000 0.000 0.000 0.000 0.000 -1.000 -1.000 -1.000 0.000 0.000 0.000 -1.000 -1.000 -1.000 0.000 0.000 0.000 -1.000 -1.000 -1.000 0.000 0.000 0.000 -1.000 -1.000 -1.000
T2+  1   1.000 1.000 -0.500 -0.500 1.000 -0.500 -0.500 1.000 -0.500 -0.500 1.000 -0.500 -0.500 1.000 -0.500 -0.500 1.000 -0.500 -0.500 1.000 -0.500 -0.500 1.000 -0.500 -0.500 0.000 0.000 0.667 -0.667 0.000 0.667 -0.667 0.000 0.667 -0.667 0.000 0.667 -0.667 0.000 -0.667 0.667 0.000 -0.667 0.667 0.000 -0.667 0.667 0.000 -0.667 0.667
T2-  1   1.000 1.000 -0.500 -0.500 -1.000 0.500 0.500 1.000 -0.500 -0.500 -1.000 0.500 0.500 1.000 -0.500 -0.500 -1.000 0.500 0.500 1.000 -0.500 -0.500 -1.000 0.500 0.500 0.000 0.000 0.667 -0.667 -1.000 -0.333 0.333 0.000 0.667 -0.667 -1.000 -0.333 0.333 0.000 -0.667 0.667 -1.000 0.333 -0.333 0.000 -0.667 0.667 -1.000 0.333 -0.333
T3+  1   1.000 1.000 -0.500 -0.500 1.000 -0.500 -0.500 1.000 -0.500 -0.500 1.000 -0.500 -0.500 1.000 -0.500 -0.500 1.000 -0.500 -0.500 1.000 -0.500 -0.500 1.000 -0.500 -0.500 0.000 0.000 -0.667 0.667 0.000 -0.667 0.667 0.000 -0.667 0.667 0.000 -0.667 0.667 0.000 0.667 -0.667 0.000 0.667 -0.667 0.000 0.667 -0.667 0.000 0.667 -0.667
T3-  1   1.000 1.000 -0.500 -0.500 -1.000 0.500 0.500 1.000 -0.500 -0.500 -1.000 0.500 0.500 1.000 -0.500 -0.500 -1.000 0.500 0.500 1.000 -0.500 -0.500 -1.000 0.500 0.500 0.000 0.000 -0.667 0.667 -1.000 0.333 -0.333 0.000 -0.667 0.667 -1.000 0.333 -0.333 0.000 0.667 -0.667 -1.000 -0.333 0.333 0.000 0.667 -0.667 -1.000 -0.333 0.333
T7  1   1.000 1.000 -1.000 -1.000 -1.000 1.000 1.000 -1.000 1.000 1.000 1.000 -1.000 -1.000 1.000 -1.000 1.000 -1.000 1.000 -1.000 -1.000 1.000 -1.000 1.000 -1.000 1.000 0.000 0.000 -1.000 -1.000 -1.000 0.000 0.000 -1.000 0.000 0.000 0.000 -1.000 -1.000 0.000 -1.000 0.000 -1.000 0.000 -1.000 -1.000 0.000 -1.000 0.000 -1.000 0.000
T8  1   1.000 1.000 0.500 0.500 -1.000 -0.500 -0.500 -1.000 -0.500 -0.500 1.000 0.500 0.500 1.000 0.500 -0.500 -1.000 -0.500 0.500 -1.000 -0.500 0.500 1.000 0.500 -0.500 0.000 0.000 -0.333 0.333 -1.000 0.667 -0.667 -1.000 0.667 -0.667 0.000 -0.333 0.333 0.000 0.333 0.667 -1.000 -0.667 -0.333 -1.000 -0.667 -0.333 0.000 0.333 0.667
T9  1   1.000 1.000 0.500 0.500 -1.000 -0.500 -0.500 -1.000 -0.500 -0.500 1.000 0.500 0.500 1.000 0.500 -0.500 -1.000 -0.500 0.500 -1.000 -0.500 0.500 1.000 0.500 -0.500 0.000 0.000 0.333 -0.333 -1.000 -0.667 0.667 -1.000 -0.667 0.667 0.000 0.333 -0.333 0.000 -0.333 -0.667 -1.000 0.667 0.333 -1.000 0.667 0.333 0.000 -0.333 -0.667
