SG=<i>I</i><sub><i>b</i></sub><i>m</i><i>a</i>2
 name=46.248
 spinor=True
symmetries=
      1 0 0 0 1 0 0 0 1    0 0 0    1.0 0.0 0.0 1.0    0.0 0.0 0.0 0.0
    -1 0 0 0 -1 0 0 0 1    0 0 0   1.0 0.0 0.0 1.0    -0.5 0.0 0.0 0.5
   1 0 0 0 -1 0 0 0 1    1/2 0 0    0.0 1.0 1.0 0.0    0.0 1.0 0.0 0.0
   -1 0 0 0 1 0 0 0 1    1/2 0 0  0.0 1.0 1.0 0.0    0.0 -0.5 -0.5 0.0
    1 0 0 0 1 0 0 0 1    0 1/2 0    1.0 0.0 0.0 1.0    0.0 0.0 0.0 0.0
  -1 0 0 0 -1 0 0 0 1    0 1/2 0   1.0 0.0 0.0 1.0    -0.5 0.0 0.0 0.5
 1 0 0 0 -1 0 0 0 1    1/2 1/2 0    0.0 1.0 1.0 0.0    0.0 1.0 0.0 0.0
 -1 0 0 0 1 0 0 0 1    1/2 1/2 0  0.0 1.0 1.0 0.0    0.0 -0.5 -0.5 0.0


kpoint  GM : 0.000000 0.000000 0.000000 :  1 2 3 4 5 6 7 8
-GM5  2  0.0  0.0  0.0 -2.0  0.0  0.0  0.0  0.0  2.0  0.0  0.0  0.0 -2.0  0.0  0.0



kpoint  R : 0.000000 0.500000 0.000000 :  1 2 3 4
-R3R3  2  2.0 -2.0 -2.0  0.0  0.0  0.0  0.0
-R4R4  2 -2.0 -2.0  2.0  0.0  0.0  0.0  0.0



kpoint  S : 0.500000 0.000000 0.000000 :  1 2 3 4
-S3S4  2  0.0 -2.0  0.0  0.0  0.0  0.0  0.0



kpoint  T : 0.000000 0.000000 0.500000 :  1 2 3 4
-T3  1  0.0 -1.0  0.0  0.0  1.0  0.0 -1.0
-T4  1  0.0 -1.0  0.0  0.0 -1.0  0.0  1.0



kpoint  W : 0.250000 0.250000 0.250000 :  1 2 3 4
-W3W3  2  0.0 -2.0  0.0  0.0  0.0  0.0  0.0
-W4W4  2  0.0 -2.0  0.0  0.0  0.0  0.0  0.0



kpoint  X : 0.500000 0.500000 0.500000 :  1 2 3 4 5 6 7 8
-X5  2  0.0  0.0  0.0 -2.0  0.0  0.0  0.0  0.0  2.0  0.0  0.0  0.0 -2.0  0.0  0.0
