SG=<i>I</i><i>b</i><i>a</i><i>m</i>'
 name=72.542
 spinor=True
symmetries=
        1 0 0   0 1 0   0 0 1   0 0 0    1.0 0.0 0.0 1.0    0.0 0.0 0.0 0.0
      -1 0 0   0 -1 0   0 0 1   0 0 0   1.0 0.0 0.0 1.0    -0.5 0.0 0.0 0.5
 1 0 0   0 -1 0   0 0 1   0 0 0.50000    0.0 1.0 1.0 0.0    0.0 1.0 0.0 0.0
 -1 0 0   0 1 0   0 0 1   0 0 0.50000  0.0 1.0 1.0 0.0    0.0 -0.5 -0.5 0.0


kpoint  GM : 0.000000 0.000000 0.000000 :  1 2 3 4
-GM5  2   2.000 2.000 0.000 0.000 0.000 -2.000 0.000 0.000 0.000 0.000 0.000 0.000 2.000 0.000 0.000 0.000 -2.000 0.000 0.000 0.000 0.000 0.000 -1.000 0.000 0.000 0.000 0.000 0.000 0.000 0.000 0.000 0.000 0.000 -1.000



kpoint  R : 0.000000 0.500000 0.000000 ; R  :  0.5 0.0 0.5 :  1 2
-R3R4  2   2.000 2.000 0.000 -2.000 0.000 0.000 0.000 0.000 0.000 0.000 0.000 0.000 -1.000 0.000 0.000 0.000 0.000 0.000



kpoint  S : 0.500000 0.000000 0.000000 ; S  :  0.0 0.5 0.5 :  1 2
-S3S4  2   2.000 2.000 0.000 -2.000 0.000 0.000 0.000 0.000 0.000 0.000 0.000 0.000 -1.000 0.000 0.000 0.000 0.000 0.000



kpoint  T : 0.000000 0.000000 0.500000 ; T  :  0.5 0.5 0.0 :  1 2
-T3T4  2   2.000 2.000 0.000 -2.000 0.000 0.000 0.000 0.000 0.000 0.000 0.000 0.000 -1.000 0.000 0.000 0.000 0.000 0.000



kpoint  W : 0.250000 0.250000 0.250000 ; W  :  0.5 0.5 0.5 :  1 2
-W3W4  2   2.000 2.000 0.000 -2.000 0.000 0.000 0.000 0.000 0.000 0.000 0.000 0.000 -1.000 0.000 0.000 0.000 0.000 0.000



kpoint  X : 0.500000 0.500000 0.500000 ; X  :  1.0 1.0 1.0 :  1 2 3 4
-X5  2   2.000 2.000 0.000 0.000 0.000 -2.000 0.000 0.000 0.000 0.000 0.000 0.000 2.000 0.000 0.000 0.000 -2.000 0.000 0.000 0.000 0.000 0.000 -1.000 0.000 0.000 0.000 0.000 0.000 0.000 0.000 0.000 0.000 0.000 -1.000
