SG=<i>P</i>4'/<i>n</i><i>b</i><i>m</i>'
 name=125.367
 spinor=True
symmetries=
        1 0 0 0 1 0 0 0 1    0 0 0     1.0 0.0 0.0 1.0    0.0 0.0 0.0 0.0
  -1 0 0 0 -1 0 0 0 1    1/2 1/2 0    1.0 0.0 0.0 1.0    -0.5 0.0 0.0 0.5
    -1 0 0 0 1 0 0 0 -1    1/2 0 0     0.0 1.0 1.0 0.0    0.0 1.0 0.0 0.0
    1 0 0 0 -1 0 0 0 -1    0 1/2 0   0.0 1.0 1.0 0.0    0.0 -0.5 -0.5 0.0
     -1 0 0 0 -1 0 0 0 -1    0 0 0     1.0 0.0 0.0 1.0    0.0 0.0 0.0 0.0
   1 0 0 0 1 0 0 0 -1    1/2 1/2 0    1.0 0.0 0.0 1.0    -0.5 0.0 0.0 0.5
     1 0 0 0 -1 0 0 0 1    1/2 0 0     0.0 1.0 1.0 0.0    0.0 1.0 0.0 0.0
     -1 0 0 0 1 0 0 0 1    0 1/2 0   0.0 1.0 1.0 0.0    0.0 -0.5 -0.5 0.0
     0 -1 0 1 0 0 0 0 1    1/2 0 0   1.0 0.0 0.0 1.0    0.75 0.0 0.0 0.25
     0 1 0 -1 0 0 0 0 1    0 1/2 0   1.0 0.0 0.0 1.0    0.25 0.0 0.0 0.75
       0 1 0 1 0 0 0 0 -1    0 0 0  0.0 1.0 1.0 0.0    0.0 -0.75 0.75 0.0
 0 -1 0 -1 0 0 0 0 -1    1/2 1/2 0   0.0 1.0 1.0 0.0    0.0 0.75 0.25 0.0
    0 1 0 -1 0 0 0 0 -1    1/2 0 0   1.0 0.0 0.0 1.0    0.75 0.0 0.0 0.25
    0 -1 0 1 0 0 0 0 -1    0 1/2 0   1.0 0.0 0.0 1.0    0.25 0.0 0.0 0.75
      0 -1 0 -1 0 0 0 0 1    0 0 0  0.0 1.0 1.0 0.0    0.0 -0.75 0.75 0.0
    0 1 0 1 0 0 0 0 1    1/2 1/2 0   0.0 1.0 1.0 0.0    0.0 0.75 0.25 0.0


kpoint  GM : 0.000000 0.000000 0.000000 :  1 2 3 4 5 6 7 8 9 10 11 12 13 14 15 16
-GM5  2  0.0  0.0  0.0  2.0  0.0  0.0  0.0 -2.0  0.0  0.0  0.0 -2.0  0.0  0.0  0.0 -1.414214  1.414214  0.0  0.0 -1.414214  1.414214  0.0  0.0  1.414214 -1.414214  0.0  0.0  1.414214 -1.414214  0.0  0.0



kpoint  A : 0.500000 0.500000 0.500000 :  1 2 3 4 5 6 7 8 9 10 11 12 13 14 15 16
-(A)R3  2  0.0  0.0  0.0  0.0  0.0  0.0  0.0 -2.0  0.0  0.0  0.0  0.0  0.0  0.0  0.0  0.0  0.0 -1.414214  1.414214  0.0  0.0  0.0  0.0  0.0  0.0  1.414214 -1.414214  0.0  0.0  0.0  0.0
-(A)R4  2  0.0  0.0  0.0  0.0  0.0  0.0  0.0 -2.0  0.0  0.0  0.0  0.0  0.0  0.0  0.0  0.0  0.0 -1.414214  1.414214  0.0  0.0  0.0  0.0  0.0  0.0  1.414214 -1.414214  0.0  0.0  0.0  0.0



kpoint  M : 0.500000 0.500000 0.000000 :  1 2 3 4 5 6 7 8 9 10 11 12 13 14 15 16
-(M)S3  2  0.0  0.0  0.0  0.0  0.0  0.0  0.0 -2.0  0.0  0.0  0.0  0.0  0.0  0.0  0.0  0.0  0.0 -1.414214  1.414214  0.0  0.0  0.0  0.0  0.0  0.0  1.414214 -1.414214  0.0  0.0  0.0  0.0
-(M)S4  2  0.0  0.0  0.0  0.0  0.0  0.0  0.0 -2.0  0.0  0.0  0.0  0.0  0.0  0.0  0.0  0.0  0.0 -1.414214  1.414214  0.0  0.0  0.0  0.0  0.0  0.0  1.414214 -1.414214  0.0  0.0  0.0  0.0



kpoint  R : 0.000000 0.500000 0.500000 :  1 2 3 4 5 6 7 8
-(R)T3  2  0.0  0.0  0.0  0.0  0.0  0.0  0.0 -2.0  0.0  0.0  0.0  0.0  0.0  0.0  0.0
-(R)T4  2  0.0  0.0  0.0  0.0  0.0  0.0  0.0 -2.0  0.0  0.0  0.0  0.0  0.0  0.0  0.0



kpoint  RA : 0.500000 0.000000 0.500000 :  1 2 3 4 5 6 7 8
-(RA)U3  2  0.0  0.0  0.0  0.0  0.0  0.0  0.0 -2.0  0.0  0.0  0.0  0.0  0.0  0.0  0.0
-(RA)U4  2  0.0  0.0  0.0  0.0  0.0  0.0  0.0 -2.0  0.0  0.0  0.0  0.0  0.0  0.0  0.0



kpoint  X : 0.000000 0.500000 0.000000 :  1 2 3 4 5 6 7 8
-(X)Y3  2  0.0  0.0  0.0  0.0  0.0  0.0  0.0 -2.0  0.0  0.0  0.0  0.0  0.0  0.0  0.0
-(X)Y4  2  0.0  0.0  0.0  0.0  0.0  0.0  0.0 -2.0  0.0  0.0  0.0  0.0  0.0  0.0  0.0



kpoint  XA : 0.500000 0.000000 0.000000 :  1 2 3 4 5 6 7 8
-(XA)X3  2  0.0  0.0  0.0  0.0  0.0  0.0  0.0 -2.0  0.0  0.0  0.0  0.0  0.0  0.0  0.0
-(XA)X4  2  0.0  0.0  0.0  0.0  0.0  0.0  0.0 -2.0  0.0  0.0  0.0  0.0  0.0  0.0  0.0



kpoint  Z : 0.000000 0.000000 0.500000 :  1 2 3 4 5 6 7 8 9 10 11 12 13 14 15 16
-Z5  2  0.0  0.0  0.0  2.0  0.0  0.0  0.0 -2.0  0.0  0.0  0.0 -2.0  0.0  0.0  0.0 -1.414214  1.414214  0.0  0.0 -1.414214  1.414214  0.0  0.0  1.414214 -1.414214  0.0  0.0  1.414214 -1.414214  0.0  0.0
