SG=<i>P</i>-3'<i>c</i>'1
 name=165.94
 spinor=True
symmetries=
      1 0 0 0 1 0 0 0 1    0 0 0                                 1.0 0.0 0.0 1.0    0.0 0.0 0.0 0.0
    0 -1 0 1 -1 0 0 0 1    0 0 0   1.0 0.0 0.0 1.0    0.3333333333333333 0.0 0.0 0.6666666666666667
    -1 1 0 -1 0 0 0 0 1    0 0 0   1.0 0.0 0.0 1.0    0.6666666666666667 0.0 0.0 0.3333333333333333
   0 1 0 1 0 0 0 0 -1    0 0 1/2  0.0 1.0 1.0 0.0    0.0 -0.6666666666666667 0.6666666666666667 0.0
 1 -1 0 0 -1 0 0 0 -1    0 0 1/2                                 0.0 1.0 1.0 0.0    0.0 1.0 0.0 0.0
 -1 0 0 -1 1 0 0 0 -1    0 0 1/2   0.0 1.0 1.0 0.0    0.0 0.6666666666666667 0.3333333333333333 0.0
   -1 0 0 0 -1 0 0 0 -1    0 0 0                                 1.0 0.0 0.0 1.0    0.0 0.0 0.0 0.0
    0 1 0 -1 1 0 0 0 -1    0 0 0   1.0 0.0 0.0 1.0    0.3333333333333333 0.0 0.0 0.6666666666666667
    1 -1 0 1 0 0 0 0 -1    0 0 0   1.0 0.0 0.0 1.0    0.6666666666666667 0.0 0.0 0.3333333333333333
  0 -1 0 -1 0 0 0 0 1    0 0 1/2  0.0 1.0 1.0 0.0    0.0 -0.6666666666666667 0.6666666666666667 0.0
   -1 1 0 0 1 0 0 0 1    0 0 1/2                                 0.0 1.0 1.0 0.0    0.0 1.0 0.0 0.0
   1 0 0 1 -1 0 0 0 1    0 0 1/2   0.0 1.0 1.0 0.0    0.0 0.6666666666666667 0.3333333333333333 0.0


kpoint  GM : 0.000000 0.000000 0.000000 :  1 2 3 4 5 6 7 8 9 10 11 12
-GM4GM5  2 -2.0 -2.0  0.0  0.0  0.0 -2.0  2.0  2.0  0.0  0.0  0.0  0.0  0.0  0.0  0.0  0.0  0.0  0.0  0.0  0.0  0.0  0.0  0.0
-GM6     2  1.0  1.0  0.0  0.0  0.0 -2.0 -1.0 -1.0  0.0  0.0  0.0  0.0  0.0  0.0  2.0  1.0 -1.0  0.0  0.0  0.0 -2.0 -1.0  1.0



kpoint  A : 0.000000 0.000000 0.500000 :  1 2 3 4 5 6 7 8 9 10 11 12
-A4A4  2 -2.0 -2.0  0.0  0.0  0.0 -2.0  2.0  2.0  0.0  0.0  0.0  0.0  0.0  0.0  0.0  0.0  0.0  0.0  0.0  0.0  0.0  0.0  0.0
-A5A5  2 -2.0 -2.0  0.0  0.0  0.0 -2.0  2.0  2.0  0.0  0.0  0.0  0.0  0.0  0.0  0.0  0.0  0.0  0.0  0.0  0.0  0.0  0.0  0.0
-A6A6  4  2.0  2.0  0.0  0.0  0.0 -4.0 -2.0 -2.0  0.0  0.0  0.0  0.0  0.0  0.0  0.0  0.0  0.0  0.0  0.0  0.0  0.0  0.0  0.0



kpoint  H : 0.333333 0.333333 0.500000 :  1 2 3 4 5 6 7 8 9 10 11 12
-H4H4  2 -2.0 -2.0  0.0  0.0  0.0 -2.0  2.0  2.0  0.0  0.0  0.0  0.0  0.0  0.0  0.0  0.0  0.0  0.0  0.0  0.0  0.0  0.0  0.0
-H5H5  2 -2.0 -2.0  0.0  0.0  0.0 -2.0  2.0  2.0  0.0  0.0  0.0  0.0  0.0  0.0  0.0  0.0  0.0  0.0  0.0  0.0  0.0  0.0  0.0
-H6H6  4  2.0  2.0  0.0  0.0  0.0 -4.0 -2.0 -2.0  0.0  0.0  0.0  0.0  0.0  0.0  0.0  0.0  0.0  0.0  0.0  0.0  0.0  0.0  0.0



kpoint  HA : 0.666667 0.666667 0.500000 :  1 2 3 4 5 6 7 8 9 10 11 12
-HA4HA4  2 -2.0 -2.0  0.0  0.0  0.0 -2.0  2.0  2.0  0.0  0.0  0.0  0.0  0.0  0.0  0.0  0.0  0.0  0.0  0.0  0.0  0.0  0.0  0.0
-HA5HA5  2 -2.0 -2.0  0.0  0.0  0.0 -2.0  2.0  2.0  0.0  0.0  0.0  0.0  0.0  0.0  0.0  0.0  0.0  0.0  0.0  0.0  0.0  0.0  0.0
-HA6HA6  4  2.0  2.0  0.0  0.0  0.0 -4.0 -2.0 -2.0  0.0  0.0  0.0  0.0  0.0  0.0  0.0  0.0  0.0  0.0  0.0  0.0  0.0  0.0  0.0



kpoint  K : 0.333333 0.333333 0.000000 :  1 2 3 4 5 6 7 8 9 10 11 12
-K4K5  2 -2.0 -2.0  0.0  0.0  0.0 -2.0  2.0  2.0  0.0  0.0  0.0  0.0  0.0  0.0  0.0  0.0  0.0  0.0  0.0  0.0  0.0  0.0  0.0
-K6    2  1.0  1.0  0.0  0.0  0.0 -2.0 -1.0 -1.0  0.0  0.0  0.0  0.0  0.0  0.0  2.0  1.0 -1.0  0.0  0.0  0.0 -2.0 -1.0  1.0



kpoint  KA : 0.666667 0.666667 0.000000 :  1 2 3 4 5 6 7 8 9 10 11 12
-KA4KA5  2 -2.0 -2.0  0.0  0.0  0.0 -2.0  2.0  2.0  0.0  0.0  0.0  0.0  0.0  0.0  0.0  0.0  0.0  0.0  0.0  0.0  0.0  0.0  0.0
-KA6     2  1.0  1.0  0.0  0.0  0.0 -2.0 -1.0 -1.0  0.0  0.0  0.0  0.0  0.0  0.0  2.0  1.0 -1.0  0.0  0.0  0.0 -2.0 -1.0  1.0



kpoint  L : 0.500000 0.000000 0.500000 :  1 2 3 4
-L3L3  2  0.0 -2.0  0.0  0.0  0.0  0.0  0.0
-L4L4  2  0.0 -2.0  0.0  0.0  0.0  0.0  0.0



kpoint  M : 0.500000 0.000000 0.000000 :  1 2 3 4
-M3M4  2  0.0 -2.0  0.0  0.0  0.0  0.0  0.0
