SG=I2_131'
 name=199.13
 nsym=12
 spinor=False
symmetries=
         1 0 0   0 1 0   0 0 1   0 0 0
 -1 0 0   0 -1 0   0 0 1   0 0.50000 0
 -1 0 0   0 1 0   0 0 -1   0.50000 0 0
 1 0 0   0 -1 0   0 0 -1   0 0 0.50000
         0 0 1   1 0 0   0 1 0   0 0 0
 0 0 1   -1 0 0   0 -1 0   0 0 0.50000
 0 0 -1   -1 0 0   0 1 0   0 0.50000 0
 0 0 -1   1 0 0   0 -1 0   0.50000 0 0
         0 1 0   0 0 1   1 0 0   0 0 0
 0 -1 0   0 0 1   -1 0 0   0.50000 0 0
 0 1 0   0 0 -1   -1 0 0   0 0 0.50000
 0 -1 0   0 0 -1   1 0 0   0 0.50000 0


kpoint  GM : 0.000000 0.000000 0.000000 :  1 2 3 4 5 6 7 8 9 10 11 12
GM1  1   1.000 1.000 1.000 1.000 1.000 1.000 1.000 1.000 1.000 1.000 1.000 1.000 1.000 1.000 1.000 1.000 1.000 1.000 1.000 1.000 1.000 1.000 1.000 1.000 1.000 1.000 1.000 1.000 1.000 1.000 1.000 1.000 1.000 1.000 1.000 1.000 1.000 1.000 1.000 1.000 1.000 1.000 1.000 1.000 1.000 1.000 1.000 1.000 1.000
GM2GM3  2   2.000 2.000 2.000 2.000 2.000 -1.000 -1.000 -1.000 -1.000 -1.000 -1.000 -1.000 -1.000 2.000 2.000 2.000 2.000 -1.000 -1.000 -1.000 -1.000 -1.000 -1.000 -1.000 -1.000 0.000 0.000 0.000 0.000 0.000 0.000 0.000 0.000 0.000 0.000 0.000 0.000 0.000 0.000 0.000 0.000 0.000 0.000 0.000 0.000 0.000 0.000 0.000 0.000
GM4  3   3.000 3.000 -1.000 -1.000 -1.000 0.000 0.000 0.000 0.000 0.000 0.000 0.000 0.000 3.000 -1.000 -1.000 -1.000 0.000 0.000 0.000 0.000 0.000 0.000 0.000 0.000 3.000 -1.000 -1.000 -1.000 0.000 0.000 0.000 0.000 0.000 0.000 0.000 0.000 3.000 -1.000 -1.000 -1.000 0.000 0.000 0.000 0.000 0.000 0.000 0.000 0.000 0.000 0.000 -1.000 -1.000 -1.000 0.000 0.000 0.000 0.000 0.000 0.000 0.000 0.000 0.000 -1.000 -1.000 -1.000 0.000 0.000 0.000 0.000 0.000 0.000 0.000 0.000 0.000 -1.000 -1.000 -1.000 0.000 0.000 0.000 0.000 0.000 0.000 0.000 0.000 0.000 -1.000 -1.000 -1.000 0.000 0.000 0.000 0.000 0.000 0.000 0.000 0.000



kpoint  H : 0.500000 0.500000 0.500000 :  1 2 3 4 5 6 7 8 9 10 11 12
H1  1   1.000 1.000 -1.000 -1.000 -1.000 1.000 -1.000 -1.000 -1.000 1.000 -1.000 -1.000 -1.000 1.000 -1.000 -1.000 -1.000 1.000 -1.000 -1.000 -1.000 1.000 -1.000 -1.000 -1.000 1.000 -1.000 -1.000 -1.000 1.000 -1.000 -1.000 -1.000 1.000 -1.000 -1.000 -1.000 1.000 -1.000 -1.000 -1.000 1.000 -1.000 -1.000 -1.000 1.000 -1.000 -1.000 -1.000 0.000 0.000 -1.000 -1.000 -1.000 0.000 -1.000 -1.000 -1.000 0.000 -1.000 -1.000 -1.000 0.000 -1.000 -1.000 -1.000 0.000 -1.000 -1.000 -1.000 0.000 -1.000 -1.000 -1.000 0.000 -1.000 -1.000 -1.000 0.000 -1.000 -1.000 -1.000 0.000 -1.000 -1.000 -1.000 0.000 -1.000 -1.000 -1.000 0.000 -1.000 -1.000 -1.000 0.000 -1.000 -1.000 -1.000
H2H3  2   2.000 2.000 -2.000 -2.000 -2.000 -1.000 1.000 1.000 1.000 -1.000 1.000 1.000 1.000 2.000 -2.000 -2.000 -2.000 -1.000 1.000 1.000 1.000 -1.000 1.000 1.000 1.000 0.000 0.000 0.000 0.000 0.000 0.000 0.000 0.000 0.000 0.000 0.000 0.000 0.000 0.000 0.000 0.000 0.000 0.000 0.000 0.000 0.000 0.000 0.000 0.000 0.000 0.000 -1.000 -1.000 -1.000 1.000 0.000 0.000 0.000 1.000 0.000 0.000 0.000 0.000 -1.000 -1.000 -1.000 1.000 0.000 0.000 0.000 1.000 0.000 0.000 0.000 0.000 0.000 0.000 0.000 0.000 0.000 0.000 0.000 0.000 0.000 0.000 0.000 0.000 0.000 0.000 0.000 0.000 0.000 0.000 0.000 0.000 0.000 0.000 0.000
H4  3   3.000 3.000 1.000 1.000 1.000 0.000 0.000 0.000 0.000 0.000 0.000 0.000 0.000 3.000 1.000 1.000 1.000 0.000 0.000 0.000 0.000 0.000 0.000 0.000 0.000 3.000 1.000 1.000 1.000 0.000 0.000 0.000 0.000 0.000 0.000 0.000 0.000 3.000 1.000 1.000 1.000 0.000 0.000 0.000 0.000 0.000 0.000 0.000 0.000 0.000 0.000 -0.000 -0.000 -0.000 0.000 0.000 0.000 0.000 0.000 0.000 0.000 0.000 0.000 -0.000 -0.000 -0.000 0.000 0.000 0.000 0.000 0.000 0.000 0.000 0.000 0.000 -0.000 -0.000 -0.000 0.000 0.000 0.000 0.000 0.000 0.000 0.000 0.000 0.000 -0.000 -0.000 -0.000 0.000 0.000 0.000 0.000 0.000 0.000 0.000 0.000



kpoint  N : 0.000000 0.000000 0.500000 :  1 2
N1  1   1.000 1.000 1.000 1.000 1.000 1.000 1.000 1.000 1.000
N2  1   1.000 1.000 -1.000 1.000 -1.000 1.000 -1.000 1.000 -1.000 0.000 0.000 -1.000 0.000 -1.000 0.000 -1.000 0.000 -1.000



kpoint  P : 0.250000 0.250000 0.250000 :  1 2 3 4 5 6 7 8 9 10 11 12
P1  2   2.000 2.000 0.000 0.000 0.000 1.093 0.082 0.082 0.082 1.093 0.082 0.082 0.082 2.000 0.000 0.000 0.000 1.093 0.082 0.082 0.082 1.093 0.082 0.082 0.082 0.000 0.000 0.000 0.000 0.000 0.047 0.476 0.476 0.476 -0.047 -0.476 -0.476 -0.476 0.000 0.000 0.000 0.000 0.047 0.476 0.476 0.476 -0.047 -0.476 -0.476 -0.476
P2  2   2.000 2.000 0.000 0.000 0.000 0.617 -0.244 -0.244 -0.244 0.617 -0.244 -0.244 -0.244 2.000 0.000 0.000 0.000 0.617 -0.244 -0.244 -0.244 0.617 -0.244 -0.244 -0.244 0.000 0.000 0.000 0.000 0.000 0.000 0.571 0.571 0.571 0.000 -0.571 -0.571 -0.571 0.000 0.000 0.000 0.000 0.000 0.571 0.571 0.571 0.000 -0.571 -0.571 -0.571
P3  2   2.000 2.000 0.000 0.000 0.000 1.093 -0.046 -0.046 -0.046 1.093 -0.046 -0.046 -0.046 2.000 0.000 0.000 0.000 1.093 -0.046 -0.046 -0.046 1.093 -0.046 -0.046 -0.046 0.000 0.000 0.000 0.000 0.000 -0.047 0.524 0.524 0.524 0.047 -0.524 -0.524 -0.524 0.000 0.000 0.000 0.000 -0.047 0.524 0.524 0.524 0.047 -0.524 -0.524 -0.524



kpoint  PA : 0.750000 0.750000 0.750000 :  1 2 3 4 5 6 7 8 9 10 11 12
PA1  2   2.000 2.000 0.000 0.000 0.000 1.093 0.082 0.082 0.082 1.093 0.082 0.082 0.082 2.000 0.000 0.000 0.000 1.093 0.082 0.082 0.082 1.093 0.082 0.082 0.082 0.000 0.000 0.000 0.000 0.000 -0.047 -0.476 -0.476 -0.476 0.047 0.476 0.476 0.476 0.000 0.000 0.000 0.000 -0.047 -0.476 -0.476 -0.476 0.047 0.476 0.476 0.476
PA2  2   2.000 2.000 0.000 0.000 0.000 0.617 -0.244 -0.244 -0.244 0.617 -0.244 -0.244 -0.244 2.000 0.000 0.000 0.000 0.617 -0.244 -0.244 -0.244 0.617 -0.244 -0.244 -0.244 0.000 0.000 0.000 0.000 0.000 0.000 -0.571 -0.571 -0.571 0.000 0.571 0.571 0.571 0.000 0.000 0.000 0.000 0.000 -0.571 -0.571 -0.571 0.000 0.571 0.571 0.571
PA3  2   2.000 2.000 0.000 0.000 0.000 1.093 -0.046 -0.046 -0.046 1.093 -0.046 -0.046 -0.046 2.000 0.000 0.000 0.000 1.093 -0.046 -0.046 -0.046 1.093 -0.046 -0.046 -0.046 0.000 0.000 0.000 0.000 0.000 0.047 -0.524 -0.524 -0.524 -0.047 0.524 0.524 0.524 0.000 0.000 0.000 0.000 0.047 -0.524 -0.524 -0.524 -0.047 0.524 0.524 0.524
