SG=P4_1'2_12'
 name=92.113
 nsym=4
 spinor=False
symmetries=
                     1 0 0   0 1 0   0 0 1   0 0 0
             -1 0 0   0 -1 0   0 0 1   0 0 0.50000
 -1 0 0   0 1 0   0 0 -1   0.50000 0.50000 0.25000
 1 0 0   0 -1 0   0 0 -1   0.50000 0.50000 0.75000


kpoint  GM : 0.000000 0.000000 0.000000 :  1 2 3 4
GM1  1   1.000 1.000 1.000 1.000 1.000 1.000 1.000 1.000 1.000 1.000 1.000 1.000 1.000 1.000 1.000 1.000 1.000
GM2  1   1.000 1.000 1.000 -1.000 -1.000 1.000 1.000 -1.000 -1.000 -1.000 -1.000 1.000 1.000 -1.000 -1.000 1.000 1.000 0.000 0.000 0.000 -1.000 -1.000 0.000 0.000 -1.000 -1.000 -1.000 -1.000 0.000 0.000 -1.000 -1.000 0.000 0.000
GM3GM4  2   2.000 2.000 -2.000 0.000 0.000 2.000 -2.000 0.000 0.000 0.000 0.000 0.000 0.000 0.000 0.000 0.000 0.000 0.000 0.000 -1.000 0.000 0.000 0.000 -1.000 0.000 0.000 0.000 0.000 0.000 0.000 0.000 0.000 0.000 0.000



kpoint  A : 0.500000 0.500000 0.500000 ; R  :  0.5 0.5 0.5 :  1 2 3 4
(A)R1  2   2.000 2.000 0.000 0.000 0.000 2.000 0.000 0.000 0.000 1.414 1.414 0.000 0.000 1.414 1.414 0.000 0.000



kpoint  M : 0.500000 0.500000 0.000000 ; S  :  0.5 0.5 0.0 :  1 2 3 4
(M)S1  1   1.000 1.000 -1.000 -0.000 -0.000 1.000 -1.000 -0.000 -0.000 -0.000 -0.000 1.000 -1.000 -0.000 -0.000 1.000 -1.000 0.000 0.000 -1.000 -0.500 0.500 0.000 -1.000 -0.500 0.500 -0.500 0.500 0.000 -1.000 -0.500 0.500 0.000 -1.000
(M)S2  1   1.000 1.000 -1.000 -0.000 -0.000 1.000 -1.000 -0.000 -0.000 -0.000 -0.000 1.000 -1.000 -0.000 -0.000 1.000 -1.000 0.000 0.000 -1.000 0.500 -0.500 0.000 -1.000 0.500 -0.500 0.500 -0.500 0.000 -1.000 0.500 -0.500 0.000 -1.000
(M)S3S4  2   2.000 2.000 2.000 0.000 0.000 2.000 2.000 0.000 0.000 0.000 0.000 0.000 0.000 0.000 0.000 0.000 0.000



kpoint  R : 0.000000 0.500000 0.500000 ; T  :  0.0 0.5 0.5 :  1 2 3 4
(R)T1  1   1.000 1.000 -0.000 -0.000 -1.000 1.000 -0.000 -0.000 -1.000 0.000 0.000 0.500 -0.500 -1.000 0.000 0.500 -0.500 -1.000
(R)T2  1   1.000 1.000 -0.000 -0.000 1.000 1.000 -0.000 -0.000 1.000 0.000 0.000 0.500 0.500 0.000 0.000 0.500 0.500 0.000
(R)T3  1   1.000 1.000 -0.000 -0.000 -1.000 1.000 -0.000 -0.000 -1.000 0.000 0.000 -0.500 0.500 -1.000 0.000 -0.500 0.500 -1.000
(R)T4  1   1.000 1.000 -0.000 -0.000 1.000 1.000 -0.000 -0.000 1.000 0.000 0.000 -0.500 -0.500 0.000 0.000 -0.500 -0.500 0.000



kpoint  RA : 0.500000 0.000000 0.500000 ; U  :  -0.5 0.0 0.5 :  1 2 3 4
(RA)U1  1   1.000 1.000 -0.000 -1.000 -0.000 1.000 -0.000 -1.000 -0.000 0.000 0.000 -0.500 -1.000 -0.500 0.000 -0.500 -1.000 -0.500
(RA)U2  1   1.000 1.000 -0.000 1.000 -0.000 1.000 -0.000 1.000 -0.000 0.000 0.000 -0.500 0.000 0.500 0.000 -0.500 0.000 0.500
(RA)U3  1   1.000 1.000 -0.000 1.000 -0.000 1.000 -0.000 1.000 -0.000 0.000 0.000 0.500 0.000 -0.500 0.000 0.500 0.000 -0.500
(RA)U4  1   1.000 1.000 -0.000 -1.000 -0.000 1.000 -0.000 -1.000 -0.000 0.000 0.000 0.500 -1.000 0.500 0.000 0.500 -1.000 0.500



kpoint  X : 0.000000 0.500000 0.000000 ; Y  :  0.0 0.5 0.0 :  1 2 3 4
(X)Y1  2   2.000 2.000 0.000 0.000 0.000 2.000 0.000 0.000 0.000



kpoint  XA : 0.500000 0.000000 0.000000 ; X  :  -0.5 0.0 0.0 :  1 2 3 4
(XA)X1  2   2.000 2.000 0.000 0.000 0.000 2.000 0.000 0.000 0.000



kpoint  Z : 0.000000 0.000000 0.500000 ; Z  :  0.0 0.0 0.5 :  1 2 3 4
Z1  2   2.000 2.000 0.000 0.000 0.000 2.000 0.000 0.000 0.000 -0.000 -0.000 0.000 0.000 -0.000 -0.000 0.000 0.000 0.000 0.000 0.000 0.000 0.000 0.000 0.000 0.000 0.000 -0.500 0.500 0.000 0.000 -0.500 0.500 0.000 0.000
