SG=F4_132
 name=210.52
 nsym=24
 spinor=False
symmetries=
                      1 0 0   0 1 0   0 0 1   0 0 0
                    -1 0 0   0 -1 0   0 0 1   0 0 0
                    -1 0 0   0 1 0   0 0 -1   0 0 0
                    1 0 0   0 -1 0   0 0 -1   0 0 0
                      0 0 1   1 0 0   0 1 0   0 0 0
                    0 0 1   -1 0 0   0 -1 0   0 0 0
                    0 0 -1   -1 0 0   0 1 0   0 0 0
                    0 0 -1   1 0 0   0 -1 0   0 0 0
                      0 1 0   0 0 1   1 0 0   0 0 0
                    0 -1 0   0 0 1   -1 0 0   0 0 0
                    0 1 0   0 0 -1   -1 0 0   0 0 0
                    0 -1 0   0 0 -1   1 0 0   0 0 0
   0 1 0   1 0 0   0 0 -1   0.25000 0.25000 0.25000
 0 -1 0   -1 0 0   0 0 -1   0.25000 0.25000 0.25000
   0 1 0   -1 0 0   0 0 1   0.25000 0.25000 0.25000
   0 -1 0   1 0 0   0 0 1   0.25000 0.25000 0.25000
   1 0 0   0 0 1   0 -1 0   0.25000 0.25000 0.25000
   -1 0 0   0 0 1   0 1 0   0.25000 0.25000 0.25000
 -1 0 0   0 0 -1   0 -1 0   0.25000 0.25000 0.25000
   1 0 0   0 0 -1   0 1 0   0.25000 0.25000 0.25000
   0 0 1   0 1 0   -1 0 0   0.25000 0.25000 0.25000
   0 0 1   0 -1 0   1 0 0   0.25000 0.25000 0.25000
   0 0 -1   0 1 0   1 0 0   0.25000 0.25000 0.25000
 0 0 -1   0 -1 0   -1 0 0   0.25000 0.25000 0.25000


 kpoint  GM : 0.000000 0.000000 0.000000  : 1 2 3 4 5 6 7 8 9 10 11 12 13 14 15 16 17 18 19 20 21 22 23 24
GM1  1    1.000 1.000 1.000 1.000 1.000 1.000 1.000 1.000 1.000 1.000 1.000 1.000 1.000 1.000 1.000 1.000 1.000 1.000 1.000 1.000 1.000 1.000 1.000 1.000
GM2  1    1.000 1.000 1.000 1.000 1.000 1.000 1.000 1.000 1.000 1.000 1.000 1.000 -1.000 -1.000 -1.000 -1.000 -1.000 -1.000 -1.000 -1.000 -1.000 -1.000 -1.000 -1.000
GM3  2    2.000 2.000 2.000 2.000 -1.000 -1.000 -1.000 -1.000 -1.000 -1.000 -1.000 -1.000 0.000 0.000 0.000 0.000 0.000 0.000 0.000 0.000 0.000 0.000 0.000 0.000
GM4  3    3.000 -1.000 -1.000 -1.000 0.000 0.000 0.000 0.000 0.000 0.000 0.000 0.000 -1.000 -1.000 1.000 1.000 1.000 -1.000 -1.000 1.000 1.000 -1.000 1.000 -1.000
GM5  3    3.000 -1.000 -1.000 -1.000 0.000 0.000 0.000 0.000 0.000 0.000 0.000 0.000 1.000 1.000 -1.000 -1.000 -1.000 1.000 1.000 -1.000 -1.000 1.000 -1.000 1.000



 kpoint  L : 0.500000 0.500000 0.500000  : 1 5 9 14 19 24
L1  1    1.000 1.000 1.000 1.000 1.000 1.000
L2  1    1.000 1.000 1.000 -1.000 -1.000 -1.000
L3  2    2.000 -1.000 -1.000 0.000 0.000 0.000



 kpoint  W : 0.500000 0.250000 0.750000  : 1 4 18 19
W1  2    2.000 0.000 0.000 0.000



 kpoint  X : 0.500000 0.000000 0.500000  : 1 2 3 4 21 22 23 24
X1  1    1.000 1.000 -1.000 -1.000 1.000 1.000 -1.000 -1.000
X2  1    1.000 1.000 -1.000 -1.000 -1.000 -1.000 1.000 1.000
X3  1    1.000 -1.000 -1.000 1.000 1.000 -1.000 -1.000 1.000
X4  1    1.000 -1.000 -1.000 1.000 -1.000 1.000 1.000 -1.000
X5  2    2.000 0.000 2.000 0.000 0.000 0.000 0.000 0.000
