SG=P6_3'/m'c'm
 name=193.258
 nsym=12
 spinor=True
symmetries=
    1 0 0   0 1 0   0 0 1   0 0 0                                 1.0 0.0 0.0 1.0    0.0 0.0 0.0 0.0
  0 -1 0   1 -1 0   0 0 1   0 0 0   1.0 0.0 0.0 1.0    0.3333333333333333 0.0 0.0 0.6666666666666667
  -1 1 0   -1 0 0   0 0 1   0 0 0   1.0 0.0 0.0 1.0    0.6666666666666667 0.0 0.0 0.3333333333333333
 0 -1 0   -1 0 0   0 0 -1   0 0 0  0.0 1.0 1.0 0.0    0.0 0.8333333333333334 0.16666666666666669 0.0
  -1 1 0   0 1 0   0 0 -1   0 0 0                               0.0 1.0 1.0 0.0    0.0 -0.5 -0.5 0.0
  1 0 0   1 -1 0   0 0 -1   0 0 0  0.0 1.0 1.0 0.0    0.0 0.16666666666666669 0.8333333333333334 0.0
 -1 0 0   0 -1 0   0 0 -1   0 0 0                                 1.0 0.0 0.0 1.0    0.0 0.0 0.0 0.0
  0 1 0   -1 1 0   0 0 -1   0 0 0   1.0 0.0 0.0 1.0    0.3333333333333333 0.0 0.0 0.6666666666666667
  1 -1 0   1 0 0   0 0 -1   0 0 0   1.0 0.0 0.0 1.0    0.6666666666666667 0.0 0.0 0.3333333333333333
    0 1 0   1 0 0   0 0 1   0 0 0  0.0 1.0 1.0 0.0    0.0 0.8333333333333334 0.16666666666666669 0.0
  1 -1 0   0 -1 0   0 0 1   0 0 0                               0.0 1.0 1.0 0.0    0.0 -0.5 -0.5 0.0
  -1 0 0   -1 1 0   0 0 1   0 0 0  0.0 1.0 1.0 0.0    0.0 0.16666666666666669 0.8333333333333334 0.0


kpoint  GM : 0.000000 0.000000 0.000000 :  1 2 3 4 5 6 7 8 9 10 11 12
-GM4  1   1.000 1.000 -1.000 -1.000 -0.000 -0.000 -0.000 1.000 -1.000 -1.000 -0.000 -0.000 -0.000 -1.000 1.000 1.000 -0.000 -0.000 -0.000 -1.000 1.000 1.000 -0.000 -0.000 -0.000 1.000 -1.000 1.000 -0.000 -0.000 -0.000 1.000 -1.000 1.000 -0.000 -0.000 -0.000 -1.000 1.000 -1.000 -0.000 -0.000 -0.000 -1.000 1.000 -1.000 -0.000 -0.000 -0.000 0.000 0.000 -1.000 -1.000 -0.500 -0.500 -0.500 0.000 -1.000 -1.000 -0.500 -0.500 -0.500 -1.000 0.000 0.000 0.500 0.500 0.500 -1.000 0.000 0.000 0.500 0.500 0.500 0.000 -1.000 0.000 -0.500 0.500 -0.500 0.000 -1.000 0.000 -0.500 0.500 -0.500 -1.000 0.000 -1.000 0.500 -0.500 0.500 -1.000 0.000 -1.000 0.500 -0.500 0.500
-GM5  1   1.000 1.000 -1.000 -1.000 -0.000 -0.000 -0.000 1.000 -1.000 -1.000 -0.000 -0.000 -0.000 -1.000 1.000 1.000 -0.000 -0.000 -0.000 -1.000 1.000 1.000 -0.000 -0.000 -0.000 1.000 -1.000 1.000 -0.000 -0.000 -0.000 1.000 -1.000 1.000 -0.000 -0.000 -0.000 -1.000 1.000 -1.000 -0.000 -0.000 -0.000 -1.000 1.000 -1.000 -0.000 -0.000 -0.000 0.000 0.000 -1.000 -1.000 0.500 0.500 0.500 0.000 -1.000 -1.000 0.500 0.500 0.500 -1.000 0.000 0.000 -0.500 -0.500 -0.500 -1.000 0.000 0.000 -0.500 -0.500 -0.500 0.000 -1.000 0.000 0.500 -0.500 0.500 0.000 -1.000 0.000 0.500 -0.500 0.500 -1.000 0.000 -1.000 -0.500 0.500 -0.500 -1.000 0.000 -1.000 -0.500 0.500 -0.500
-GM8  2   2.000 2.000 1.000 1.000 0.000 0.000 0.000 2.000 1.000 1.000 0.000 0.000 0.000 -2.000 -1.000 -1.000 0.000 0.000 0.000 -2.000 -1.000 -1.000 0.000 0.000 0.000 0.000 0.000 0.000 0.000 -1.732 -1.732 0.000 0.000 0.000 0.000 -1.732 -1.732 0.000 0.000 0.000 0.000 1.732 1.732 0.000 0.000 0.000 0.000 1.732 1.732 0.000 0.000 0.000 0.000 0.000 0.000 0.000 0.000 0.000 0.000 0.000 0.000 0.000 -1.000 1.000 1.000 0.000 0.000 0.000 -1.000 1.000 1.000 0.000 0.000 0.000 0.000 0.000 0.000 0.000 1.000 1.000 0.000 0.000 0.000 0.000 1.000 1.000 0.000 0.000 0.000 0.000 0.000 0.000 0.000 0.000 0.000 0.000 0.000 0.000



kpoint  A : 0.000000 0.000000 0.500000 :  1 2 3 4 5 6 7 8 9 10 11 12
-A4A7  2   2.000 2.000 -2.000 -2.000 0.000 0.000 0.000 0.000 0.000 0.000 -0.000 -0.000 -0.000 -2.000 2.000 2.000 0.000 0.000 0.000 0.000 0.000 0.000 -0.000 -0.000 -0.000 0.000 0.000 0.000 0.000 0.000 0.000 0.000 0.000 0.000 0.000 0.000 0.000 0.000 0.000 0.000 0.000 0.000 0.000 0.000 0.000 0.000 0.000 0.000 0.000 0.000 0.000 -1.000 -1.000 0.000 0.000 0.000 0.000 0.000 0.000 -0.500 -0.500 -0.500 -1.000 0.000 0.000 0.000 0.000 0.000 0.000 0.000 0.000 0.500 0.500 0.500 0.000 0.000 0.000 0.000 0.000 0.000 0.000 0.000 0.000 0.000 0.000 0.000 0.000 0.000 0.000 0.000 0.000 0.000 0.000 0.000 0.000 0.000 0.000 0.000
-A5A6  2   2.000 2.000 -2.000 -2.000 0.000 0.000 0.000 0.000 0.000 0.000 -0.000 -0.000 -0.000 -2.000 2.000 2.000 0.000 0.000 0.000 0.000 0.000 0.000 -0.000 -0.000 -0.000 0.000 0.000 0.000 0.000 0.000 0.000 0.000 0.000 0.000 0.000 0.000 0.000 0.000 0.000 0.000 0.000 0.000 0.000 0.000 0.000 0.000 0.000 0.000 0.000 0.000 0.000 -1.000 -1.000 0.000 0.000 0.000 0.000 0.000 0.000 0.500 0.500 0.500 -1.000 0.000 0.000 0.000 0.000 0.000 0.000 0.000 0.000 -0.500 -0.500 -0.500 0.000 0.000 0.000 0.000 0.000 0.000 0.000 0.000 0.000 0.000 0.000 0.000 0.000 0.000 0.000 0.000 0.000 0.000 0.000 0.000 0.000 0.000 0.000 0.000
-A8A9  4   4.000 4.000 2.000 2.000 0.000 0.000 0.000 0.000 0.000 0.000 0.000 0.000 0.000 -4.000 -2.000 -2.000 0.000 0.000 0.000 0.000 0.000 0.000 0.000 0.000 0.000 0.000 0.000 0.000 0.000 0.000 0.000 0.000 0.000 0.000 0.000 0.000 0.000 0.000 0.000 0.000 0.000 0.000 0.000 0.000 0.000 0.000 0.000 0.000 0.000 0.000 0.000 0.000 0.000 0.000 0.000 0.000 0.000 0.000 0.000 0.000 0.000 0.000 -1.000 1.000 1.000 0.000 0.000 0.000 0.000 0.000 0.000 0.000 0.000 0.000 0.000 0.000 0.000 0.000 0.000 0.000 0.000 0.000 0.000 0.000 0.000 0.000 0.000 0.000 0.000 0.000 0.000 0.000 0.000 0.000 0.000 0.000 0.000 0.000



kpoint  H : 0.333333 0.333333 0.500000 :  1 2 3 4 5 6
-H4H4  2   2.000 2.000 -2.000 -2.000 -0.000 -0.000 -0.000 -2.000 2.000 2.000 -0.000 -0.000 -0.000 0.000 0.000 0.000 0.000 0.000 0.000 0.000 0.000 0.000 0.000 0.000 0.000 0.000 0.000 -1.000 -1.000 -0.500 -0.500 -0.500 -1.000 0.000 0.000 0.500 0.500 0.500 0.000 0.000 0.000 0.000 0.000 0.000 0.000 0.000 0.000 0.000 0.000 0.000
-H5H5  2   2.000 2.000 -2.000 -2.000 -0.000 -0.000 -0.000 -2.000 2.000 2.000 -0.000 -0.000 -0.000 0.000 0.000 0.000 0.000 0.000 0.000 0.000 0.000 0.000 0.000 0.000 0.000 0.000 0.000 -1.000 -1.000 0.500 0.500 0.500 -1.000 0.000 0.000 -0.500 -0.500 -0.500 0.000 0.000 0.000 0.000 0.000 0.000 0.000 0.000 0.000 0.000 0.000 0.000
-H6H6  4   4.000 4.000 2.000 2.000 0.000 0.000 0.000 -4.000 -2.000 -2.000 0.000 0.000 0.000 0.000 0.000 0.000 0.000 0.000 0.000 0.000 0.000 0.000 0.000 0.000 0.000 0.000 0.000 0.000 0.000 0.000 0.000 0.000 -1.000 1.000 1.000 0.000 0.000 0.000 0.000 0.000 0.000 0.000 0.000 0.000 0.000 0.000 0.000 0.000 0.000 0.000



kpoint  K : 0.333333 0.333333 0.000000 :  1 2 3 4 5 6
-K4  1   1.000 1.000 -1.000 -1.000 -0.000 -0.000 -0.000 -1.000 1.000 1.000 -0.000 -0.000 -0.000 1.000 -1.000 1.000 -0.000 -0.000 -0.000 -1.000 1.000 -1.000 -0.000 -0.000 -0.000 0.000 0.000 -1.000 -1.000 -0.500 -0.500 -0.500 -1.000 0.000 0.000 0.500 0.500 0.500 0.000 -1.000 0.000 -0.500 0.500 -0.500 -1.000 0.000 -1.000 0.500 -0.500 0.500
-K5  1   1.000 1.000 -1.000 -1.000 -0.000 -0.000 -0.000 -1.000 1.000 1.000 -0.000 -0.000 -0.000 1.000 -1.000 1.000 -0.000 -0.000 -0.000 -1.000 1.000 -1.000 -0.000 -0.000 -0.000 0.000 0.000 -1.000 -1.000 0.500 0.500 0.500 -1.000 0.000 0.000 -0.500 -0.500 -0.500 0.000 -1.000 0.000 0.500 -0.500 0.500 -1.000 0.000 -1.000 -0.500 0.500 -0.500
-K6  2   2.000 2.000 1.000 1.000 0.000 0.000 0.000 -2.000 -1.000 -1.000 0.000 0.000 0.000 0.000 0.000 0.000 0.000 -0.000 -0.000 0.000 0.000 0.000 0.000 -0.000 -0.000 0.000 0.000 0.000 0.000 0.000 0.000 0.000 -1.000 1.000 1.000 0.000 0.000 0.000 0.000 0.000 0.000 0.000 -0.500 -0.500 0.000 0.000 0.000 0.000 0.500 0.500



kpoint  L : 0.500000 0.000000 0.500000 :  1 2 3 4
-L3L6  2   2.000 2.000 0.000 0.000 -0.000 -2.000 0.000 0.000 -0.000 0.000 0.000 0.000 0.000 0.000 0.000 0.000 0.000 0.000 0.000 0.000 0.000 -0.500 -1.000 0.000 0.000 0.500 0.000 0.000 0.000 0.000 0.000 0.000 0.000 0.000
-L4L5  2   2.000 2.000 0.000 0.000 -0.000 -2.000 0.000 0.000 -0.000 0.000 0.000 0.000 0.000 0.000 0.000 0.000 0.000 0.000 0.000 0.000 0.000 0.500 -1.000 0.000 0.000 -0.500 0.000 0.000 0.000 0.000 0.000 0.000 0.000 0.000



kpoint  M : 0.500000 0.000000 0.000000 :  1 2 3 4
-M3  1   1.000 1.000 -0.000 1.000 -0.000 -1.000 -0.000 -1.000 -0.000 1.000 -0.000 1.000 -0.000 -1.000 -0.000 -1.000 -0.000 0.000 0.000 -0.500 0.000 -0.500 -1.000 0.500 -1.000 0.500 0.000 -0.500 0.000 -0.500 -1.000 0.500 -1.000 0.500
-M4  1   1.000 1.000 -0.000 1.000 -0.000 -1.000 -0.000 -1.000 -0.000 1.000 -0.000 1.000 -0.000 -1.000 -0.000 -1.000 -0.000 0.000 0.000 0.500 0.000 0.500 -1.000 -0.500 -1.000 -0.500 0.000 0.500 0.000 0.500 -1.000 -0.500 -1.000 -0.500
