SG=Iba2
 name=45.235
 nsym=4
 spinor=True
symmetries=
        1 0 0   0 1 0   0 0 1   0 0 0    1.0 0.0 0.0 1.0    0.0 0.0 0.0 0.0
      -1 0 0   0 -1 0   0 0 1   0 0 0   1.0 0.0 0.0 1.0    -0.5 0.0 0.0 0.5
 1 0 0   0 -1 0   0 0 1   0 0 0.50000    0.0 1.0 1.0 0.0    0.0 1.0 0.0 0.0
 -1 0 0   0 1 0   0 0 1   0 0 0.50000  0.0 1.0 1.0 0.0    0.0 -0.5 -0.5 0.0


kpoint  GM : 0.000000 0.000000 0.000000 :  1 2 3 4
-GM5  2   2.000 2.000 0.000 0.000 0.000 -2.000 0.000 0.000 0.000 0.000 0.000 0.000 0.000 0.000 -1.000 0.000 0.000 0.000



kpoint  R : 0.000000 0.500000 0.000000 ; R  :  0.5 0.0 0.5 :  1 2
-R3  1   1.000 1.000 1.000 -1.000 -1.000 0.000 0.000 0.000 -1.000 -1.000
-R4  1   1.000 1.000 -1.000 -1.000 1.000 0.000 0.000 -1.000 -1.000 0.000



kpoint  S : 0.500000 0.000000 0.000000 ; S  :  0.0 0.5 0.5 :  1 2
-S3  1   1.000 1.000 1.000 -1.000 -1.000 0.000 0.000 0.000 -1.000 -1.000
-S4  1   1.000 1.000 -1.000 -1.000 1.000 0.000 0.000 -1.000 -1.000 0.000



kpoint  T : 0.000000 0.000000 0.500000 ; T  :  0.5 0.5 0.0 :  1 2
-T3  1   1.000 1.000 -0.000 -1.000 -0.000 0.000 0.000 -0.500 -1.000 0.500
-T4  1   1.000 1.000 -0.000 -1.000 -0.000 0.000 0.000 0.500 -1.000 -0.500



kpoint  W : 0.250000 0.250000 0.250000 ; W  :  0.5 0.5 0.5 :  1 2
-W3  1   1.000 1.000 -0.000 -1.000 -0.000 0.000 0.000 -0.500 -1.000 0.500
-W4  1   1.000 1.000 -0.000 -1.000 -0.000 0.000 0.000 0.500 -1.000 -0.500



kpoint  X : 0.500000 0.500000 0.500000 ; X  :  1.0 1.0 1.0 :  1 2 3 4
-X5  2   2.000 2.000 0.000 0.000 0.000 -2.000 0.000 0.000 0.000 0.000 0.000 0.000 0.000 0.000 -1.000 0.000 0.000 0.000
