SG=P-31c1'
 name=163.80
 nsym=12
 spinor=True
symmetries=
          1 0 0   0 1 0   0 0 1   0 0 0                                 1.0 0.0 0.0 1.0    0.0 0.0 0.0 0.0
        0 -1 0   1 -1 0   0 0 1   0 0 0   1.0 0.0 0.0 1.0    0.3333333333333333 0.0 0.0 0.6666666666666667
        -1 1 0   -1 0 0   0 0 1   0 0 0   1.0 0.0 0.0 1.0    0.6666666666666667 0.0 0.0 0.3333333333333333
 0 -1 0   -1 0 0   0 0 -1   0 0 0.50000  0.0 1.0 1.0 0.0    0.0 0.8333333333333334 0.16666666666666669 0.0
  -1 1 0   0 1 0   0 0 -1   0 0 0.50000                               0.0 1.0 1.0 0.0    0.0 -0.5 -0.5 0.0
  1 0 0   1 -1 0   0 0 -1   0 0 0.50000  0.0 1.0 1.0 0.0    0.0 0.16666666666666669 0.8333333333333334 0.0
       -1 0 0   0 -1 0   0 0 -1   0 0 0                                 1.0 0.0 0.0 1.0    0.0 0.0 0.0 0.0
        0 1 0   -1 1 0   0 0 -1   0 0 0   1.0 0.0 0.0 1.0    0.3333333333333333 0.0 0.0 0.6666666666666667
        1 -1 0   1 0 0   0 0 -1   0 0 0   1.0 0.0 0.0 1.0    0.6666666666666667 0.0 0.0 0.3333333333333333
    0 1 0   1 0 0   0 0 1   0 0 0.50000  0.0 1.0 1.0 0.0    0.0 0.8333333333333334 0.16666666666666669 0.0
  1 -1 0   0 -1 0   0 0 1   0 0 0.50000                               0.0 1.0 1.0 0.0    0.0 -0.5 -0.5 0.0
  -1 0 0   -1 1 0   0 0 1   0 0 0.50000  0.0 1.0 1.0 0.0    0.0 0.16666666666666669 0.8333333333333334 0.0


kpoint  GM : 0.000000 0.000000 0.000000 :  1 2 3 4 5 6 7 8 9 10 11 12
-GM4GM5  2   2.000 2.000 -2.000 -2.000 0.000 0.000 0.000 2.000 -2.000 -2.000 0.000 0.000 0.000 -2.000 2.000 2.000 0.000 0.000 0.000 -2.000 2.000 2.000 0.000 0.000 0.000 0.000 0.000 0.000 0.000 0.000 0.000 0.000 0.000 0.000 0.000 0.000 0.000 0.000 0.000 0.000 0.000 0.000 0.000 0.000 0.000 0.000 0.000 0.000 0.000 0.000 0.000 -1.000 -1.000 0.000 0.000 0.000 0.000 -1.000 -1.000 0.000 0.000 0.000 -1.000 0.000 0.000 0.000 0.000 0.000 -1.000 0.000 0.000 0.000 0.000 0.000 0.000 0.000 0.000 0.000 0.000 0.000 0.000 0.000 0.000 0.000 0.000 0.000 0.000 0.000 0.000 0.000 0.000 0.000 0.000 0.000 0.000 0.000 0.000 0.000
-GM8  2   2.000 2.000 1.000 1.000 0.000 0.000 0.000 2.000 1.000 1.000 0.000 0.000 0.000 -2.000 -1.000 -1.000 0.000 0.000 0.000 -2.000 -1.000 -1.000 0.000 0.000 0.000 0.000 0.000 0.000 2.000 -1.000 -1.000 0.000 0.000 0.000 2.000 -1.000 -1.000 0.000 0.000 0.000 -2.000 1.000 1.000 0.000 0.000 0.000 -2.000 1.000 1.000 0.000 0.000 0.000 0.000 0.000 0.000 0.000 0.000 0.000 0.000 0.000 0.000 0.000 -1.000 1.000 1.000 0.000 0.000 0.000 -1.000 1.000 1.000 0.000 0.000 0.000 0.000 0.000 0.000 0.000 1.000 1.000 0.000 0.000 0.000 0.000 1.000 1.000 0.000 0.000 0.000 -1.000 0.000 0.000 0.000 0.000 0.000 -1.000 0.000 0.000



kpoint  A : 0.000000 0.000000 0.500000 :  1 2 3 4 5 6 7 8 9 10 11 12
-A4A4  4   4.000 4.000 -4.000 -4.000 0.000 0.000 0.000 0.000 0.000 0.000 0.000 0.000 0.000 -4.000 4.000 4.000 0.000 0.000 0.000 0.000 0.000 0.000 0.000 0.000 0.000 0.000 0.000 0.000 0.000 0.000 0.000 0.000 0.000 0.000 0.000 0.000 0.000 0.000 0.000 0.000 0.000 0.000 0.000 0.000 0.000 0.000 0.000 0.000 0.000 0.000 0.000 -1.000 -1.000 0.000 0.000 0.000 0.000 0.000 0.000 0.000 0.000 0.000 -1.000 0.000 0.000 0.000 0.000 0.000 0.000 0.000 0.000 0.000 0.000 0.000 0.000 0.000 0.000 0.000 0.000 0.000 0.000 0.000 0.000 0.000 0.000 0.000 0.000 0.000 0.000 0.000 0.000 0.000 0.000 0.000 0.000 0.000 0.000 0.000
-A5A6  4   4.000 4.000 2.000 2.000 0.000 0.000 0.000 0.000 0.000 0.000 0.000 0.000 0.000 -4.000 -2.000 -2.000 0.000 0.000 0.000 0.000 0.000 0.000 0.000 0.000 0.000 0.000 0.000 0.000 0.000 0.000 0.000 0.000 0.000 0.000 0.000 0.000 0.000 0.000 0.000 0.000 0.000 0.000 0.000 0.000 0.000 0.000 0.000 0.000 0.000 0.000 0.000 0.000 0.000 0.000 0.000 0.000 0.000 0.000 0.000 0.000 0.000 0.000 -1.000 1.000 1.000 0.000 0.000 0.000 0.000 0.000 0.000 0.000 0.000 0.000 0.000 0.000 0.000 0.000 0.000 0.000 0.000 0.000 0.000 0.000 0.000 0.000 0.000 0.000 0.000 0.000 0.000 0.000 0.000 0.000 0.000 0.000 0.000 0.000



kpoint  H : 0.333333 0.333333 0.500000 :  1 2 3 4 5 6
-H4H5  2   2.000 2.000 -2.000 -2.000 0.000 0.000 0.000 -2.000 2.000 2.000 0.000 0.000 0.000 0.000 0.000 0.000 0.000 0.000 0.000 0.000 0.000 0.000 0.000 0.000 0.000 0.000 0.000 -1.000 -1.000 0.000 0.000 0.000 -1.000 0.000 0.000 0.000 0.000 0.000 0.000 0.000 0.000 0.000 0.000 0.000 0.000 0.000 0.000 0.000 0.000 0.000
-H6  2   2.000 2.000 1.000 1.000 0.000 0.000 0.000 -2.000 -1.000 -1.000 0.000 0.000 0.000 0.000 -0.000 -0.000 0.000 0.000 0.000 0.000 -0.000 -0.000 0.000 0.000 0.000 0.000 0.000 0.000 0.000 0.000 0.000 0.000 -1.000 1.000 1.000 0.000 0.000 0.000 0.000 0.500 -0.500 0.000 0.000 0.000 0.000 -0.500 0.500 0.000 0.000 0.000



kpoint  K : 0.333333 0.333333 0.000000 :  1 2 3 4 5 6
-K4K5  2   2.000 2.000 -2.000 -2.000 0.000 0.000 0.000 -2.000 2.000 2.000 0.000 0.000 0.000 0.000 0.000 0.000 0.000 0.000 0.000 0.000 0.000 0.000 0.000 0.000 0.000 0.000 0.000 -1.000 -1.000 0.000 0.000 0.000 -1.000 0.000 0.000 0.000 0.000 0.000 0.000 0.000 0.000 0.000 0.000 0.000 0.000 0.000 0.000 0.000 0.000 0.000
-K6  2   2.000 2.000 1.000 1.000 0.000 0.000 0.000 -2.000 -1.000 -1.000 0.000 0.000 0.000 2.000 -1.000 -1.000 0.000 0.000 0.000 -2.000 1.000 1.000 0.000 0.000 0.000 0.000 0.000 0.000 0.000 0.000 0.000 0.000 -1.000 1.000 1.000 0.000 0.000 0.000 0.000 1.000 1.000 0.000 0.000 0.000 -1.000 0.000 0.000 0.000 0.000 0.000



kpoint  L : 0.500000 0.000000 0.500000 :  1 2 3 4
-L2L2  4   4.000 4.000 0.000 0.000 0.000 -4.000 0.000 0.000 0.000 0.000 0.000 0.000 0.000 0.000 0.000 0.000 0.000 0.000 0.000 0.000 0.000 0.000 -1.000 0.000 0.000 0.000 0.000 0.000 0.000 0.000 0.000 0.000 0.000 0.000



kpoint  M : 0.500000 0.000000 0.000000 :  1 2 3 4
-M3M4  2   2.000 2.000 0.000 2.000 0.000 -2.000 0.000 -2.000 0.000 0.000 0.000 0.000 0.000 0.000 0.000 0.000 0.000 0.000 0.000 0.000 0.000 0.000 -1.000 0.000 -1.000 0.000 0.000 0.000 0.000 0.000 0.000 0.000 0.000 0.000
