SG=Fd-31'
 name=203.27
 nsym=24
 spinor=True
symmetries=
               1 0 0   0 1 0   0 0 1   0 0 0                                                                                                                            1.0 0.0 0.0 1.0    0.0 0.0 0.0 0.0
 -1 0 0   0 -1 0   0 0 1   0.25000 0.25000 0                                                                                                                           1.0 0.0 0.0 1.0    -0.5 0.0 0.0 0.5
 -1 0 0   0 1 0   0 0 -1   0.25000 0 0.25000                                                                                                                            0.0 1.0 1.0 0.0    0.0 1.0 0.0 0.0
 1 0 0   0 -1 0   0 0 -1   0 0.25000 0.25000                                                                                                                          0.0 1.0 1.0 0.0    0.0 -0.5 -0.5 0.0
               0 0 1   1 0 0   0 1 0   0 0 0  0.7071067811865476 0.7071067811865476 0.7071067811865476 0.7071067811865476    -0.7853981633974483 -2.356194490192345 -0.7853981633974483 0.7853981633974483
 0 0 1   -1 0 0   0 -1 0   0 0.25000 0.25000    0.7071067811865476 0.7071067811865476 0.7071067811865476 0.7071067811865476    0.7853981633974483 2.356194490192345 0.7853981633974483 -0.7853981633974483
 0 0 -1   -1 0 0   0 1 0   0.25000 0.25000 0  0.7071067811865476 0.7071067811865476 0.7071067811865476 0.7071067811865476    0.7853981633974483 -0.7853981633974483 -2.356194490192345 -0.7853981633974483
 0 0 -1   1 0 0   0 -1 0   0.25000 0 0.25000    0.7071067811865476 0.7071067811865476 0.7071067811865476 0.7071067811865476    -0.7853981633974483 0.7853981633974483 2.356194490192345 0.7853981633974483
               0 1 0   0 0 1   1 0 0   0 0 0    0.7071067811865476 0.7071067811865476 0.7071067811865476 0.7071067811865476    0.7853981633974483 0.7853981633974483 2.356194490192345 -0.7853981633974483
 0 -1 0   0 0 1   -1 0 0   0.25000 0 0.25000    0.7071067811865476 0.7071067811865476 0.7071067811865476 0.7071067811865476    -0.7853981633974483 2.356194490192345 0.7853981633974483 0.7853981633974483
 0 1 0   0 0 -1   -1 0 0   0 0.25000 0.25000  0.7071067811865476 0.7071067811865476 0.7071067811865476 0.7071067811865476    0.7853981633974483 -2.356194490192345 -0.7853981633974483 -0.7853981633974483
 0 -1 0   0 0 -1   1 0 0   0.25000 0.25000 0  0.7071067811865476 0.7071067811865476 0.7071067811865476 0.7071067811865476    -0.7853981633974483 -0.7853981633974483 -2.356194490192345 0.7853981633974483
            -1 0 0   0 -1 0   0 0 -1   0 0 0                                                                                                                            1.0 0.0 0.0 1.0    0.0 0.0 0.0 0.0
  1 0 0   0 1 0   0 0 -1   0.25000 0.25000 0                                                                                                                           1.0 0.0 0.0 1.0    -0.5 0.0 0.0 0.5
  1 0 0   0 -1 0   0 0 1   0.25000 0 0.25000                                                                                                                            0.0 1.0 1.0 0.0    0.0 1.0 0.0 0.0
  -1 0 0   0 1 0   0 0 1   0 0.25000 0.25000                                                                                                                          0.0 1.0 1.0 0.0    0.0 -0.5 -0.5 0.0
            0 0 -1   -1 0 0   0 -1 0   0 0 0  0.7071067811865476 0.7071067811865476 0.7071067811865476 0.7071067811865476    -0.7853981633974483 -2.356194490192345 -0.7853981633974483 0.7853981633974483
  0 0 -1   1 0 0   0 1 0   0 0.25000 0.25000    0.7071067811865476 0.7071067811865476 0.7071067811865476 0.7071067811865476    0.7853981633974483 2.356194490192345 0.7853981633974483 -0.7853981633974483
  0 0 1   1 0 0   0 -1 0   0.25000 0.25000 0  0.7071067811865476 0.7071067811865476 0.7071067811865476 0.7071067811865476    0.7853981633974483 -0.7853981633974483 -2.356194490192345 -0.7853981633974483
  0 0 1   -1 0 0   0 1 0   0.25000 0 0.25000    0.7071067811865476 0.7071067811865476 0.7071067811865476 0.7071067811865476    -0.7853981633974483 0.7853981633974483 2.356194490192345 0.7853981633974483
            0 -1 0   0 0 -1   -1 0 0   0 0 0    0.7071067811865476 0.7071067811865476 0.7071067811865476 0.7071067811865476    0.7853981633974483 0.7853981633974483 2.356194490192345 -0.7853981633974483
  0 1 0   0 0 -1   1 0 0   0.25000 0 0.25000    0.7071067811865476 0.7071067811865476 0.7071067811865476 0.7071067811865476    -0.7853981633974483 2.356194490192345 0.7853981633974483 0.7853981633974483
  0 -1 0   0 0 1   1 0 0   0 0.25000 0.25000  0.7071067811865476 0.7071067811865476 0.7071067811865476 0.7071067811865476    0.7853981633974483 -2.356194490192345 -0.7853981633974483 -0.7853981633974483
  0 1 0   0 0 1   -1 0 0   0.25000 0.25000 0  0.7071067811865476 0.7071067811865476 0.7071067811865476 0.7071067811865476    -0.7853981633974483 -0.7853981633974483 -2.356194490192345 0.7853981633974483


kpoint  GM : 0.000000 0.000000 0.000000 :  1 2 3 4 5 6 7 8 9 10 11 12 13 14 15 16 17 18 19 20 21 22 23 24
-GM5  2   2.000 2.000 0.000 0.000 0.000 -1.105 -1.105 -1.105 -1.105 -1.105 -1.105 -1.105 -1.105 2.000 0.000 0.000 0.000 -1.105 -1.105 -1.105 -1.105 -1.105 -1.105 -1.105 -1.105 -2.000 0.000 0.000 0.000 0.617 0.617 0.617 0.617 0.617 0.617 0.617 0.617 -2.000 0.000 0.000 0.000 0.617 0.617 0.617 0.617 0.617 0.617 0.617 0.617 0.000 0.000 2.000 0.000 -1.105 -1.105 0.617 0.617 0.617 -1.105 -1.105 0.617 0.000 0.000 2.000 0.000 -1.105 -1.105 0.617 0.617 0.617 -1.105 -1.105 0.617 0.000 0.000 -2.000 0.000 0.617 0.617 -1.105 -1.105 -1.105 0.617 0.617 -1.105 0.000 0.000 -2.000 0.000 0.617 0.617 -1.105 -1.105 -1.105 0.617 0.617 -1.105 0.000 0.000 0.000 0.000 0.000 1.000 1.000 1.000 1.000 1.000 1.000 1.000 1.000 0.000 0.000 0.000 0.000 1.000 1.000 1.000 1.000 1.000 1.000 1.000 1.000 -1.000 0.000 0.000 0.000 0.000 0.000 0.000 0.000 0.000 0.000 0.000 0.000 -1.000 0.000 0.000 0.000 0.000 0.000 0.000 0.000 0.000 0.000 0.000 0.000 0.000 0.000 0.000 0.000 1.000 1.000 0.000 0.000 0.000 1.000 1.000 0.000 0.000 0.000 0.000 0.000 1.000 1.000 0.000 0.000 0.000 1.000 1.000 0.000 0.000 0.000 -1.000 0.000 0.000 0.000 1.000 1.000 1.000 0.000 0.000 1.000 0.000 0.000 -1.000 0.000 0.000 0.000 1.000 1.000 1.000 0.000 0.000 1.000
-GM6GM7  4   4.000 4.000 0.000 0.000 0.000 -2.113 -2.113 -2.113 -2.113 -2.113 -2.113 -2.113 -2.113 4.000 0.000 0.000 0.000 -2.113 -2.113 -2.113 -2.113 -2.113 -2.113 -2.113 -2.113 -4.000 0.000 0.000 0.000 2.185 2.185 2.185 2.185 2.185 2.185 2.185 2.185 -4.000 0.000 0.000 0.000 2.185 2.185 2.185 2.185 2.185 2.185 2.185 2.185 0.000 0.000 0.000 0.000 0.000 0.000 0.000 0.000 0.000 0.000 0.000 0.000 0.000 0.000 0.000 0.000 0.000 0.000 0.000 0.000 0.000 0.000 0.000 0.000 0.000 0.000 0.000 0.000 0.000 0.000 0.000 0.000 0.000 0.000 0.000 0.000 0.000 0.000 0.000 0.000 0.000 0.000 0.000 0.000 0.000 0.000 0.000 0.000 0.000 0.000 0.000 0.000 0.000 1.000 1.000 1.000 1.000 1.000 1.000 1.000 1.000 0.000 0.000 0.000 0.000 1.000 1.000 1.000 1.000 1.000 1.000 1.000 1.000 -1.000 0.000 0.000 0.000 0.000 0.000 0.000 0.000 0.000 0.000 0.000 0.000 -1.000 0.000 0.000 0.000 0.000 0.000 0.000 0.000 0.000 0.000 0.000 0.000 0.000 0.000 0.000 0.000 0.000 0.000 0.000 0.000 0.000 0.000 0.000 0.000 0.000 0.000 0.000 0.000 0.000 0.000 0.000 0.000 0.000 0.000 0.000 0.000 0.000 0.000 0.000 0.000 0.000 0.000 0.000 0.000 0.000 0.000 0.000 0.000 0.000 0.000 0.000 0.000 0.000 0.000 0.000 0.000 0.000 0.000 0.000 0.000



kpoint  L : 0.500000 0.500000 0.500000 ; L  :  0.5 0.5 0.5 :  1 2 3 4 5 6
-L4L4  2   2.000 2.000 -2.000 -2.000 2.000 -2.000 -2.000 -2.000 2.000 2.000 -2.000 2.000 2.000 0.000 0.000 0.000 0.000 0.000 0.000 0.000 0.000 0.000 0.000 0.000 0.000 0.000 0.000 -1.000 -1.000 0.000 -1.000 -1.000 -1.000 0.000 0.000 -1.000 0.000 0.000 0.000 0.000 0.000 0.000 0.000 0.000 0.000 0.000 0.000 0.000 0.000 0.000
-L5L6  2   2.000 2.000 1.000 1.000 2.000 1.000 1.000 -2.000 -1.000 -1.000 -2.000 -1.000 -1.000 0.000 0.000 0.000 0.000 0.000 0.000 0.000 0.000 0.000 0.000 0.000 0.000 0.000 0.000 0.000 0.000 0.000 0.000 0.000 -1.000 1.000 1.000 -1.000 1.000 1.000 0.000 0.000 0.000 0.000 0.000 0.000 0.000 0.000 0.000 0.000 0.000 0.000



kpoint  W : 0.500000 0.250000 0.750000 ; W  :  0.5 1.0 0.0 :  1 2 3 4
-W2W4  2   2.000 2.000 -0.000 0.000 0.000 -2.000 -0.000 0.000 0.000 0.000 0.000 0.000 0.000 0.000 0.000 0.000 0.000 0.000 0.000 -0.500 0.000 0.000 -1.000 0.500 0.000 0.000 0.000 0.000 0.000 0.000 0.000 0.000 0.000 0.000
-W3W5  2   2.000 2.000 -0.000 0.000 0.000 -2.000 -0.000 0.000 0.000 0.000 0.000 0.000 0.000 0.000 0.000 0.000 0.000 0.000 0.000 0.500 0.000 0.000 -1.000 -0.500 0.000 0.000 0.000 0.000 0.000 0.000 0.000 0.000 0.000 0.000



kpoint  X : 0.500000 0.000000 0.500000 ; X  :  0.0 1.0 0.0 :  1 2 3 4 5 6 7 8
-X3X4  4   4.000 4.000 0.000 0.000 0.000 0.000 0.000 0.000 0.000 -4.000 0.000 0.000 0.000 0.000 0.000 0.000 0.000 0.000 0.000 0.000 0.000 0.000 0.000 0.000 0.000 0.000 0.000 0.000 0.000 0.000 0.000 0.000 0.000 0.000 0.000 0.000 0.000 0.000 0.000 0.000 0.000 0.000 -1.000 0.000 0.000 0.000 0.000 0.000 0.000 0.000 0.000 0.000 0.000 0.000 0.000 0.000 0.000 0.000 0.000 0.000 0.000 0.000 0.000 0.000 0.000 0.000
