SG=P4/mc'c'
 name=124.357
 nsym=8
 spinor=True
symmetries=
    1 0 0   0 1 0   0 0 1   0 0 0    1.0 0.0 0.0 1.0    0.0 0.0 0.0 0.0
  -1 0 0   0 -1 0   0 0 1   0 0 0   1.0 0.0 0.0 1.0    -0.5 0.0 0.0 0.5
   0 -1 0   1 0 0   0 0 1   0 0 0  1.0 0.0 0.0 1.0    0.75 0.0 0.0 0.25
   0 1 0   -1 0 0   0 0 1   0 0 0  1.0 0.0 0.0 1.0    0.25 0.0 0.0 0.75
 -1 0 0   0 -1 0   0 0 -1   0 0 0    1.0 0.0 0.0 1.0    0.0 0.0 0.0 0.0
   1 0 0   0 1 0   0 0 -1   0 0 0   1.0 0.0 0.0 1.0    -0.5 0.0 0.0 0.5
  0 1 0   -1 0 0   0 0 -1   0 0 0  1.0 0.0 0.0 1.0    0.75 0.0 0.0 0.25
  0 -1 0   1 0 0   0 0 -1   0 0 0  1.0 0.0 0.0 1.0    0.25 0.0 0.0 0.75


 kpoint  GM : 0.000000 0.000000 0.000000  : 1 2 3 4 5 6 7 8
-GM10  1    1.000 1.000 1.000 1.000 1.000 1.000 1.000 1.000 1.000 1.000 1.000 1.000 1.000 1.000 1.000 1.000 0.000 -0.500 -0.250 0.250 -1.000 0.500 0.750 -0.750 0.000 0.500 0.250 -0.250 -1.000 -0.500 -0.750 0.750
-GM11  1    1.000 1.000 1.000 1.000 1.000 1.000 1.000 1.000 1.000 1.000 1.000 1.000 1.000 1.000 1.000 1.000 0.000 0.500 -0.750 0.750 -1.000 -0.500 0.250 -0.250 0.000 -0.500 0.750 -0.750 -1.000 0.500 -0.250 0.250
-GM12  1    1.000 1.000 1.000 1.000 1.000 1.000 1.000 1.000 1.000 1.000 1.000 1.000 1.000 1.000 1.000 1.000 0.000 0.500 0.250 -0.250 -1.000 -0.500 -0.750 0.750 0.000 -0.500 -0.250 0.250 -1.000 0.500 0.750 -0.750
-GM5  1    1.000 1.000 1.000 1.000 1.000 1.000 1.000 1.000 1.000 1.000 1.000 1.000 1.000 1.000 1.000 1.000 0.000 -0.500 0.750 -0.750 0.000 -0.500 0.750 -0.750 0.000 0.500 -0.750 0.750 0.000 0.500 -0.750 0.750
-GM6  1    1.000 1.000 1.000 1.000 1.000 1.000 1.000 1.000 1.000 1.000 1.000 1.000 1.000 1.000 1.000 1.000 0.000 -0.500 -0.250 0.250 0.000 -0.500 -0.250 0.250 0.000 0.500 0.250 -0.250 0.000 0.500 0.250 -0.250
-GM7  1    1.000 1.000 1.000 1.000 1.000 1.000 1.000 1.000 1.000 1.000 1.000 1.000 1.000 1.000 1.000 1.000 0.000 0.500 -0.750 0.750 0.000 0.500 -0.750 0.750 0.000 -0.500 0.750 -0.750 0.000 -0.500 0.750 -0.750
-GM8  1    1.000 1.000 1.000 1.000 1.000 1.000 1.000 1.000 1.000 1.000 1.000 1.000 1.000 1.000 1.000 1.000 0.000 0.500 0.250 -0.250 0.000 0.500 0.250 -0.250 0.000 -0.500 -0.250 0.250 0.000 -0.500 -0.250 0.250
-GM9  1    1.000 1.000 1.000 1.000 1.000 1.000 1.000 1.000 1.000 1.000 1.000 1.000 1.000 1.000 1.000 1.000 0.000 -0.500 0.750 -0.750 -1.000 0.500 -0.250 0.250 0.000 0.500 -0.750 0.750 -1.000 -0.500 0.250 -0.250



 kpoint  A : 0.500000 0.500000 0.500000  : 1 2 3 4 5 6 7 8
-A10A6  2    2.000 2.000 2.000 2.000 0.000 0.000 0.000 0.000 0.000 0.000 0.000 0.000 0.000 0.000 0.000 0.000 0.000 -0.500 -0.250 0.250 0.000 0.000 0.000 0.000 0.000 0.000 0.000 0.000 0.000 0.000 0.000 0.000
-A11A7  2    2.000 2.000 2.000 2.000 0.000 0.000 0.000 0.000 0.000 0.000 0.000 0.000 0.000 0.000 0.000 0.000 0.000 0.500 -0.750 0.750 0.000 0.000 0.000 0.000 0.000 0.000 0.000 0.000 0.000 0.000 0.000 0.000
-A12A8  2    2.000 2.000 2.000 2.000 0.000 0.000 0.000 0.000 0.000 0.000 0.000 0.000 0.000 0.000 0.000 0.000 0.000 0.500 0.250 -0.250 0.000 0.000 0.000 0.000 0.000 0.000 0.000 0.000 0.000 0.000 0.000 0.000
-A5A9  2    2.000 2.000 2.000 2.000 0.000 0.000 0.000 0.000 0.000 0.000 0.000 0.000 0.000 0.000 0.000 0.000 0.000 -0.500 0.750 -0.750 0.000 0.000 0.000 0.000 0.000 0.000 0.000 0.000 0.000 0.000 0.000 0.000



 kpoint  M : 0.500000 0.500000 0.000000  : 1 2 3 4 5 6 7 8
-M10  1    1.000 1.000 1.000 1.000 1.000 1.000 1.000 1.000 1.000 1.000 1.000 1.000 1.000 1.000 1.000 1.000 0.000 -0.500 -0.250 0.250 -1.000 0.500 0.750 -0.750 0.000 0.500 0.250 -0.250 -1.000 -0.500 -0.750 0.750
-M11  1    1.000 1.000 1.000 1.000 1.000 1.000 1.000 1.000 1.000 1.000 1.000 1.000 1.000 1.000 1.000 1.000 0.000 0.500 -0.750 0.750 -1.000 -0.500 0.250 -0.250 0.000 -0.500 0.750 -0.750 -1.000 0.500 -0.250 0.250
-M12  1    1.000 1.000 1.000 1.000 1.000 1.000 1.000 1.000 1.000 1.000 1.000 1.000 1.000 1.000 1.000 1.000 0.000 0.500 0.250 -0.250 -1.000 -0.500 -0.750 0.750 0.000 -0.500 -0.250 0.250 -1.000 0.500 0.750 -0.750
-M5  1    1.000 1.000 1.000 1.000 1.000 1.000 1.000 1.000 1.000 1.000 1.000 1.000 1.000 1.000 1.000 1.000 0.000 -0.500 0.750 -0.750 0.000 -0.500 0.750 -0.750 0.000 0.500 -0.750 0.750 0.000 0.500 -0.750 0.750
-M6  1    1.000 1.000 1.000 1.000 1.000 1.000 1.000 1.000 1.000 1.000 1.000 1.000 1.000 1.000 1.000 1.000 0.000 -0.500 -0.250 0.250 0.000 -0.500 -0.250 0.250 0.000 0.500 0.250 -0.250 0.000 0.500 0.250 -0.250
-M7  1    1.000 1.000 1.000 1.000 1.000 1.000 1.000 1.000 1.000 1.000 1.000 1.000 1.000 1.000 1.000 1.000 0.000 0.500 -0.750 0.750 0.000 0.500 -0.750 0.750 0.000 -0.500 0.750 -0.750 0.000 -0.500 0.750 -0.750
-M8  1    1.000 1.000 1.000 1.000 1.000 1.000 1.000 1.000 1.000 1.000 1.000 1.000 1.000 1.000 1.000 1.000 0.000 0.500 0.250 -0.250 0.000 0.500 0.250 -0.250 0.000 -0.500 -0.250 0.250 0.000 -0.500 -0.250 0.250
-M9  1    1.000 1.000 1.000 1.000 1.000 1.000 1.000 1.000 1.000 1.000 1.000 1.000 1.000 1.000 1.000 1.000 0.000 -0.500 0.750 -0.750 -1.000 0.500 -0.250 0.250 0.000 0.500 -0.750 0.750 -1.000 -0.500 0.250 -0.250



 kpoint  R : 0.000000 0.500000 0.500000  : 1 2 5 6
-R3R5  2    2.000 2.000 0.000 0.000 0.000 0.000 0.000 0.000 0.000 -0.500 0.000 0.000 0.000 0.000 0.000 0.000
-R4R6  2    2.000 2.000 0.000 0.000 0.000 0.000 0.000 0.000 0.000 0.500 0.000 0.000 0.000 0.000 0.000 0.000



 kpoint  X : 0.000000 0.500000 0.000000  : 1 2 5 6
-X3  1    1.000 1.000 1.000 1.000 1.000 1.000 1.000 1.000 0.000 -0.500 0.000 -0.500 -0.750 -0.250 -0.750 -0.250
-X4  1    1.000 1.000 1.000 1.000 1.000 1.000 1.000 1.000 0.000 0.500 0.000 0.500 0.750 0.250 0.750 0.250
-X5  1    1.000 1.000 1.000 1.000 1.000 1.000 1.000 1.000 0.000 -0.500 -1.000 0.500 -0.750 -0.250 0.250 0.750
-X6  1    1.000 1.000 1.000 1.000 1.000 1.000 1.000 1.000 0.000 0.500 -1.000 -0.500 0.750 0.250 -0.250 -0.750



 kpoint  Z : 0.000000 0.000000 0.500000  : 1 2 3 4 5 6 7 8
-Z10Z6  2    2.000 2.000 2.000 2.000 0.000 0.000 0.000 0.000 0.000 0.000 0.000 0.000 0.000 0.000 0.000 0.000 0.000 -0.500 -0.250 0.250 0.000 0.000 0.000 0.000 0.000 0.000 0.000 0.000 0.000 0.000 0.000 0.000
-Z11Z7  2    2.000 2.000 2.000 2.000 0.000 0.000 0.000 0.000 0.000 0.000 0.000 0.000 0.000 0.000 0.000 0.000 0.000 0.500 -0.750 0.750 0.000 0.000 0.000 0.000 0.000 0.000 0.000 0.000 0.000 0.000 0.000 0.000
-Z12Z8  2    2.000 2.000 2.000 2.000 0.000 0.000 0.000 0.000 0.000 0.000 0.000 0.000 0.000 0.000 0.000 0.000 0.000 0.500 0.250 -0.250 0.000 0.000 0.000 0.000 0.000 0.000 0.000 0.000 0.000 0.000 0.000 0.000
-Z5Z9  2    2.000 2.000 2.000 2.000 0.000 0.000 0.000 0.000 0.000 0.000 0.000 0.000 0.000 0.000 0.000 0.000 0.000 -0.500 0.750 -0.750 0.000 0.000 0.000 0.000 0.000 0.000 0.000 0.000 0.000 0.000 0.000 0.000
