SG=Pmn'a'
 name=53.327
 nsym=4
 spinor=False
symmetries=
    1 0 0   0 1 0   0 0 1   0 0 0
  1 0 0   0 -1 0   0 0 -1   0 0 0
 -1 0 0   0 -1 0   0 0 -1   0 0 0
   -1 0 0   0 1 0   0 0 1   0 0 0


kpoint  GM : 0.000000 0.000000 0.000000 :  1 2 3 4
GM1+  1   1.000 1.000 1.000 1.000 1.000 1.000 1.000 1.000 1.000 1.000 1.000 1.000 1.000 1.000 1.000 1.000 1.000
GM1-  1   1.000 1.000 1.000 -1.000 -1.000 1.000 1.000 -1.000 -1.000 1.000 1.000 -1.000 -1.000 1.000 1.000 -1.000 -1.000 0.000 0.000 0.000 -1.000 -1.000 0.000 0.000 -1.000 -1.000 0.000 0.000 -1.000 -1.000 0.000 0.000 -1.000 -1.000
GM2+  1   1.000 1.000 -1.000 1.000 -1.000 1.000 -1.000 1.000 -1.000 1.000 -1.000 1.000 -1.000 1.000 -1.000 1.000 -1.000 0.000 0.000 -1.000 0.000 -1.000 0.000 -1.000 0.000 -1.000 0.000 -1.000 0.000 -1.000 0.000 -1.000 0.000 -1.000
GM2-  1   1.000 1.000 -1.000 -1.000 1.000 1.000 -1.000 -1.000 1.000 1.000 -1.000 -1.000 1.000 1.000 -1.000 -1.000 1.000 0.000 0.000 -1.000 -1.000 0.000 0.000 -1.000 -1.000 0.000 0.000 -1.000 -1.000 0.000 0.000 -1.000 -1.000 0.000
GM5  1   1.000 1.000 -0.000 -1.000 -0.000 -1.000 -0.000 1.000 -0.000 1.000 -0.000 -1.000 -0.000 -1.000 -0.000 1.000 -0.000 0.000 0.000 -0.500 -1.000 0.500 -1.000 0.500 0.000 -0.500 0.000 0.500 -1.000 -0.500 -1.000 -0.500 0.000 0.500
GM6  1   1.000 1.000 -0.000 -1.000 -0.000 -1.000 -0.000 1.000 -0.000 1.000 -0.000 -1.000 -0.000 -1.000 -0.000 1.000 -0.000 0.000 0.000 0.500 -1.000 -0.500 -1.000 -0.500 0.000 0.500 0.000 -0.500 -1.000 0.500 -1.000 0.500 0.000 -0.500



kpoint  R : 0.500000 0.500000 0.500000 ; E  :  -0.5 0.5 0.5 :  1 2 3 4
(R)E1+E2+  2   2.000 2.000 0.000 2.000 0.000 2.000 0.000 2.000 0.000 0.000 0.000 0.000 0.000 0.000 0.000 0.000 0.000
(R)E1-E2-  2   2.000 2.000 0.000 -2.000 0.000 2.000 0.000 -2.000 0.000 0.000 0.000 0.000 0.000 0.000 0.000 0.000 0.000 0.000 0.000 0.000 -1.000 0.000 0.000 0.000 -1.000 0.000 0.000 0.000 0.000 0.000 0.000 0.000 0.000 0.000
(R)E5E6  2   2.000 2.000 0.000 -2.000 0.000 -2.000 0.000 2.000 0.000 0.000 0.000 0.000 0.000 0.000 0.000 0.000 0.000 0.000 0.000 0.000 -1.000 0.000 -1.000 0.000 0.000 0.000 0.000 0.000 0.000 0.000 0.000 0.000 0.000 0.000



kpoint  S : 0.500000 0.500000 0.000000 ; C  :  -0.5 0.5 0.0 :  1 2 3 4
(S)C1-C1+  2   2.000 2.000 2.000 0.000 0.000 2.000 2.000 0.000 0.000 0.000 0.000 0.000 0.000 0.000 0.000 0.000 0.000
(S)C2-C2+  2   2.000 2.000 -2.000 0.000 0.000 2.000 -2.000 0.000 0.000 0.000 0.000 0.000 0.000 0.000 0.000 0.000 0.000 0.000 0.000 -1.000 0.000 0.000 0.000 -1.000 0.000 0.000 0.000 0.000 0.000 0.000 0.000 0.000 0.000 0.000



kpoint  T : 0.000000 0.500000 0.500000 ; A  :  -0.5 0.0 0.5 :  1 2 3 4
(T)A1+A2-  2   2.000 2.000 0.000 0.000 2.000 2.000 0.000 0.000 2.000 0.000 0.000 0.000 0.000 0.000 0.000 0.000 0.000
(T)A1-A2+  2   2.000 2.000 0.000 0.000 -2.000 2.000 0.000 0.000 -2.000 0.000 0.000 0.000 0.000 0.000 0.000 0.000 0.000 0.000 0.000 0.000 0.000 -1.000 0.000 0.000 0.000 -1.000 0.000 0.000 0.000 0.000 0.000 0.000 0.000 0.000



kpoint  U : 0.500000 0.000000 0.500000 ; D  :  0.0 0.5 0.5 :  1 2 3 4
(U)D1+D2+  2   2.000 2.000 0.000 2.000 0.000 2.000 0.000 2.000 0.000 0.000 0.000 0.000 0.000 0.000 0.000 0.000 0.000
(U)D1-D2-  2   2.000 2.000 0.000 -2.000 0.000 2.000 0.000 -2.000 0.000 0.000 0.000 0.000 0.000 0.000 0.000 0.000 0.000 0.000 0.000 0.000 -1.000 0.000 0.000 0.000 -1.000 0.000 0.000 0.000 0.000 0.000 0.000 0.000 0.000 0.000
(U)D5D6  2   2.000 2.000 0.000 -2.000 0.000 -2.000 0.000 2.000 0.000 0.000 0.000 0.000 0.000 0.000 0.000 0.000 0.000 0.000 0.000 0.000 -1.000 0.000 -1.000 0.000 0.000 0.000 0.000 0.000 0.000 0.000 0.000 0.000 0.000 0.000



kpoint  X : 0.500000 0.000000 0.000000 ; Z  :  0.0 0.5 0.0 :  1 2 3 4
(X)Z1-Z1+  2   2.000 2.000 2.000 0.000 0.000 2.000 2.000 0.000 0.000 0.000 0.000 0.000 0.000 0.000 0.000 0.000 0.000
(X)Z2-Z2+  2   2.000 2.000 -2.000 0.000 0.000 2.000 -2.000 0.000 0.000 0.000 0.000 0.000 0.000 0.000 0.000 0.000 0.000 0.000 0.000 -1.000 0.000 0.000 0.000 -1.000 0.000 0.000 0.000 0.000 0.000 0.000 0.000 0.000 0.000 0.000



kpoint  Y : 0.000000 0.500000 0.000000 ; Y  :  -0.5 0.0 0.0 :  1 2 3 4
Y1+  1   1.000 1.000 1.000 1.000 1.000 1.000 1.000 1.000 1.000 1.000 1.000 1.000 1.000 1.000 1.000 1.000 1.000
Y1-  1   1.000 1.000 1.000 -1.000 -1.000 1.000 1.000 -1.000 -1.000 1.000 1.000 -1.000 -1.000 1.000 1.000 -1.000 -1.000 0.000 0.000 0.000 -1.000 -1.000 0.000 0.000 -1.000 -1.000 0.000 0.000 -1.000 -1.000 0.000 0.000 -1.000 -1.000
Y2+  1   1.000 1.000 -1.000 1.000 -1.000 1.000 -1.000 1.000 -1.000 1.000 -1.000 1.000 -1.000 1.000 -1.000 1.000 -1.000 0.000 0.000 -1.000 0.000 -1.000 0.000 -1.000 0.000 -1.000 0.000 -1.000 0.000 -1.000 0.000 -1.000 0.000 -1.000
Y2-  1   1.000 1.000 -1.000 -1.000 1.000 1.000 -1.000 -1.000 1.000 1.000 -1.000 -1.000 1.000 1.000 -1.000 -1.000 1.000 0.000 0.000 -1.000 -1.000 0.000 0.000 -1.000 -1.000 0.000 0.000 -1.000 -1.000 0.000 0.000 -1.000 -1.000 0.000
Y5  1   1.000 1.000 -0.000 -1.000 -0.000 -1.000 -0.000 1.000 -0.000 1.000 -0.000 -1.000 -0.000 -1.000 -0.000 1.000 -0.000 0.000 0.000 -0.500 -1.000 0.500 -1.000 0.500 0.000 -0.500 0.000 0.500 -1.000 -0.500 -1.000 -0.500 0.000 0.500
Y6  1   1.000 1.000 -0.000 -1.000 -0.000 -1.000 -0.000 1.000 -0.000 1.000 -0.000 -1.000 -0.000 -1.000 -0.000 1.000 -0.000 0.000 0.000 0.500 -1.000 -0.500 -1.000 -0.500 0.000 0.500 0.000 -0.500 -1.000 0.500 -1.000 0.500 0.000 -0.500



kpoint  Z : 0.000000 0.000000 0.500000 ; B  :  0.0 0.0 0.5 :  1 2 3 4
(Z)B1+B2-  2   2.000 2.000 0.000 0.000 2.000 2.000 0.000 0.000 2.000 0.000 0.000 0.000 0.000 0.000 0.000 0.000 0.000
(Z)B1-B2+  2   2.000 2.000 0.000 0.000 -2.000 2.000 0.000 0.000 -2.000 0.000 0.000 0.000 0.000 0.000 0.000 0.000 0.000 0.000 0.000 0.000 0.000 -1.000 0.000 0.000 0.000 -1.000 0.000 0.000 0.000 0.000 0.000 0.000 0.000 0.000
