SG=R_I-3
 name=148.20
 nsym=6
 spinor=False
symmetries=
    1 0 0   0 1 0   0 0 1   0 0 0
  0 -1 0   1 -1 0   0 0 1   0 0 0
  -1 1 0   -1 0 0   0 0 1   0 0 0
 -1 0 0   0 -1 0   0 0 -1   0 0 0
  0 1 0   -1 1 0   0 0 -1   0 0 0
  1 -1 0   1 0 0   0 0 -1   0 0 0


kpoint  GM : 0.000000 0.000000 0.000000 :  1 2 3 4 5 6
GM1+  1   1.000 1.000 1.000 1.000 1.000 1.000 1.000 1.000 1.000 1.000 1.000 1.000 1.000 1.000 1.000 1.000 1.000 1.000 1.000 1.000 1.000 1.000 1.000 1.000 1.000
GM1-  1   1.000 1.000 1.000 1.000 -1.000 -1.000 -1.000 1.000 1.000 1.000 -1.000 -1.000 -1.000 -1.000 -1.000 -1.000 1.000 1.000 1.000 -1.000 -1.000 -1.000 1.000 1.000 1.000 0.000 0.000 0.000 0.000 -1.000 -1.000 -1.000 0.000 0.000 0.000 -1.000 -1.000 -1.000 -1.000 -1.000 -1.000 0.000 0.000 0.000 -1.000 -1.000 -1.000 0.000 0.000 0.000
GM2+GM3+  2   2.000 2.000 -1.000 -1.000 2.000 -1.000 -1.000 2.000 -1.000 -1.000 2.000 -1.000 -1.000 0.000 0.000 0.000 0.000 0.000 0.000 0.000 0.000 0.000 0.000 0.000 0.000
GM2-GM3-  2   2.000 2.000 -1.000 -1.000 -2.000 1.000 1.000 2.000 -1.000 -1.000 -2.000 1.000 1.000 0.000 0.000 0.000 0.000 0.000 0.000 0.000 0.000 0.000 0.000 0.000 0.000 0.000 0.000 1.000 1.000 -1.000 0.000 0.000 0.000 1.000 1.000 -1.000 0.000 0.000 0.000 0.000 0.000 0.000 0.000 0.000 0.000 0.000 0.000 0.000 0.000 0.000
GM7GM7  2   2.000 2.000 -2.000 -2.000 -2.000 2.000 2.000 -2.000 2.000 2.000 2.000 -2.000 -2.000 0.000 0.000 0.000 0.000 0.000 0.000 0.000 0.000 0.000 0.000 0.000 0.000 0.000 0.000 -1.000 -1.000 -1.000 0.000 0.000 -1.000 0.000 0.000 0.000 -1.000 -1.000 0.000 0.000 0.000 0.000 0.000 0.000 0.000 0.000 0.000 0.000 0.000 0.000
GM8GM9  2   2.000 2.000 1.000 1.000 -2.000 -1.000 -1.000 -2.000 -1.000 -1.000 2.000 1.000 1.000 0.000 0.000 0.000 0.000 0.000 0.000 0.000 0.000 0.000 0.000 0.000 0.000 0.000 0.000 0.000 0.000 -1.000 1.000 1.000 -1.000 1.000 1.000 0.000 0.000 0.000 0.000 0.000 0.000 0.000 0.000 0.000 0.000 0.000 0.000 0.000 0.000 0.000



kpoint  F : 0.500000 0.500000 0.500000 ; F  :  0.0 0.5 1.0 :  1 2
F1+  1   1.000 1.000 1.000 1.000 1.000 1.000 1.000 1.000 1.000
F1-  1   1.000 1.000 -1.000 1.000 -1.000 -1.000 1.000 -1.000 1.000 0.000 0.000 -1.000 0.000 -1.000 -1.000 0.000 -1.000 0.000
F2F2  2   2.000 2.000 -2.000 -2.000 2.000 0.000 0.000 0.000 0.000 0.000 0.000 -1.000 -1.000 0.000 0.000 0.000 0.000 0.000



kpoint  L : 0.333333 0.666667 0.166667 ; L  :  -0.5 0.5 0.5 :  1 2
L1-L1+  2   2.000 2.000 0.000 2.000 0.000 0.000 0.000 0.000 0.000



kpoint  T : 0.500000 0.000000 0.500000 ; T  :  0.0 0.0 1.5 :  1 2 3 4 5 6
T1-T1+  2   2.000 2.000 2.000 2.000 0.000 0.000 0.000 2.000 2.000 2.000 0.000 0.000 0.000 0.000 0.000 0.000 0.000 0.000 0.000 0.000 0.000 0.000 0.000 0.000 0.000
T2+T3-  2   2.000 2.000 -1.000 -1.000 0.000 -0.000 -0.000 2.000 -1.000 -1.000 0.000 -0.000 -0.000 0.000 0.000 0.000 0.000 0.000 0.000 0.000 0.000 0.000 0.000 0.000 0.000 0.000 0.000 1.000 1.000 0.000 0.500 -0.500 0.000 1.000 1.000 0.000 0.500 -0.500 0.000 0.000 0.000 0.000 0.000 0.000 0.000 0.000 0.000 0.000 0.000 0.000
T2-T3+  2   2.000 2.000 -1.000 -1.000 0.000 -0.000 -0.000 2.000 -1.000 -1.000 0.000 -0.000 -0.000 0.000 0.000 0.000 0.000 0.000 0.000 0.000 0.000 0.000 0.000 0.000 0.000 0.000 0.000 1.000 1.000 0.000 -0.500 0.500 0.000 1.000 1.000 0.000 -0.500 0.500 0.000 0.000 0.000 0.000 0.000 0.000 0.000 0.000 0.000 0.000 0.000 0.000
