SG=Pmmm
 name=47.249
 nsym=8
 spinor=True
symmetries=
    1 0 0   0 1 0   0 0 1   0 0 0    1.0 0.0 0.0 1.0    0.0 0.0 0.0 0.0
  -1 0 0   0 -1 0   0 0 1   0 0 0   1.0 0.0 0.0 1.0    -0.5 0.0 0.0 0.5
  -1 0 0   0 1 0   0 0 -1   0 0 0    0.0 1.0 1.0 0.0    0.0 1.0 0.0 0.0
  1 0 0   0 -1 0   0 0 -1   0 0 0  0.0 1.0 1.0 0.0    0.0 -0.5 -0.5 0.0
 -1 0 0   0 -1 0   0 0 -1   0 0 0    1.0 0.0 0.0 1.0    0.0 0.0 0.0 0.0
   1 0 0   0 1 0   0 0 -1   0 0 0   1.0 0.0 0.0 1.0    -0.5 0.0 0.0 0.5
   1 0 0   0 -1 0   0 0 1   0 0 0    0.0 1.0 1.0 0.0    0.0 1.0 0.0 0.0
   -1 0 0   0 1 0   0 0 1   0 0 0  0.0 1.0 1.0 0.0    0.0 -0.5 -0.5 0.0


kpoint  GM : 0.000000 0.000000 0.000000 :  1 2 3 4 5 6 7 8
-GM5  2   2.000 2.000 0.000 0.000 0.000 2.000 0.000 0.000 0.000 -2.000 0.000 0.000 0.000 -2.000 0.000 0.000 0.000 0.000 0.000 0.000 0.000 0.000 0.000 0.000 0.000 0.000 -1.000 0.000 0.000 0.000 -1.000 0.000 0.000 0.000



kpoint  R : 0.500000 0.500000 0.500000 ; R  :  0.5 0.5 0.5 :  1 2 3 4 5 6 7 8
-R5  2   2.000 2.000 0.000 0.000 0.000 2.000 0.000 0.000 0.000 -2.000 0.000 0.000 0.000 -2.000 0.000 0.000 0.000 0.000 0.000 0.000 0.000 0.000 0.000 0.000 0.000 0.000 -1.000 0.000 0.000 0.000 -1.000 0.000 0.000 0.000



kpoint  S : 0.500000 0.500000 0.000000 ; S  :  0.5 0.5 0.0 :  1 2 3 4 5 6 7 8
-S5  2   2.000 2.000 0.000 0.000 0.000 2.000 0.000 0.000 0.000 -2.000 0.000 0.000 0.000 -2.000 0.000 0.000 0.000 0.000 0.000 0.000 0.000 0.000 0.000 0.000 0.000 0.000 -1.000 0.000 0.000 0.000 -1.000 0.000 0.000 0.000



kpoint  T : 0.000000 0.500000 0.500000 ; T  :  0.0 0.5 0.5 :  1 2 3 4 5 6 7 8
-T5  2   2.000 2.000 0.000 0.000 0.000 2.000 0.000 0.000 0.000 -2.000 0.000 0.000 0.000 -2.000 0.000 0.000 0.000 0.000 0.000 0.000 0.000 0.000 0.000 0.000 0.000 0.000 -1.000 0.000 0.000 0.000 -1.000 0.000 0.000 0.000



kpoint  U : 0.500000 0.000000 0.500000 ; U  :  0.5 0.0 0.5 :  1 2 3 4 5 6 7 8
-U5  2   2.000 2.000 0.000 0.000 0.000 2.000 0.000 0.000 0.000 -2.000 0.000 0.000 0.000 -2.000 0.000 0.000 0.000 0.000 0.000 0.000 0.000 0.000 0.000 0.000 0.000 0.000 -1.000 0.000 0.000 0.000 -1.000 0.000 0.000 0.000



kpoint  X : 0.500000 0.000000 0.000000 ; X  :  0.5 0.0 0.0 :  1 2 3 4 5 6 7 8
-X5  2   2.000 2.000 0.000 0.000 0.000 2.000 0.000 0.000 0.000 -2.000 0.000 0.000 0.000 -2.000 0.000 0.000 0.000 0.000 0.000 0.000 0.000 0.000 0.000 0.000 0.000 0.000 -1.000 0.000 0.000 0.000 -1.000 0.000 0.000 0.000



kpoint  Y : 0.000000 0.500000 0.000000 ; Y  :  0.0 0.5 0.0 :  1 2 3 4 5 6 7 8
-Y5  2   2.000 2.000 0.000 0.000 0.000 2.000 0.000 0.000 0.000 -2.000 0.000 0.000 0.000 -2.000 0.000 0.000 0.000 0.000 0.000 0.000 0.000 0.000 0.000 0.000 0.000 0.000 -1.000 0.000 0.000 0.000 -1.000 0.000 0.000 0.000



kpoint  Z : 0.000000 0.000000 0.500000 ; Z  :  0.0 0.0 0.5 :  1 2 3 4 5 6 7 8
-Z5  2   2.000 2.000 0.000 0.000 0.000 2.000 0.000 0.000 0.000 -2.000 0.000 0.000 0.000 -2.000 0.000 0.000 0.000 0.000 0.000 0.000 0.000 0.000 0.000 0.000 0.000 0.000 -1.000 0.000 0.000 0.000 -1.000 0.000 0.000 0.000
