SG=P4_2/mb'c'
 name=135.489
 nsym=8
 spinor=True
symmetries=
         1 0 0   0 1 0   0 0 1   0 0 0    1.0 0.0 0.0 1.0    0.0 0.0 0.0 0.0
       -1 0 0   0 -1 0   0 0 1   0 0 0   1.0 0.0 0.0 1.0    -0.5 0.0 0.0 0.5
  0 -1 0   1 0 0   0 0 1   0 0 0.50000  1.0 0.0 0.0 1.0    0.75 0.0 0.0 0.25
  0 1 0   -1 0 0   0 0 1   0 0 0.50000  1.0 0.0 0.0 1.0    0.25 0.0 0.0 0.75
      -1 0 0   0 -1 0   0 0 -1   0 0 0    1.0 0.0 0.0 1.0    0.0 0.0 0.0 0.0
        1 0 0   0 1 0   0 0 -1   0 0 0   1.0 0.0 0.0 1.0    -0.5 0.0 0.0 0.5
 0 1 0   -1 0 0   0 0 -1   0 0 0.50000  1.0 0.0 0.0 1.0    0.75 0.0 0.0 0.25
 0 -1 0   1 0 0   0 0 -1   0 0 0.50000  1.0 0.0 0.0 1.0    0.25 0.0 0.0 0.75


 kpoint  GM : 0.000000 0.000000 0.000000  : 1 2 3 4 5 6 7 8
-GM10  1    1.000 1.000 1.000 1.000 1.000 1.000 1.000 1.000 1.000 1.000 1.000 1.000 1.000 1.000 1.000 1.000 0.000 -0.500 -0.250 0.250 -1.000 0.500 0.750 -0.750 0.000 0.500 0.250 -0.250 -1.000 -0.500 -0.750 0.750
-GM11  1    1.000 1.000 1.000 1.000 1.000 1.000 1.000 1.000 1.000 1.000 1.000 1.000 1.000 1.000 1.000 1.000 0.000 0.500 -0.750 0.750 -1.000 -0.500 0.250 -0.250 0.000 -0.500 0.750 -0.750 -1.000 0.500 -0.250 0.250
-GM12  1    1.000 1.000 1.000 1.000 1.000 1.000 1.000 1.000 1.000 1.000 1.000 1.000 1.000 1.000 1.000 1.000 0.000 0.500 0.250 -0.250 -1.000 -0.500 -0.750 0.750 0.000 -0.500 -0.250 0.250 -1.000 0.500 0.750 -0.750
-GM5  1    1.000 1.000 1.000 1.000 1.000 1.000 1.000 1.000 1.000 1.000 1.000 1.000 1.000 1.000 1.000 1.000 0.000 -0.500 0.750 -0.750 0.000 -0.500 0.750 -0.750 0.000 0.500 -0.750 0.750 0.000 0.500 -0.750 0.750
-GM6  1    1.000 1.000 1.000 1.000 1.000 1.000 1.000 1.000 1.000 1.000 1.000 1.000 1.000 1.000 1.000 1.000 0.000 -0.500 -0.250 0.250 0.000 -0.500 -0.250 0.250 0.000 0.500 0.250 -0.250 0.000 0.500 0.250 -0.250
-GM7  1    1.000 1.000 1.000 1.000 1.000 1.000 1.000 1.000 1.000 1.000 1.000 1.000 1.000 1.000 1.000 1.000 0.000 0.500 -0.750 0.750 0.000 0.500 -0.750 0.750 0.000 -0.500 0.750 -0.750 0.000 -0.500 0.750 -0.750
-GM8  1    1.000 1.000 1.000 1.000 1.000 1.000 1.000 1.000 1.000 1.000 1.000 1.000 1.000 1.000 1.000 1.000 0.000 0.500 0.250 -0.250 0.000 0.500 0.250 -0.250 0.000 -0.500 -0.250 0.250 0.000 -0.500 -0.250 0.250
-GM9  1    1.000 1.000 1.000 1.000 1.000 1.000 1.000 1.000 1.000 1.000 1.000 1.000 1.000 1.000 1.000 1.000 0.000 -0.500 0.750 -0.750 -1.000 0.500 -0.250 0.250 0.000 0.500 -0.750 0.750 -1.000 -0.500 0.250 -0.250



 kpoint  A : 0.500000 0.500000 0.500000  : 1 2 3 4 5 6 7 8
-A3A3  4    4.000 4.000 0.000 0.000 0.000 0.000 0.000 0.000 0.000 0.000 0.000 0.000 0.000 0.000 0.000 0.000 0.000 -0.500 0.000 0.000 0.000 0.000 0.000 0.000 0.000 0.000 0.000 0.000 0.000 0.000 0.000 0.000
-A4A4  4    4.000 4.000 0.000 0.000 0.000 0.000 0.000 0.000 0.000 0.000 0.000 0.000 0.000 0.000 0.000 0.000 0.000 0.500 0.000 0.000 0.000 0.000 0.000 0.000 0.000 0.000 0.000 0.000 0.000 0.000 0.000 0.000



 kpoint  M : 0.500000 0.500000 0.000000  : 1 2 3 4 5 6 7 8
-M10M9  2    2.000 2.000 0.000 0.000 2.000 2.000 0.000 0.000 0.000 0.000 0.000 0.000 0.000 0.000 0.000 0.000 0.000 -0.500 0.000 0.000 -1.000 0.500 0.000 0.000 0.000 0.000 0.000 0.000 0.000 0.000 0.000 0.000
-M11M12  2    2.000 2.000 0.000 0.000 2.000 2.000 0.000 0.000 0.000 0.000 0.000 0.000 0.000 0.000 0.000 0.000 0.000 0.500 0.000 0.000 -1.000 -0.500 0.000 0.000 0.000 0.000 0.000 0.000 0.000 0.000 0.000 0.000
-M5M6  2    2.000 2.000 0.000 0.000 2.000 2.000 0.000 0.000 0.000 0.000 0.000 0.000 0.000 0.000 0.000 0.000 0.000 -0.500 0.000 0.000 0.000 -0.500 0.000 0.000 0.000 0.000 0.000 0.000 0.000 0.000 0.000 0.000
-M7M8  2    2.000 2.000 0.000 0.000 2.000 2.000 0.000 0.000 0.000 0.000 0.000 0.000 0.000 0.000 0.000 0.000 0.000 0.500 0.000 0.000 0.000 0.500 0.000 0.000 0.000 0.000 0.000 0.000 0.000 0.000 0.000 0.000



 kpoint  R : 0.000000 0.500000 0.500000  : 1 2 5 6
-R3R6  2    2.000 0.000 0.000 2.000 0.000 0.000 0.000 0.000 0.000 0.000 0.000 -0.500 0.000 0.000 0.000 0.000
-R4R5  2    2.000 0.000 0.000 2.000 0.000 0.000 0.000 0.000 0.000 0.000 0.000 0.500 0.000 0.000 0.000 0.000



 kpoint  X : 0.000000 0.500000 0.000000  : 1 2 5 6
-X3X6  2    2.000 0.000 0.000 2.000 0.000 0.000 0.000 0.000 0.000 0.000 0.000 -0.500 0.000 0.000 0.000 0.000
-X4X5  2    2.000 0.000 0.000 2.000 0.000 0.000 0.000 0.000 0.000 0.000 0.000 0.500 0.000 0.000 0.000 0.000



 kpoint  Z : 0.000000 0.000000 0.500000  : 1 2 3 4 5 6 7 8
-Z3  2    2.000 2.000 0.000 0.000 0.000 0.000 0.000 0.000 1.414 1.414 0.000 0.000 1.414 1.414 0.000 0.000 0.000 -0.500 0.000 0.000 0.000 0.000 0.000 0.000 1.000 -0.500 0.000 0.000 -0.500 0.000 0.000 0.000
-Z4  2    2.000 2.000 0.000 0.000 0.000 0.000 0.000 0.000 1.414 1.414 0.000 0.000 1.414 1.414 0.000 0.000 0.000 0.500 0.000 0.000 0.000 0.000 0.000 0.000 1.000 0.500 0.000 0.000 0.500 0.000 0.000 0.000
