SG=P6_3/mm'c'
 name=194.270
 nsym=12
 spinor=True
symmetries=
          1 0 0   0 1 0   0 0 1   0 0 0                                 1.0 0.0 0.0 1.0    0.0 0.0 0.0 0.0
        0 -1 0   1 -1 0   0 0 1   0 0 0   1.0 0.0 0.0 1.0    0.3333333333333333 0.0 0.0 0.6666666666666667
        -1 1 0   -1 0 0   0 0 1   0 0 0   1.0 0.0 0.0 1.0    0.6666666666666667 0.0 0.0 0.3333333333333333
  -1 0 0   0 -1 0   0 0 1   0 0 0.50000                                1.0 0.0 0.0 1.0    -0.5 0.0 0.0 0.5
   0 1 0   -1 1 0   0 0 1   0 0 0.50000  1.0 0.0 0.0 1.0    0.8333333333333334 0.0 0.0 0.16666666666666669
   1 -1 0   1 0 0   0 0 1   0 0 0.50000  1.0 0.0 0.0 1.0    0.16666666666666669 0.0 0.0 0.8333333333333334
       -1 0 0   0 -1 0   0 0 -1   0 0 0                                 1.0 0.0 0.0 1.0    0.0 0.0 0.0 0.0
        0 1 0   -1 1 0   0 0 -1   0 0 0   1.0 0.0 0.0 1.0    0.3333333333333333 0.0 0.0 0.6666666666666667
        1 -1 0   1 0 0   0 0 -1   0 0 0   1.0 0.0 0.0 1.0    0.6666666666666667 0.0 0.0 0.3333333333333333
   1 0 0   0 1 0   0 0 -1   0 0 0.50000                                1.0 0.0 0.0 1.0    -0.5 0.0 0.0 0.5
 0 -1 0   1 -1 0   0 0 -1   0 0 0.50000  1.0 0.0 0.0 1.0    0.8333333333333334 0.0 0.0 0.16666666666666669
 -1 1 0   -1 0 0   0 0 -1   0 0 0.50000  1.0 0.0 0.0 1.0    0.16666666666666669 0.0 0.0 0.8333333333333334


kpoint  GM : 0.000000 0.000000 0.000000 :  1 2 3 4 5 6 7 8 9 10 11 12
-GM10  1   1.000 1.000 1.000 1.000 1.000 1.000 1.000 1.000 1.000 1.000 1.000 1.000 1.000 1.000 1.000 1.000 1.000 1.000 1.000 1.000 1.000 1.000 1.000 1.000 1.000 1.000 1.000 1.000 1.000 1.000 1.000 1.000 1.000 1.000 1.000 1.000 1.000 1.000 1.000 1.000 1.000 1.000 1.000 1.000 1.000 1.000 1.000 1.000 0.000 -0.333 0.333 0.500 0.167 -0.167 0.000 -0.333 0.333 0.500 0.167 -0.167 -1.000 0.667 -0.667 -0.500 -0.833 0.833 -1.000 0.667 -0.667 -0.500 -0.833 0.833 0.000 0.333 0.667 0.500 -0.167 -0.833 0.000 0.333 0.667 0.500 -0.167 -0.833 -1.000 -0.667 -0.333 -0.500 0.833 0.167 -1.000 -0.667 -0.333 -0.500 0.833 0.167
-GM11  1   1.000 1.000 1.000 1.000 1.000 1.000 1.000 1.000 1.000 1.000 1.000 1.000 1.000 1.000 1.000 1.000 1.000 1.000 1.000 1.000 1.000 1.000 1.000 1.000 1.000 1.000 1.000 1.000 1.000 1.000 1.000 1.000 1.000 1.000 1.000 1.000 1.000 1.000 1.000 1.000 1.000 1.000 1.000 1.000 1.000 1.000 1.000 1.000 0.000 0.333 -0.333 -0.500 -0.167 0.167 0.000 0.333 -0.333 -0.500 -0.167 0.167 -1.000 -0.667 0.667 0.500 0.833 -0.833 -1.000 -0.667 0.667 0.500 0.833 -0.833 0.000 -0.333 -0.667 -0.500 0.167 0.833 0.000 -0.333 -0.667 -0.500 0.167 0.833 -1.000 0.667 0.333 0.500 -0.833 -0.167 -1.000 0.667 0.333 0.500 -0.833 -0.167
-GM12  1   1.000 1.000 1.000 1.000 1.000 1.000 1.000 1.000 1.000 1.000 1.000 1.000 1.000 1.000 1.000 1.000 1.000 1.000 1.000 1.000 1.000 1.000 1.000 1.000 1.000 1.000 1.000 1.000 1.000 1.000 1.000 1.000 1.000 1.000 1.000 1.000 1.000 1.000 1.000 1.000 1.000 1.000 1.000 1.000 1.000 1.000 1.000 1.000 0.000 0.333 -0.333 0.500 0.833 -0.833 0.000 0.333 -0.333 0.500 0.833 -0.833 -1.000 -0.667 0.667 -0.500 -0.167 0.167 -1.000 -0.667 0.667 -0.500 -0.167 0.167 0.000 -0.333 -0.667 0.500 -0.833 -0.167 0.000 -0.333 -0.667 0.500 -0.833 -0.167 -1.000 0.667 0.333 -0.500 0.167 0.833 -1.000 0.667 0.333 -0.500 0.167 0.833
-GM13  1   1.000 1.000 1.000 1.000 1.000 1.000 1.000 1.000 1.000 1.000 1.000 1.000 1.000 1.000 1.000 1.000 1.000 1.000 1.000 1.000 1.000 1.000 1.000 1.000 1.000 1.000 1.000 1.000 1.000 1.000 1.000 1.000 1.000 1.000 1.000 1.000 1.000 1.000 1.000 1.000 1.000 1.000 1.000 1.000 1.000 1.000 1.000 1.000 0.000 -1.000 -1.000 -0.500 0.500 -0.500 -1.000 0.000 0.000 0.500 -0.500 0.500 -1.000 0.000 0.000 0.500 -0.500 0.500 0.000 -1.000 -1.000 -0.500 0.500 -0.500 0.000 -1.000 0.000 -0.500 -0.500 -0.500 -1.000 0.000 -1.000 0.500 0.500 0.500 -1.000 0.000 -1.000 0.500 0.500 0.500 0.000 -1.000 0.000 -0.500 -0.500 -0.500
-GM14  1   1.000 1.000 1.000 1.000 1.000 1.000 1.000 1.000 1.000 1.000 1.000 1.000 1.000 1.000 1.000 1.000 1.000 1.000 1.000 1.000 1.000 1.000 1.000 1.000 1.000 1.000 1.000 1.000 1.000 1.000 1.000 1.000 1.000 1.000 1.000 1.000 1.000 1.000 1.000 1.000 1.000 1.000 1.000 1.000 1.000 1.000 1.000 1.000 0.000 -1.000 -1.000 0.500 -0.500 0.500 -1.000 0.000 0.000 -0.500 0.500 -0.500 -1.000 0.000 0.000 -0.500 0.500 -0.500 0.000 -1.000 -1.000 0.500 -0.500 0.500 0.000 -1.000 0.000 0.500 0.500 0.500 -1.000 0.000 -1.000 -0.500 -0.500 -0.500 -1.000 0.000 -1.000 -0.500 -0.500 -0.500 0.000 -1.000 0.000 0.500 0.500 0.500
-GM15  1   1.000 1.000 1.000 1.000 1.000 1.000 1.000 1.000 1.000 1.000 1.000 1.000 1.000 1.000 1.000 1.000 1.000 1.000 1.000 1.000 1.000 1.000 1.000 1.000 1.000 1.000 1.000 1.000 1.000 1.000 1.000 1.000 1.000 1.000 1.000 1.000 1.000 1.000 1.000 1.000 1.000 1.000 1.000 1.000 1.000 1.000 1.000 1.000 0.000 -0.333 0.333 -0.500 -0.833 0.833 -1.000 0.667 -0.667 0.500 0.167 -0.167 -1.000 0.667 -0.667 0.500 0.167 -0.167 0.000 -0.333 0.333 -0.500 -0.833 0.833 0.000 0.333 0.667 -0.500 0.833 0.167 -1.000 -0.667 -0.333 0.500 -0.167 -0.833 -1.000 -0.667 -0.333 0.500 -0.167 -0.833 0.000 0.333 0.667 -0.500 0.833 0.167
-GM16  1   1.000 1.000 1.000 1.000 1.000 1.000 1.000 1.000 1.000 1.000 1.000 1.000 1.000 1.000 1.000 1.000 1.000 1.000 1.000 1.000 1.000 1.000 1.000 1.000 1.000 1.000 1.000 1.000 1.000 1.000 1.000 1.000 1.000 1.000 1.000 1.000 1.000 1.000 1.000 1.000 1.000 1.000 1.000 1.000 1.000 1.000 1.000 1.000 0.000 -0.333 0.333 0.500 0.167 -0.167 -1.000 0.667 -0.667 -0.500 -0.833 0.833 -1.000 0.667 -0.667 -0.500 -0.833 0.833 0.000 -0.333 0.333 0.500 0.167 -0.167 0.000 0.333 0.667 0.500 -0.167 -0.833 -1.000 -0.667 -0.333 -0.500 0.833 0.167 -1.000 -0.667 -0.333 -0.500 0.833 0.167 0.000 0.333 0.667 0.500 -0.167 -0.833
-GM17  1   1.000 1.000 1.000 1.000 1.000 1.000 1.000 1.000 1.000 1.000 1.000 1.000 1.000 1.000 1.000 1.000 1.000 1.000 1.000 1.000 1.000 1.000 1.000 1.000 1.000 1.000 1.000 1.000 1.000 1.000 1.000 1.000 1.000 1.000 1.000 1.000 1.000 1.000 1.000 1.000 1.000 1.000 1.000 1.000 1.000 1.000 1.000 1.000 0.000 0.333 -0.333 -0.500 -0.167 0.167 -1.000 -0.667 0.667 0.500 0.833 -0.833 -1.000 -0.667 0.667 0.500 0.833 -0.833 0.000 0.333 -0.333 -0.500 -0.167 0.167 0.000 -0.333 -0.667 -0.500 0.167 0.833 -1.000 0.667 0.333 0.500 -0.833 -0.167 -1.000 0.667 0.333 0.500 -0.833 -0.167 0.000 -0.333 -0.667 -0.500 0.167 0.833
-GM18  1   1.000 1.000 1.000 1.000 1.000 1.000 1.000 1.000 1.000 1.000 1.000 1.000 1.000 1.000 1.000 1.000 1.000 1.000 1.000 1.000 1.000 1.000 1.000 1.000 1.000 1.000 1.000 1.000 1.000 1.000 1.000 1.000 1.000 1.000 1.000 1.000 1.000 1.000 1.000 1.000 1.000 1.000 1.000 1.000 1.000 1.000 1.000 1.000 0.000 0.333 -0.333 0.500 0.833 -0.833 -1.000 -0.667 0.667 -0.500 -0.167 0.167 -1.000 -0.667 0.667 -0.500 -0.167 0.167 0.000 0.333 -0.333 0.500 0.833 -0.833 0.000 -0.333 -0.667 0.500 -0.833 -0.167 -1.000 0.667 0.333 -0.500 0.167 0.833 -1.000 0.667 0.333 -0.500 0.167 0.833 0.000 -0.333 -0.667 0.500 -0.833 -0.167
-GM7  1   1.000 1.000 1.000 1.000 1.000 1.000 1.000 1.000 1.000 1.000 1.000 1.000 1.000 1.000 1.000 1.000 1.000 1.000 1.000 1.000 1.000 1.000 1.000 1.000 1.000 1.000 1.000 1.000 1.000 1.000 1.000 1.000 1.000 1.000 1.000 1.000 1.000 1.000 1.000 1.000 1.000 1.000 1.000 1.000 1.000 1.000 1.000 1.000 0.000 -1.000 -1.000 -0.500 0.500 -0.500 0.000 -1.000 -1.000 -0.500 0.500 -0.500 -1.000 0.000 0.000 0.500 -0.500 0.500 -1.000 0.000 0.000 0.500 -0.500 0.500 0.000 -1.000 0.000 -0.500 -0.500 -0.500 0.000 -1.000 0.000 -0.500 -0.500 -0.500 -1.000 0.000 -1.000 0.500 0.500 0.500 -1.000 0.000 -1.000 0.500 0.500 0.500
-GM8  1   1.000 1.000 1.000 1.000 1.000 1.000 1.000 1.000 1.000 1.000 1.000 1.000 1.000 1.000 1.000 1.000 1.000 1.000 1.000 1.000 1.000 1.000 1.000 1.000 1.000 1.000 1.000 1.000 1.000 1.000 1.000 1.000 1.000 1.000 1.000 1.000 1.000 1.000 1.000 1.000 1.000 1.000 1.000 1.000 1.000 1.000 1.000 1.000 0.000 -1.000 -1.000 0.500 -0.500 0.500 0.000 -1.000 -1.000 0.500 -0.500 0.500 -1.000 0.000 0.000 -0.500 0.500 -0.500 -1.000 0.000 0.000 -0.500 0.500 -0.500 0.000 -1.000 0.000 0.500 0.500 0.500 0.000 -1.000 0.000 0.500 0.500 0.500 -1.000 0.000 -1.000 -0.500 -0.500 -0.500 -1.000 0.000 -1.000 -0.500 -0.500 -0.500
-GM9  1   1.000 1.000 1.000 1.000 1.000 1.000 1.000 1.000 1.000 1.000 1.000 1.000 1.000 1.000 1.000 1.000 1.000 1.000 1.000 1.000 1.000 1.000 1.000 1.000 1.000 1.000 1.000 1.000 1.000 1.000 1.000 1.000 1.000 1.000 1.000 1.000 1.000 1.000 1.000 1.000 1.000 1.000 1.000 1.000 1.000 1.000 1.000 1.000 0.000 -0.333 0.333 -0.500 -0.833 0.833 0.000 -0.333 0.333 -0.500 -0.833 0.833 -1.000 0.667 -0.667 0.500 0.167 -0.167 -1.000 0.667 -0.667 0.500 0.167 -0.167 0.000 0.333 0.667 -0.500 0.833 0.167 0.000 0.333 0.667 -0.500 0.833 0.167 -1.000 -0.667 -0.333 0.500 -0.167 -0.833 -1.000 -0.667 -0.333 0.500 -0.167 -0.833



kpoint  A : 0.000000 0.000000 0.500000 :  1 2 3 4 5 6 7 8 9 10 11 12
-A4  2   2.000 2.000 2.000 0.000 0.000 0.000 0.000 0.000 0.000 0.000 0.000 0.000 2.000 2.000 2.000 0.000 0.000 0.000 0.000 0.000 0.000 0.000 0.000 0.000 2.000 2.000 2.000 0.000 0.000 0.000 0.000 0.000 0.000 0.000 0.000 0.000 2.000 2.000 2.000 0.000 0.000 0.000 0.000 0.000 0.000 0.000 0.000 0.000 0.000 -1.000 -1.000 0.000 0.000 0.000 0.000 0.000 0.000 0.000 0.000 0.000 -1.000 0.000 0.000 0.000 0.000 0.000 0.000 0.000 0.000 0.000 0.000 0.000 0.000 -1.000 0.000 0.000 0.000 0.000 0.000 0.000 0.000 0.000 0.000 0.000 -1.000 0.000 -1.000 0.000 0.000 0.000 0.000 0.000 0.000 0.000 0.000 0.000
-A5  2   2.000 2.000 2.000 0.000 0.000 0.000 0.000 0.000 0.000 0.000 0.000 0.000 2.000 2.000 2.000 0.000 0.000 0.000 0.000 0.000 0.000 0.000 0.000 0.000 2.000 2.000 2.000 0.000 0.000 0.000 0.000 0.000 0.000 0.000 0.000 0.000 2.000 2.000 2.000 0.000 0.000 0.000 0.000 0.000 0.000 0.000 0.000 0.000 0.000 -0.333 0.333 0.000 0.000 0.000 0.000 0.000 0.000 0.000 0.000 0.000 -1.000 0.667 -0.667 0.000 0.000 0.000 0.000 0.000 0.000 0.000 0.000 0.000 0.000 0.333 0.667 0.000 0.000 0.000 0.000 0.000 0.000 0.000 0.000 0.000 -1.000 -0.667 -0.333 0.000 0.000 0.000 0.000 0.000 0.000 0.000 0.000 0.000
-A6  2   2.000 2.000 2.000 0.000 0.000 0.000 0.000 0.000 0.000 0.000 0.000 0.000 2.000 2.000 2.000 0.000 0.000 0.000 0.000 0.000 0.000 0.000 0.000 0.000 2.000 2.000 2.000 0.000 0.000 0.000 0.000 0.000 0.000 0.000 0.000 0.000 2.000 2.000 2.000 0.000 0.000 0.000 0.000 0.000 0.000 0.000 0.000 0.000 0.000 0.333 -0.333 0.000 0.000 0.000 0.000 0.000 0.000 0.000 0.000 0.000 -1.000 -0.667 0.667 0.000 0.000 0.000 0.000 0.000 0.000 0.000 0.000 0.000 0.000 -0.333 -0.667 0.000 0.000 0.000 0.000 0.000 0.000 0.000 0.000 0.000 -1.000 0.667 0.333 0.000 0.000 0.000 0.000 0.000 0.000 0.000 0.000 0.000



kpoint  H : 0.333333 0.333333 0.500000 :  1 2 3 4 5 6
-H10  1   1.000 1.000 1.000 1.000 1.000 1.000 1.000 1.000 1.000 1.000 1.000 1.000 1.000 1.000 1.000 1.000 1.000 1.000 1.000 1.000 1.000 1.000 1.000 1.000 0.000 -0.333 0.333 0.500 0.167 -0.167 -1.000 0.667 -0.667 -0.500 -0.833 0.833 -0.500 0.833 0.167 -1.000 -0.667 -0.333 0.500 -0.167 -0.833 0.000 0.333 0.667
-H11  1   1.000 1.000 1.000 1.000 1.000 1.000 1.000 1.000 1.000 1.000 1.000 1.000 1.000 1.000 1.000 1.000 1.000 1.000 1.000 1.000 1.000 1.000 1.000 1.000 0.000 0.333 -0.333 -0.500 -0.167 0.167 -1.000 -0.667 0.667 0.500 0.833 -0.833 -0.500 0.167 0.833 0.000 -0.333 -0.667 0.500 -0.833 -0.167 -1.000 0.667 0.333
-H12  1   1.000 1.000 1.000 1.000 1.000 1.000 1.000 1.000 1.000 1.000 1.000 1.000 1.000 1.000 1.000 1.000 1.000 1.000 1.000 1.000 1.000 1.000 1.000 1.000 0.000 0.333 -0.333 0.500 0.833 -0.833 -1.000 -0.667 0.667 -0.500 -0.167 0.167 -0.500 0.167 0.833 -1.000 0.667 0.333 0.500 -0.833 -0.167 0.000 -0.333 -0.667
-H7  1   1.000 1.000 1.000 1.000 1.000 1.000 1.000 1.000 1.000 1.000 1.000 1.000 1.000 1.000 1.000 1.000 1.000 1.000 1.000 1.000 1.000 1.000 1.000 1.000 0.000 -1.000 -1.000 -0.500 0.500 -0.500 -1.000 0.000 0.000 0.500 -0.500 0.500 -0.500 -0.500 -0.500 0.000 -1.000 0.000 0.500 0.500 0.500 -1.000 0.000 -1.000
-H8  1   1.000 1.000 1.000 1.000 1.000 1.000 1.000 1.000 1.000 1.000 1.000 1.000 1.000 1.000 1.000 1.000 1.000 1.000 1.000 1.000 1.000 1.000 1.000 1.000 0.000 -1.000 -1.000 0.500 -0.500 0.500 -1.000 0.000 0.000 -0.500 0.500 -0.500 -0.500 -0.500 -0.500 -1.000 0.000 -1.000 0.500 0.500 0.500 0.000 -1.000 0.000
-H9  1   1.000 1.000 1.000 1.000 1.000 1.000 1.000 1.000 1.000 1.000 1.000 1.000 1.000 1.000 1.000 1.000 1.000 1.000 1.000 1.000 1.000 1.000 1.000 1.000 0.000 -0.333 0.333 -0.500 -0.833 0.833 -1.000 0.667 -0.667 0.500 0.167 -0.167 -0.500 0.833 0.167 0.000 0.333 0.667 0.500 -0.167 -0.833 -1.000 -0.667 -0.333



kpoint  K : 0.333333 0.333333 0.000000 :  1 2 3 4 5 6
-K10  1   1.000 1.000 1.000 1.000 1.000 1.000 1.000 1.000 1.000 1.000 1.000 1.000 1.000 1.000 1.000 1.000 1.000 1.000 1.000 1.000 1.000 1.000 1.000 1.000 0.000 -0.333 0.333 0.500 0.167 -0.167 -1.000 0.667 -0.667 -0.500 -0.833 0.833 0.000 -0.667 0.667 -0.500 -0.167 0.167 -1.000 0.333 -0.333 0.500 0.833 -0.833
-K11  1   1.000 1.000 1.000 1.000 1.000 1.000 1.000 1.000 1.000 1.000 1.000 1.000 1.000 1.000 1.000 1.000 1.000 1.000 1.000 1.000 1.000 1.000 1.000 1.000 0.000 0.333 -0.333 -0.500 -0.167 0.167 -1.000 -0.667 0.667 0.500 0.833 -0.833 0.000 0.667 -0.667 0.500 0.167 -0.167 -1.000 -0.333 0.333 -0.500 -0.833 0.833
-K12  1   1.000 1.000 1.000 1.000 1.000 1.000 1.000 1.000 1.000 1.000 1.000 1.000 1.000 1.000 1.000 1.000 1.000 1.000 1.000 1.000 1.000 1.000 1.000 1.000 0.000 0.333 -0.333 0.500 0.833 -0.833 -1.000 -0.667 0.667 -0.500 -0.167 0.167 0.000 0.667 -0.667 -0.500 -0.833 0.833 -1.000 -0.333 0.333 0.500 0.167 -0.167
-K7  1   1.000 1.000 1.000 1.000 1.000 1.000 1.000 1.000 1.000 1.000 1.000 1.000 1.000 1.000 1.000 1.000 1.000 1.000 1.000 1.000 1.000 1.000 1.000 1.000 0.000 -1.000 -1.000 -0.500 0.500 -0.500 -1.000 0.000 0.000 0.500 -0.500 0.500 0.000 0.000 0.000 0.500 -0.500 0.500 -1.000 -1.000 -1.000 -0.500 0.500 -0.500
-K8  1   1.000 1.000 1.000 1.000 1.000 1.000 1.000 1.000 1.000 1.000 1.000 1.000 1.000 1.000 1.000 1.000 1.000 1.000 1.000 1.000 1.000 1.000 1.000 1.000 0.000 -1.000 -1.000 0.500 -0.500 0.500 -1.000 0.000 0.000 -0.500 0.500 -0.500 0.000 0.000 0.000 -0.500 0.500 -0.500 -1.000 -1.000 -1.000 0.500 -0.500 0.500
-K9  1   1.000 1.000 1.000 1.000 1.000 1.000 1.000 1.000 1.000 1.000 1.000 1.000 1.000 1.000 1.000 1.000 1.000 1.000 1.000 1.000 1.000 1.000 1.000 1.000 0.000 -0.333 0.333 -0.500 -0.833 0.833 -1.000 0.667 -0.667 0.500 0.167 -0.167 0.000 -0.667 0.667 0.500 0.833 -0.833 -1.000 0.333 -0.333 -0.500 -0.167 0.167



kpoint  L : 0.500000 0.000000 0.500000 :  1 2 3 4
-L2  2   2.000 0.000 0.000 0.000 2.000 0.000 0.000 0.000 2.000 0.000 0.000 0.000 2.000 0.000 0.000 0.000 0.000 0.000 0.000 0.000 -1.000 0.000 0.000 0.000 0.000 0.000 0.000 0.000 -1.000 0.000 0.000 0.000



kpoint  M : 0.500000 0.000000 0.000000 :  1 2 3 4
-M3  1   1.000 1.000 1.000 1.000 1.000 1.000 1.000 1.000 1.000 1.000 1.000 1.000 1.000 1.000 1.000 1.000 0.000 -0.500 0.000 -0.500 -1.000 0.500 -1.000 0.500 -1.000 0.500 -1.000 0.500 0.000 -0.500 0.000 -0.500
-M4  1   1.000 1.000 1.000 1.000 1.000 1.000 1.000 1.000 1.000 1.000 1.000 1.000 1.000 1.000 1.000 1.000 0.000 0.500 0.000 0.500 -1.000 -0.500 -1.000 -0.500 -1.000 -0.500 -1.000 -0.500 0.000 0.500 0.000 0.500
-M5  1   1.000 1.000 1.000 1.000 1.000 1.000 1.000 1.000 1.000 1.000 1.000 1.000 1.000 1.000 1.000 1.000 0.000 -0.500 -1.000 0.500 -1.000 0.500 0.000 -0.500 -1.000 0.500 0.000 -0.500 0.000 -0.500 -1.000 0.500
-M6  1   1.000 1.000 1.000 1.000 1.000 1.000 1.000 1.000 1.000 1.000 1.000 1.000 1.000 1.000 1.000 1.000 0.000 0.500 -1.000 -0.500 -1.000 -0.500 0.000 0.500 -1.000 -0.500 0.000 0.500 0.000 0.500 -1.000 -0.500
