SG=P_I23
 name=195.3
 nsym=12
 spinor=True
symmetries=
   1 0 0   0 1 0   0 0 1   0 0 0                                                                                                                            1.0 0.0 0.0 1.0    0.0 0.0 0.0 0.0
 -1 0 0   0 -1 0   0 0 1   0 0 0                                                                                                                           1.0 0.0 0.0 1.0    -0.5 0.0 0.0 0.5
 -1 0 0   0 1 0   0 0 -1   0 0 0                                                                                                                            0.0 1.0 1.0 0.0    0.0 1.0 0.0 0.0
 1 0 0   0 -1 0   0 0 -1   0 0 0                                                                                                                          0.0 1.0 1.0 0.0    0.0 -0.5 -0.5 0.0
   0 0 1   1 0 0   0 1 0   0 0 0  0.7071067811865476 0.7071067811865476 0.7071067811865476 0.7071067811865476    -0.7853981633974483 -2.356194490192345 -0.7853981633974483 0.7853981633974483
 0 0 1   -1 0 0   0 -1 0   0 0 0    0.7071067811865476 0.7071067811865476 0.7071067811865476 0.7071067811865476    0.7853981633974483 2.356194490192345 0.7853981633974483 -0.7853981633974483
 0 0 -1   -1 0 0   0 1 0   0 0 0  0.7071067811865476 0.7071067811865476 0.7071067811865476 0.7071067811865476    0.7853981633974483 -0.7853981633974483 -2.356194490192345 -0.7853981633974483
 0 0 -1   1 0 0   0 -1 0   0 0 0    0.7071067811865476 0.7071067811865476 0.7071067811865476 0.7071067811865476    -0.7853981633974483 0.7853981633974483 2.356194490192345 0.7853981633974483
   0 1 0   0 0 1   1 0 0   0 0 0    0.7071067811865476 0.7071067811865476 0.7071067811865476 0.7071067811865476    0.7853981633974483 0.7853981633974483 2.356194490192345 -0.7853981633974483
 0 -1 0   0 0 1   -1 0 0   0 0 0    0.7071067811865476 0.7071067811865476 0.7071067811865476 0.7071067811865476    -0.7853981633974483 2.356194490192345 0.7853981633974483 0.7853981633974483
 0 1 0   0 0 -1   -1 0 0   0 0 0  0.7071067811865476 0.7071067811865476 0.7071067811865476 0.7071067811865476    0.7853981633974483 -2.356194490192345 -0.7853981633974483 -0.7853981633974483
 0 -1 0   0 0 -1   1 0 0   0 0 0  0.7071067811865476 0.7071067811865476 0.7071067811865476 0.7071067811865476    -0.7853981633974483 -0.7853981633974483 -2.356194490192345 0.7853981633974483


 kpoint  GM : 0.000000 0.000000 0.000000  : 1 2 3 4 5 6 7 8 9 10 11 12
-GM5  2    2.000 0.000 0.000 0.000 -1.105 -1.105 -1.105 -1.105 -1.105 -1.105 -1.105 -1.105 0.000 0.000 2.000 0.000 -1.105 -1.105 0.617 0.617 0.617 -1.105 -1.105 0.617
-GM6GM7  4    4.000 0.000 0.000 0.000 -2.113 -2.113 -2.113 -2.113 -2.113 -2.113 -2.113 -2.113 0.000 0.000 0.000 0.000 0.000 0.000 0.000 0.000 0.000 0.000 0.000 0.000



 kpoint  M : 0.500000 0.500000 0.000000  : 1 2 3 4
-M5M5  4    4.000 0.000 0.000 0.000 0.000 0.000 0.000 0.000



 kpoint  R : 0.500000 0.500000 0.500000  : 1 2 3 4 5 6 7 8 9 10 11 12
-R5R5  4    4.000 0.000 0.000 0.000 -2.210 -2.210 -2.210 -2.210 -2.210 -2.210 -2.210 -2.210 0.000 0.000 0.000 0.000 0.000 0.000 0.000 0.000 0.000 0.000 0.000 0.000
-R6R7  4    4.000 0.000 0.000 0.000 -2.113 -2.113 -2.113 -2.113 -2.113 -2.113 -2.113 -2.113 0.000 0.000 0.000 0.000 0.000 0.000 0.000 0.000 0.000 0.000 0.000 0.000



 kpoint  X : 0.000000 0.500000 0.000000  : 1 2 3 4
-X5  2    2.000 0.000 0.000 0.000 0.000 0.000 0.000 2.000
