SG=Ia-3d'
 name=230.148
 nsym=24
 spinor=False
symmetries=
         1 0 0   0 1 0   0 0 1   0 0 0
 -1 0 0   0 -1 0   0 0 1   0 0.50000 0
 -1 0 0   0 1 0   0 0 -1   0.50000 0 0
 1 0 0   0 -1 0   0 0 -1   0 0 0.50000
         0 0 1   1 0 0   0 1 0   0 0 0
 0 0 1   -1 0 0   0 -1 0   0 0 0.50000
 0 0 -1   -1 0 0   0 1 0   0 0.50000 0
 0 0 -1   1 0 0   0 -1 0   0.50000 0 0
         0 1 0   0 0 1   1 0 0   0 0 0
 0 -1 0   0 0 1   -1 0 0   0.50000 0 0
 0 1 0   0 0 -1   -1 0 0   0 0 0.50000
 0 -1 0   0 0 -1   1 0 0   0 0.50000 0
      -1 0 0   0 -1 0   0 0 -1   0 0 0
  1 0 0   0 1 0   0 0 -1   0 0.50000 0
  1 0 0   0 -1 0   0 0 1   0.50000 0 0
  -1 0 0   0 1 0   0 0 1   0 0 0.50000
      0 0 -1   -1 0 0   0 -1 0   0 0 0
  0 0 -1   1 0 0   0 1 0   0 0 0.50000
  0 0 1   1 0 0   0 -1 0   0 0.50000 0
  0 0 1   -1 0 0   0 1 0   0.50000 0 0
      0 -1 0   0 0 -1   -1 0 0   0 0 0
  0 1 0   0 0 -1   1 0 0   0.50000 0 0
  0 -1 0   0 0 1   1 0 0   0 0 0.50000
  0 1 0   0 0 1   -1 0 0   0 0.50000 0


kpoint  GM : 0.000000 0.000000 0.000000 :  1 2 3 4 5 6 7 8 9 10 11 12 13 14 15 16 17 18 19 20 21 22 23 24
GM1+  1   1.000 1.000 1.000 1.000 1.000 1.000 1.000 1.000 1.000 1.000 1.000 1.000 1.000 1.000 1.000 1.000 1.000 1.000 1.000 1.000 1.000 1.000 1.000 1.000 1.000 1.000 1.000 1.000 1.000 1.000 1.000 1.000 1.000 1.000 1.000 1.000 1.000 1.000 1.000 1.000 1.000 1.000 1.000 1.000 1.000 1.000 1.000 1.000 1.000 1.000 1.000 1.000 1.000 1.000 1.000 1.000 1.000 1.000 1.000 1.000 1.000 1.000 1.000 1.000 1.000 1.000 1.000 1.000 1.000 1.000 1.000 1.000 1.000 1.000 1.000 1.000 1.000 1.000 1.000 1.000 1.000 1.000 1.000 1.000 1.000 1.000 1.000 1.000 1.000 1.000 1.000 1.000 1.000 1.000 1.000 1.000 1.000
GM1-  1   1.000 1.000 1.000 1.000 1.000 1.000 1.000 1.000 1.000 1.000 1.000 1.000 1.000 -1.000 -1.000 -1.000 -1.000 -1.000 -1.000 -1.000 -1.000 -1.000 -1.000 -1.000 -1.000 1.000 1.000 1.000 1.000 1.000 1.000 1.000 1.000 1.000 1.000 1.000 1.000 -1.000 -1.000 -1.000 -1.000 -1.000 -1.000 -1.000 -1.000 -1.000 -1.000 -1.000 -1.000 1.000 1.000 1.000 1.000 1.000 1.000 1.000 1.000 1.000 1.000 1.000 1.000 -1.000 -1.000 -1.000 -1.000 -1.000 -1.000 -1.000 -1.000 -1.000 -1.000 -1.000 -1.000 1.000 1.000 1.000 1.000 1.000 1.000 1.000 1.000 1.000 1.000 1.000 1.000 -1.000 -1.000 -1.000 -1.000 -1.000 -1.000 -1.000 -1.000 -1.000 -1.000 -1.000 -1.000 0.000 0.000 0.000 0.000 0.000 0.000 0.000 0.000 0.000 0.000 0.000 0.000 0.000 -1.000 -1.000 -1.000 -1.000 -1.000 -1.000 -1.000 -1.000 -1.000 -1.000 -1.000 -1.000 0.000 0.000 0.000 0.000 0.000 0.000 0.000 0.000 0.000 0.000 0.000 0.000 -1.000 -1.000 -1.000 -1.000 -1.000 -1.000 -1.000 -1.000 -1.000 -1.000 -1.000 -1.000 0.000 0.000 0.000 0.000 0.000 0.000 0.000 0.000 0.000 0.000 0.000 0.000 -1.000 -1.000 -1.000 -1.000 -1.000 -1.000 -1.000 -1.000 -1.000 -1.000 -1.000 -1.000 0.000 0.000 0.000 0.000 0.000 0.000 0.000 0.000 0.000 0.000 0.000 0.000 -1.000 -1.000 -1.000 -1.000 -1.000 -1.000 -1.000 -1.000 -1.000 -1.000 -1.000 -1.000
GM10  2   2.000 2.000 0.000 0.000 0.000 -1.057 -1.057 -1.057 -1.057 -1.057 -1.057 -1.057 -1.057 -2.000 0.000 0.000 0.000 1.093 1.093 1.093 1.093 1.093 1.093 1.093 1.093 -2.000 0.000 0.000 0.000 1.093 1.093 1.093 1.093 1.093 1.093 1.093 1.093 2.000 0.000 0.000 0.000 -1.057 -1.057 -1.057 -1.057 -1.057 -1.057 -1.057 -1.057 -1.414 -1.414 0.000 0.000 -0.309 1.352 1.352 -0.309 -1.399 -0.309 1.352 -0.309 1.414 1.414 0.000 0.000 -0.309 -1.399 -1.399 -0.309 1.352 -0.309 -1.399 -0.309 1.414 1.414 0.000 0.000 -0.309 -1.399 -1.399 -0.309 1.352 -0.309 -1.399 -0.309 -1.414 -1.414 0.000 0.000 -0.309 1.352 1.352 -0.309 -1.399 -0.309 1.352 -0.309 0.000 0.000 0.000 0.000 0.000 0.906 0.906 0.906 0.906 -0.906 -0.906 -0.906 -0.906 -1.000 0.000 0.000 0.000 0.047 0.047 0.047 0.047 -0.047 -0.047 -0.047 -0.047 -1.000 0.000 0.000 0.000 0.047 0.047 0.047 0.047 -0.047 -0.047 -0.047 -0.047 0.000 0.000 0.000 0.000 0.906 0.906 0.906 0.906 -0.906 -0.906 -0.906 -0.906 1.000 1.000 0.000 0.000 0.953 0.094 0.094 0.953 -0.953 -0.953 -0.094 -0.953 0.000 0.000 0.000 0.000 0.953 0.953 0.953 0.953 -0.094 -0.953 -0.953 -0.953 0.000 0.000 0.000 0.000 0.953 0.953 0.953 0.953 -0.094 -0.953 -0.953 -0.953 1.000 1.000 0.000 0.000 0.953 0.094 0.094 0.953 -0.953 -0.953 -0.094 -0.953
GM2+  1   1.000 1.000 1.000 1.000 1.000 -0.500 -0.500 -0.500 -0.500 -0.500 -0.500 -0.500 -0.500 1.000 1.000 1.000 1.000 -0.500 -0.500 -0.500 -0.500 -0.500 -0.500 -0.500 -0.500 1.000 1.000 1.000 1.000 -0.500 -0.500 -0.500 -0.500 -0.500 -0.500 -0.500 -0.500 1.000 1.000 1.000 1.000 -0.500 -0.500 -0.500 -0.500 -0.500 -0.500 -0.500 -0.500 1.000 1.000 1.000 1.000 -0.500 -0.500 -0.500 -0.500 -0.500 -0.500 -0.500 -0.500 1.000 1.000 1.000 1.000 -0.500 -0.500 -0.500 -0.500 -0.500 -0.500 -0.500 -0.500 1.000 1.000 1.000 1.000 -0.500 -0.500 -0.500 -0.500 -0.500 -0.500 -0.500 -0.500 1.000 1.000 1.000 1.000 -0.500 -0.500 -0.500 -0.500 -0.500 -0.500 -0.500 -0.500 0.000 0.000 0.000 0.000 0.000 0.667 0.667 0.667 0.667 -0.667 -0.667 -0.667 -0.667 0.000 0.000 0.000 0.000 0.667 0.667 0.667 0.667 -0.667 -0.667 -0.667 -0.667 0.000 0.000 0.000 0.000 0.667 0.667 0.667 0.667 -0.667 -0.667 -0.667 -0.667 0.000 0.000 0.000 0.000 0.667 0.667 0.667 0.667 -0.667 -0.667 -0.667 -0.667 0.000 0.000 0.000 0.000 -0.667 -0.667 -0.667 -0.667 0.667 0.667 0.667 0.667 0.000 0.000 0.000 0.000 -0.667 -0.667 -0.667 -0.667 0.667 0.667 0.667 0.667 0.000 0.000 0.000 0.000 -0.667 -0.667 -0.667 -0.667 0.667 0.667 0.667 0.667 0.000 0.000 0.000 0.000 -0.667 -0.667 -0.667 -0.667 0.667 0.667 0.667 0.667
GM2-  1   1.000 1.000 1.000 1.000 1.000 -0.500 -0.500 -0.500 -0.500 -0.500 -0.500 -0.500 -0.500 -1.000 -1.000 -1.000 -1.000 0.500 0.500 0.500 0.500 0.500 0.500 0.500 0.500 1.000 1.000 1.000 1.000 -0.500 -0.500 -0.500 -0.500 -0.500 -0.500 -0.500 -0.500 -1.000 -1.000 -1.000 -1.000 0.500 0.500 0.500 0.500 0.500 0.500 0.500 0.500 1.000 1.000 1.000 1.000 -0.500 -0.500 -0.500 -0.500 -0.500 -0.500 -0.500 -0.500 -1.000 -1.000 -1.000 -1.000 0.500 0.500 0.500 0.500 0.500 0.500 0.500 0.500 1.000 1.000 1.000 1.000 -0.500 -0.500 -0.500 -0.500 -0.500 -0.500 -0.500 -0.500 -1.000 -1.000 -1.000 -1.000 0.500 0.500 0.500 0.500 0.500 0.500 0.500 0.500 0.000 0.000 0.000 0.000 0.000 0.667 0.667 0.667 0.667 -0.667 -0.667 -0.667 -0.667 -1.000 -1.000 -1.000 -1.000 -0.333 -0.333 -0.333 -0.333 0.333 0.333 0.333 0.333 0.000 0.000 0.000 0.000 0.667 0.667 0.667 0.667 -0.667 -0.667 -0.667 -0.667 -1.000 -1.000 -1.000 -1.000 -0.333 -0.333 -0.333 -0.333 0.333 0.333 0.333 0.333 0.000 0.000 0.000 0.000 -0.667 -0.667 -0.667 -0.667 0.667 0.667 0.667 0.667 -1.000 -1.000 -1.000 -1.000 0.333 0.333 0.333 0.333 -0.333 -0.333 -0.333 -0.333 0.000 0.000 0.000 0.000 -0.667 -0.667 -0.667 -0.667 0.667 0.667 0.667 0.667 -1.000 -1.000 -1.000 -1.000 0.333 0.333 0.333 0.333 -0.333 -0.333 -0.333 -0.333
GM3+  1   1.000 1.000 1.000 1.000 1.000 -0.500 -0.500 -0.500 -0.500 -0.500 -0.500 -0.500 -0.500 1.000 1.000 1.000 1.000 -0.500 -0.500 -0.500 -0.500 -0.500 -0.500 -0.500 -0.500 1.000 1.000 1.000 1.000 -0.500 -0.500 -0.500 -0.500 -0.500 -0.500 -0.500 -0.500 1.000 1.000 1.000 1.000 -0.500 -0.500 -0.500 -0.500 -0.500 -0.500 -0.500 -0.500 1.000 1.000 1.000 1.000 -0.500 -0.500 -0.500 -0.500 -0.500 -0.500 -0.500 -0.500 1.000 1.000 1.000 1.000 -0.500 -0.500 -0.500 -0.500 -0.500 -0.500 -0.500 -0.500 1.000 1.000 1.000 1.000 -0.500 -0.500 -0.500 -0.500 -0.500 -0.500 -0.500 -0.500 1.000 1.000 1.000 1.000 -0.500 -0.500 -0.500 -0.500 -0.500 -0.500 -0.500 -0.500 0.000 0.000 0.000 0.000 0.000 -0.667 -0.667 -0.667 -0.667 0.667 0.667 0.667 0.667 0.000 0.000 0.000 0.000 -0.667 -0.667 -0.667 -0.667 0.667 0.667 0.667 0.667 0.000 0.000 0.000 0.000 -0.667 -0.667 -0.667 -0.667 0.667 0.667 0.667 0.667 0.000 0.000 0.000 0.000 -0.667 -0.667 -0.667 -0.667 0.667 0.667 0.667 0.667 0.000 0.000 0.000 0.000 0.667 0.667 0.667 0.667 -0.667 -0.667 -0.667 -0.667 0.000 0.000 0.000 0.000 0.667 0.667 0.667 0.667 -0.667 -0.667 -0.667 -0.667 0.000 0.000 0.000 0.000 0.667 0.667 0.667 0.667 -0.667 -0.667 -0.667 -0.667 0.000 0.000 0.000 0.000 0.667 0.667 0.667 0.667 -0.667 -0.667 -0.667 -0.667
GM3-  1   1.000 1.000 1.000 1.000 1.000 -0.500 -0.500 -0.500 -0.500 -0.500 -0.500 -0.500 -0.500 -1.000 -1.000 -1.000 -1.000 0.500 0.500 0.500 0.500 0.500 0.500 0.500 0.500 1.000 1.000 1.000 1.000 -0.500 -0.500 -0.500 -0.500 -0.500 -0.500 -0.500 -0.500 -1.000 -1.000 -1.000 -1.000 0.500 0.500 0.500 0.500 0.500 0.500 0.500 0.500 1.000 1.000 1.000 1.000 -0.500 -0.500 -0.500 -0.500 -0.500 -0.500 -0.500 -0.500 -1.000 -1.000 -1.000 -1.000 0.500 0.500 0.500 0.500 0.500 0.500 0.500 0.500 1.000 1.000 1.000 1.000 -0.500 -0.500 -0.500 -0.500 -0.500 -0.500 -0.500 -0.500 -1.000 -1.000 -1.000 -1.000 0.500 0.500 0.500 0.500 0.500 0.500 0.500 0.500 0.000 0.000 0.000 0.000 0.000 -0.667 -0.667 -0.667 -0.667 0.667 0.667 0.667 0.667 -1.000 -1.000 -1.000 -1.000 0.333 0.333 0.333 0.333 -0.333 -0.333 -0.333 -0.333 0.000 0.000 0.000 0.000 -0.667 -0.667 -0.667 -0.667 0.667 0.667 0.667 0.667 -1.000 -1.000 -1.000 -1.000 0.333 0.333 0.333 0.333 -0.333 -0.333 -0.333 -0.333 0.000 0.000 0.000 0.000 0.667 0.667 0.667 0.667 -0.667 -0.667 -0.667 -0.667 -1.000 -1.000 -1.000 -1.000 -0.333 -0.333 -0.333 -0.333 0.333 0.333 0.333 0.333 0.000 0.000 0.000 0.000 0.667 0.667 0.667 0.667 -0.667 -0.667 -0.667 -0.667 -1.000 -1.000 -1.000 -1.000 -0.333 -0.333 -0.333 -0.333 0.333 0.333 0.333 0.333
GM4+  3   3.000 3.000 -1.000 -1.000 -1.000 0.000 0.000 0.000 0.000 0.000 0.000 0.000 0.000 3.000 -1.000 -1.000 -1.000 0.000 0.000 0.000 0.000 0.000 0.000 0.000 0.000 3.000 -1.000 -1.000 -1.000 0.000 0.000 0.000 0.000 0.000 0.000 0.000 0.000 3.000 -1.000 -1.000 -1.000 0.000 0.000 0.000 0.000 0.000 0.000 0.000 0.000 -1.000 -1.000 1.000 1.000 1.000 -1.000 -1.000 1.000 1.000 -1.000 1.000 -1.000 -1.000 -1.000 1.000 1.000 1.000 -1.000 -1.000 1.000 1.000 -1.000 1.000 -1.000 -1.000 -1.000 1.000 1.000 1.000 -1.000 -1.000 1.000 1.000 -1.000 1.000 -1.000 -1.000 -1.000 1.000 1.000 1.000 -1.000 -1.000 1.000 1.000 -1.000 1.000 -1.000 0.000 0.000 -1.000 -1.000 -1.000 0.000 0.000 0.000 0.000 0.000 0.000 0.000 0.000 0.000 -1.000 -1.000 -1.000 0.000 0.000 0.000 0.000 0.000 0.000 0.000 0.000 0.000 -1.000 -1.000 -1.000 0.000 0.000 0.000 0.000 0.000 0.000 0.000 0.000 0.000 -1.000 -1.000 -1.000 0.000 0.000 0.000 0.000 0.000 0.000 0.000 0.000 -1.000 -1.000 0.000 0.000 0.000 -1.000 -1.000 0.000 0.000 -1.000 0.000 -1.000 -1.000 -1.000 0.000 0.000 0.000 -1.000 -1.000 0.000 0.000 -1.000 0.000 -1.000 -1.000 -1.000 0.000 0.000 0.000 -1.000 -1.000 0.000 0.000 -1.000 0.000 -1.000 -1.000 -1.000 0.000 0.000 0.000 -1.000 -1.000 0.000 0.000 -1.000 0.000 -1.000
GM4-  3   3.000 3.000 -1.000 -1.000 -1.000 0.000 0.000 0.000 0.000 0.000 0.000 0.000 0.000 -3.000 1.000 1.000 1.000 0.000 0.000 0.000 0.000 0.000 0.000 0.000 0.000 3.000 -1.000 -1.000 -1.000 0.000 0.000 0.000 0.000 0.000 0.000 0.000 0.000 -3.000 1.000 1.000 1.000 0.000 0.000 0.000 0.000 0.000 0.000 0.000 0.000 -1.000 -1.000 1.000 1.000 1.000 -1.000 -1.000 1.000 1.000 -1.000 1.000 -1.000 1.000 1.000 -1.000 -1.000 -1.000 1.000 1.000 -1.000 -1.000 1.000 -1.000 1.000 -1.000 -1.000 1.000 1.000 1.000 -1.000 -1.000 1.000 1.000 -1.000 1.000 -1.000 1.000 1.000 -1.000 -1.000 -1.000 1.000 1.000 -1.000 -1.000 1.000 -1.000 1.000 0.000 0.000 -1.000 -1.000 -1.000 0.000 0.000 0.000 0.000 0.000 0.000 0.000 0.000 -1.000 -0.000 -0.000 -0.000 0.000 0.000 0.000 0.000 0.000 0.000 0.000 0.000 0.000 -1.000 -1.000 -1.000 0.000 0.000 0.000 0.000 0.000 0.000 0.000 0.000 -1.000 -0.000 -0.000 -0.000 0.000 0.000 0.000 0.000 0.000 0.000 0.000 0.000 -1.000 -1.000 0.000 0.000 0.000 -1.000 -1.000 0.000 0.000 -1.000 0.000 -1.000 0.000 0.000 -1.000 -1.000 -1.000 0.000 0.000 -1.000 -1.000 0.000 -1.000 0.000 -1.000 -1.000 0.000 0.000 0.000 -1.000 -1.000 0.000 0.000 -1.000 0.000 -1.000 0.000 0.000 -1.000 -1.000 -1.000 0.000 0.000 -1.000 -1.000 0.000 -1.000 0.000
GM8  2   2.000 2.000 0.000 0.000 0.000 -1.105 -1.105 -1.105 -1.105 -1.105 -1.105 -1.105 -1.105 -2.000 0.000 0.000 0.000 0.617 0.617 0.617 0.617 0.617 0.617 0.617 0.617 -2.000 0.000 0.000 0.000 0.617 0.617 0.617 0.617 0.617 0.617 0.617 0.617 2.000 0.000 0.000 0.000 -1.105 -1.105 -1.105 -1.105 -1.105 -1.105 -1.105 -1.105 -1.414 -1.414 0.000 0.000 0.000 1.414 1.414 0.000 -1.414 0.000 1.414 0.000 1.414 1.414 0.000 0.000 0.000 -1.414 -1.414 0.000 1.414 0.000 -1.414 0.000 1.414 1.414 0.000 0.000 0.000 -1.414 -1.414 0.000 1.414 0.000 -1.414 0.000 -1.414 -1.414 0.000 0.000 0.000 1.414 1.414 0.000 -1.414 0.000 1.414 0.000 0.000 0.000 0.000 0.000 0.000 1.000 1.000 1.000 1.000 1.000 1.000 1.000 1.000 -1.000 0.000 0.000 0.000 0.000 0.000 0.000 0.000 0.000 0.000 0.000 0.000 -1.000 0.000 0.000 0.000 0.000 0.000 0.000 0.000 0.000 0.000 0.000 0.000 0.000 0.000 0.000 0.000 1.000 1.000 1.000 1.000 1.000 1.000 1.000 1.000 1.000 1.000 0.000 0.000 0.000 0.000 0.000 0.000 -1.000 0.000 0.000 0.000 0.000 0.000 0.000 0.000 0.000 -1.000 -1.000 0.000 0.000 0.000 -1.000 0.000 0.000 0.000 0.000 0.000 0.000 -1.000 -1.000 0.000 0.000 0.000 -1.000 0.000 1.000 1.000 0.000 0.000 0.000 0.000 0.000 0.000 -1.000 0.000 0.000 0.000
GM9  2   2.000 2.000 0.000 0.000 0.000 -1.057 -1.057 -1.057 -1.057 -1.057 -1.057 -1.057 -1.057 -2.000 0.000 0.000 0.000 1.093 1.093 1.093 1.093 1.093 1.093 1.093 1.093 -2.000 0.000 0.000 0.000 1.093 1.093 1.093 1.093 1.093 1.093 1.093 1.093 2.000 0.000 0.000 0.000 -1.057 -1.057 -1.057 -1.057 -1.057 -1.057 -1.057 -1.057 -1.414 -1.414 0.000 0.000 -0.309 1.352 1.352 -0.309 -1.399 -0.309 1.352 -0.309 1.414 1.414 0.000 0.000 -0.309 -1.399 -1.399 -0.309 1.352 -0.309 -1.399 -0.309 1.414 1.414 0.000 0.000 -0.309 -1.399 -1.399 -0.309 1.352 -0.309 -1.399 -0.309 -1.414 -1.414 0.000 0.000 -0.309 1.352 1.352 -0.309 -1.399 -0.309 1.352 -0.309 0.000 0.000 0.000 0.000 0.000 -0.906 -0.906 -0.906 -0.906 0.906 0.906 0.906 0.906 -1.000 0.000 0.000 0.000 -0.047 -0.047 -0.047 -0.047 0.047 0.047 0.047 0.047 -1.000 0.000 0.000 0.000 -0.047 -0.047 -0.047 -0.047 0.047 0.047 0.047 0.047 0.000 0.000 0.000 0.000 -0.906 -0.906 -0.906 -0.906 0.906 0.906 0.906 0.906 1.000 1.000 0.000 0.000 -0.953 -0.094 -0.094 -0.953 0.953 0.953 0.094 0.953 0.000 0.000 0.000 0.000 -0.953 -0.953 -0.953 -0.953 0.094 0.953 0.953 0.953 0.000 0.000 0.000 0.000 -0.953 -0.953 -0.953 -0.953 0.094 0.953 0.953 0.953 1.000 1.000 0.000 0.000 -0.953 -0.094 -0.094 -0.953 0.953 0.953 0.094 0.953



kpoint  H : 0.500000 0.500000 0.500000 ; H  :  1.0 1.0 1.0 :  1 2 3 4 5 6 7 8 9 10 11 12 13 14 15 16 17 18 19 20 21 22 23 24
H1-H1+  2   2.000 2.000 -2.000 -2.000 -2.000 2.000 -2.000 -2.000 -2.000 2.000 -2.000 -2.000 -2.000 0.000 0.000 0.000 0.000 0.000 0.000 0.000 0.000 0.000 0.000 0.000 0.000 2.000 -2.000 -2.000 -2.000 2.000 -2.000 -2.000 -2.000 2.000 -2.000 -2.000 -2.000 0.000 0.000 0.000 0.000 0.000 0.000 0.000 0.000 0.000 0.000 0.000 0.000 0.000 0.000 0.000 0.000 0.000 0.000 0.000 0.000 0.000 0.000 0.000 0.000 0.000 0.000 0.000 0.000 0.000 0.000 0.000 0.000 0.000 0.000 0.000 0.000 0.000 0.000 0.000 0.000 0.000 0.000 0.000 0.000 0.000 0.000 0.000 0.000 0.000 0.000 0.000 0.000 0.000 0.000 0.000 0.000 0.000 0.000 0.000 0.000 0.000 0.000 -1.000 -1.000 -1.000 0.000 -1.000 -1.000 -1.000 0.000 -1.000 -1.000 -1.000 0.000 0.000 0.000 0.000 0.000 0.000 0.000 0.000 0.000 0.000 0.000 0.000 0.000 -1.000 -1.000 -1.000 0.000 -1.000 -1.000 -1.000 0.000 -1.000 -1.000 -1.000 0.000 0.000 0.000 0.000 0.000 0.000 0.000 0.000 0.000 0.000 0.000 0.000 0.000 0.000 0.000 0.000 0.000 0.000 0.000 0.000 0.000 0.000 0.000 0.000 0.000 0.000 0.000 0.000 0.000 0.000 0.000 0.000 0.000 0.000 0.000 0.000 0.000 0.000 0.000 0.000 0.000 0.000 0.000 0.000 0.000 0.000 0.000 0.000 0.000 0.000 0.000 0.000 0.000 0.000 0.000 0.000 0.000 0.000 0.000 0.000
H2-H2+  2   2.000 2.000 -2.000 -2.000 -2.000 -1.000 1.000 1.000 1.000 -1.000 1.000 1.000 1.000 0.000 0.000 0.000 0.000 0.000 0.000 0.000 0.000 0.000 0.000 0.000 0.000 2.000 -2.000 -2.000 -2.000 -1.000 1.000 1.000 1.000 -1.000 1.000 1.000 1.000 0.000 0.000 0.000 0.000 0.000 0.000 0.000 0.000 0.000 0.000 0.000 0.000 0.000 0.000 0.000 0.000 0.000 0.000 0.000 0.000 0.000 0.000 0.000 0.000 0.000 0.000 0.000 0.000 0.000 0.000 0.000 0.000 0.000 0.000 0.000 0.000 0.000 0.000 0.000 0.000 0.000 0.000 0.000 0.000 0.000 0.000 0.000 0.000 0.000 0.000 0.000 0.000 0.000 0.000 0.000 0.000 0.000 0.000 0.000 0.000 0.000 0.000 -1.000 -1.000 -1.000 0.667 -0.333 -0.333 -0.333 -0.667 0.333 0.333 0.333 0.000 0.000 0.000 0.000 0.000 0.000 0.000 0.000 0.000 0.000 0.000 0.000 0.000 -1.000 -1.000 -1.000 0.667 -0.333 -0.333 -0.333 -0.667 0.333 0.333 0.333 0.000 0.000 0.000 0.000 0.000 0.000 0.000 0.000 0.000 0.000 0.000 0.000 0.000 0.000 0.000 0.000 0.000 0.000 0.000 0.000 0.000 0.000 0.000 0.000 0.000 0.000 0.000 0.000 0.000 0.000 0.000 0.000 0.000 0.000 0.000 0.000 0.000 0.000 0.000 0.000 0.000 0.000 0.000 0.000 0.000 0.000 0.000 0.000 0.000 0.000 0.000 0.000 0.000 0.000 0.000 0.000 0.000 0.000 0.000 0.000
H3-H3+  2   2.000 2.000 -2.000 -2.000 -2.000 -1.000 1.000 1.000 1.000 -1.000 1.000 1.000 1.000 0.000 0.000 0.000 0.000 0.000 0.000 0.000 0.000 0.000 0.000 0.000 0.000 2.000 -2.000 -2.000 -2.000 -1.000 1.000 1.000 1.000 -1.000 1.000 1.000 1.000 0.000 0.000 0.000 0.000 0.000 0.000 0.000 0.000 0.000 0.000 0.000 0.000 0.000 0.000 0.000 0.000 0.000 0.000 0.000 0.000 0.000 0.000 0.000 0.000 0.000 0.000 0.000 0.000 0.000 0.000 0.000 0.000 0.000 0.000 0.000 0.000 0.000 0.000 0.000 0.000 0.000 0.000 0.000 0.000 0.000 0.000 0.000 0.000 0.000 0.000 0.000 0.000 0.000 0.000 0.000 0.000 0.000 0.000 0.000 0.000 0.000 0.000 -1.000 -1.000 -1.000 -0.667 0.333 0.333 0.333 0.667 -0.333 -0.333 -0.333 0.000 0.000 0.000 0.000 0.000 0.000 0.000 0.000 0.000 0.000 0.000 0.000 0.000 -1.000 -1.000 -1.000 -0.667 0.333 0.333 0.333 0.667 -0.333 -0.333 -0.333 0.000 0.000 0.000 0.000 0.000 0.000 0.000 0.000 0.000 0.000 0.000 0.000 0.000 0.000 0.000 0.000 0.000 0.000 0.000 0.000 0.000 0.000 0.000 0.000 0.000 0.000 0.000 0.000 0.000 0.000 0.000 0.000 0.000 0.000 0.000 0.000 0.000 0.000 0.000 0.000 0.000 0.000 0.000 0.000 0.000 0.000 0.000 0.000 0.000 0.000 0.000 0.000 0.000 0.000 0.000 0.000 0.000 0.000 0.000 0.000
H4-H4+  6   6.000 6.000 2.000 2.000 2.000 0.000 0.000 0.000 0.000 0.000 0.000 0.000 0.000 0.000 0.000 0.000 0.000 0.000 0.000 0.000 0.000 0.000 0.000 0.000 0.000 6.000 2.000 2.000 2.000 0.000 0.000 0.000 0.000 0.000 0.000 0.000 0.000 0.000 0.000 0.000 0.000 0.000 0.000 0.000 0.000 0.000 0.000 0.000 0.000 0.000 0.000 0.000 0.000 0.000 0.000 0.000 0.000 0.000 0.000 0.000 0.000 0.000 0.000 0.000 0.000 0.000 0.000 0.000 0.000 0.000 0.000 0.000 0.000 0.000 0.000 0.000 0.000 0.000 0.000 0.000 0.000 0.000 0.000 0.000 0.000 0.000 0.000 0.000 0.000 0.000 0.000 0.000 0.000 0.000 0.000 0.000 0.000 0.000 0.000 -0.000 -0.000 -0.000 0.000 0.000 0.000 0.000 0.000 0.000 0.000 0.000 0.000 0.000 0.000 0.000 0.000 0.000 0.000 0.000 0.000 0.000 0.000 0.000 0.000 -0.000 -0.000 -0.000 0.000 0.000 0.000 0.000 0.000 0.000 0.000 0.000 0.000 0.000 0.000 0.000 0.000 0.000 0.000 0.000 0.000 0.000 0.000 0.000 0.000 0.000 0.000 0.000 0.000 0.000 0.000 0.000 0.000 0.000 0.000 0.000 0.000 0.000 0.000 0.000 0.000 0.000 0.000 0.000 0.000 0.000 0.000 0.000 0.000 0.000 0.000 0.000 0.000 0.000 0.000 0.000 0.000 0.000 0.000 0.000 0.000 0.000 0.000 0.000 0.000 0.000 0.000 0.000 0.000 0.000 0.000 0.000



kpoint  N : 0.000000 0.000000 0.500000 ; N  :  0.5 0.5 0.0 :  1 2 3 4
N1  2   2.000 2.000 0.000 0.000 0.000 2.000 0.000 0.000 0.000 -1.932 0.000 0.000 0.000 -1.932 0.000 0.000 0.000 0.000 0.000 0.000 0.000 0.000 0.000 0.000 0.000 0.000 -0.917 0.000 0.000 0.000 -0.917 0.000 0.000 0.000



kpoint  P : 0.250000 0.250000 0.250000 ; P  :  0.5 0.5 0.5 :  1 2 3 4 5 6 7 8 9 10 11 12
P1  2   2.000 2.000 0.000 0.000 0.000 1.093 0.082 0.082 0.082 1.093 0.082 0.082 0.082 2.000 0.000 0.000 0.000 1.093 0.082 0.082 0.082 1.093 0.082 0.082 0.082 1.000 -1.000 0.000 0.000 0.962 0.212 -0.176 0.962 -0.176 -0.799 -0.176 -1.315 1.000 -1.000 0.000 0.000 0.962 0.212 -0.176 0.962 -0.176 -0.799 -0.176 -1.315 0.000 0.000 0.000 0.000 0.000 0.047 0.476 0.476 0.476 -0.047 -0.476 -0.476 -0.476 0.000 0.000 0.000 0.000 0.047 0.476 0.476 0.476 -0.047 -0.476 -0.476 -0.476 0.250 0.750 0.000 0.000 -0.262 -0.262 -0.691 -0.262 0.691 0.691 0.691 -0.880 0.250 0.750 0.000 0.000 -0.262 -0.262 -0.691 -0.262 0.691 0.691 0.691 -0.880
P2  2   2.000 2.000 0.000 0.000 0.000 0.617 -0.244 -0.244 -0.244 0.617 -0.244 -0.244 -0.244 2.000 0.000 0.000 0.000 0.617 -0.244 -0.244 -0.244 0.617 -0.244 -0.244 -0.244 1.000 -1.000 0.000 0.000 0.617 -0.244 -0.244 0.617 -0.244 -1.105 -0.244 -1.105 1.000 -1.000 0.000 0.000 0.617 -0.244 -0.244 0.617 -0.244 -1.105 -0.244 -1.105 0.000 0.000 0.000 0.000 0.000 0.000 0.571 0.571 0.571 0.000 -0.571 -0.571 -0.571 0.000 0.000 0.000 0.000 0.000 0.571 0.571 0.571 0.000 -0.571 -0.571 -0.571 0.250 0.750 0.000 0.000 -0.356 0.785 -0.785 -0.356 0.785 0.785 0.785 -0.785 0.250 0.750 0.000 0.000 -0.356 0.785 -0.785 -0.356 0.785 0.785 0.785 -0.785
P3  2   2.000 2.000 0.000 0.000 0.000 1.093 -0.046 -0.046 -0.046 1.093 -0.046 -0.046 -0.046 2.000 0.000 0.000 0.000 1.093 -0.046 -0.046 -0.046 1.093 -0.046 -0.046 -0.046 1.000 -1.000 0.000 0.000 1.223 -0.176 0.212 1.223 0.212 -1.315 0.212 -0.799 1.000 -1.000 0.000 0.000 1.223 -0.176 0.212 1.223 0.212 -1.315 0.212 -0.799 0.000 0.000 0.000 0.000 0.000 -0.047 0.524 0.524 0.524 0.047 -0.524 -0.524 -0.524 0.000 0.000 0.000 0.000 -0.047 0.524 0.524 0.524 0.047 -0.524 -0.524 -0.524 0.250 0.750 0.000 0.000 -0.167 0.691 0.262 -0.167 -0.262 0.880 -0.262 -0.691 0.250 0.750 0.000 0.000 -0.167 0.691 0.262 -0.167 -0.262 0.880 -0.262 -0.691
