SG=P_I4/nmm
 name=129.422
 nsym=16
 spinor=True
symmetries=
               1 0 0   0 1 0   0 0 1   0 0 0     1.0 0.0 0.0 1.0    0.0 0.0 0.0 0.0
 -1 0 0   0 -1 0   0 0 1   0.50000 0.50000 0    1.0 0.0 0.0 1.0    -0.5 0.0 0.0 0.5
        0 -1 0   1 0 0   0 0 1   0.50000 0 0   1.0 0.0 0.0 1.0    0.75 0.0 0.0 0.25
        0 1 0   -1 0 0   0 0 1   0 0.50000 0   1.0 0.0 0.0 1.0    0.25 0.0 0.0 0.75
       -1 0 0   0 1 0   0 0 -1   0 0.50000 0     0.0 1.0 1.0 0.0    0.0 1.0 0.0 0.0
       1 0 0   0 -1 0   0 0 -1   0.50000 0 0   0.0 1.0 1.0 0.0    0.0 -0.5 -0.5 0.0
  0 1 0   1 0 0   0 0 -1   0.50000 0.50000 0  0.0 1.0 1.0 0.0    0.0 -0.75 0.75 0.0
            0 -1 0   -1 0 0   0 0 -1   0 0 0   0.0 1.0 1.0 0.0    0.0 0.75 0.25 0.0
            -1 0 0   0 -1 0   0 0 -1   0 0 0     1.0 0.0 0.0 1.0    0.0 0.0 0.0 0.0
  1 0 0   0 1 0   0 0 -1   0.50000 0.50000 0    1.0 0.0 0.0 1.0    -0.5 0.0 0.0 0.5
       0 1 0   -1 0 0   0 0 -1   0.50000 0 0   1.0 0.0 0.0 1.0    0.75 0.0 0.0 0.25
       0 -1 0   1 0 0   0 0 -1   0 0.50000 0   1.0 0.0 0.0 1.0    0.25 0.0 0.0 0.75
        1 0 0   0 -1 0   0 0 1   0 0.50000 0     0.0 1.0 1.0 0.0    0.0 1.0 0.0 0.0
        -1 0 0   0 1 0   0 0 1   0.50000 0 0   0.0 1.0 1.0 0.0    0.0 -0.5 -0.5 0.0
 0 -1 0   -1 0 0   0 0 1   0.50000 0.50000 0  0.0 1.0 1.0 0.0    0.0 -0.75 0.75 0.0
               0 1 0   1 0 0   0 0 1   0 0 0   0.0 1.0 1.0 0.0    0.0 0.75 0.25 0.0


kpoint  GM : 0.000000 0.000000 0.000000 :  1 2 3 4 5 6 7 8 9 10 11 12 13 14 15 16
-GM6  2   2.000 2.000 0.000 -1.414 -1.414 0.000 0.000 0.000 0.000 2.000 0.000 -1.414 -1.414 0.000 0.000 0.000 0.000 -2.000 0.000 1.414 1.414 0.000 0.000 0.000 0.000 -2.000 0.000 1.414 1.414 0.000 0.000 0.000 0.000 0.000 0.000 0.000 0.000 -1.414 -1.414 2.000 0.000 0.000 0.000 0.000 0.000 -1.414 -1.414 2.000 0.000 0.000 0.000 0.000 0.000 1.414 1.414 -2.000 0.000 0.000 0.000 0.000 0.000 1.414 1.414 -2.000 0.000 0.000 0.000 0.000 1.000 1.000 0.000 0.000 0.000 0.000 0.000 0.000 1.000 1.000 0.000 0.000 0.000 0.000 -1.000 0.000 0.000 0.000 0.000 0.000 0.000 0.000 -1.000 0.000 0.000 0.000 0.000 0.000 0.000 0.000 0.000 0.000 0.000 0.000 1.000 1.000 0.000 0.000 0.000 0.000 0.000 0.000 1.000 1.000 0.000 0.000 0.000 0.000 0.000 0.000 0.000 0.000 -1.000 0.000 0.000 0.000 0.000 0.000 0.000 0.000 -1.000 0.000
-GM7  2   2.000 2.000 0.000 1.414 1.414 0.000 0.000 0.000 0.000 2.000 0.000 1.414 1.414 0.000 0.000 0.000 0.000 -2.000 0.000 -1.414 -1.414 0.000 0.000 0.000 0.000 -2.000 0.000 -1.414 -1.414 0.000 0.000 0.000 0.000 0.000 0.000 0.000 0.000 1.414 1.414 2.000 0.000 0.000 0.000 0.000 0.000 1.414 1.414 2.000 0.000 0.000 0.000 0.000 0.000 -1.414 -1.414 -2.000 0.000 0.000 0.000 0.000 0.000 -1.414 -1.414 -2.000 0.000 0.000 0.000 0.000 0.000 0.000 0.000 0.000 0.000 0.000 0.000 0.000 0.000 0.000 0.000 0.000 0.000 0.000 -1.000 0.000 1.000 1.000 0.000 0.000 0.000 0.000 -1.000 0.000 1.000 1.000 0.000 0.000 0.000 0.000 0.000 0.000 0.000 0.000 0.000 0.000 0.000 0.000 0.000 0.000 0.000 0.000 0.000 0.000 0.000 0.000 0.000 0.000 0.000 0.000 1.000 1.000 -1.000 0.000 0.000 0.000 0.000 0.000 1.000 1.000 -1.000 0.000



kpoint  A : 0.500000 0.500000 0.500000 ; A  :  0.5 0.5 0.5 :  1 2 3 4 5 6 7 8 9 10 11 12 13 14 15 16
-A5  4   4.000 4.000 0.000 0.000 0.000 0.000 0.000 0.000 0.000 0.000 0.000 0.000 0.000 0.000 0.000 0.000 0.000 -4.000 0.000 0.000 0.000 0.000 0.000 0.000 0.000 0.000 0.000 0.000 0.000 0.000 0.000 0.000 0.000 0.000 0.000 0.000 0.000 0.000 0.000 0.000 0.000 0.000 0.000 0.000 0.000 0.000 0.000 0.000 0.000 0.000 0.000 0.000 0.000 0.000 0.000 0.000 0.000 0.000 0.000 0.000 0.000 0.000 0.000 0.000 0.000 0.000 0.000 0.000 0.000 0.000 0.000 0.000 0.000 0.000 0.000 0.000 0.000 0.000 0.000 0.000 0.000 0.000 -1.000 0.000 0.000 0.000 0.000 0.000 0.000 0.000 0.000 0.000 0.000 0.000 0.000 0.000 0.000 0.000 0.000 0.000 0.000 0.000 -0.500 0.000 0.000 0.000 0.000 0.000 0.000 0.000 0.000 -0.500 0.000 0.000 0.000 0.000 0.000 0.000 0.500 0.000 0.000 0.000 0.000 0.000 0.000 0.000 0.000 0.500 0.000 0.000



kpoint  M : 0.500000 0.500000 0.000000 ; M  :  0.5 0.5 0.0 :  1 2 3 4 5 6 7 8 9 10 11 12 13 14 15 16
-M5  4   4.000 4.000 0.000 0.000 0.000 0.000 0.000 0.000 0.000 0.000 0.000 0.000 0.000 0.000 0.000 0.000 0.000 -4.000 0.000 0.000 0.000 0.000 0.000 0.000 0.000 0.000 0.000 0.000 0.000 0.000 0.000 0.000 0.000 0.000 0.000 0.000 0.000 0.000 0.000 2.000 2.000 0.000 0.000 0.000 0.000 0.000 0.000 2.000 -2.000 0.000 0.000 0.000 0.000 0.000 0.000 -2.000 -2.000 0.000 0.000 0.000 0.000 0.000 0.000 -2.000 2.000 0.000 0.000 0.000 0.000 0.000 0.000 0.000 0.000 0.000 0.000 0.000 0.000 0.000 0.000 0.000 0.000 0.000 -1.000 0.000 0.000 0.000 0.000 0.000 0.000 0.000 0.000 0.000 0.000 0.000 0.000 0.000 0.000 0.000 0.000 0.000 0.000 0.000 0.000 0.000 0.000 0.000 0.000 0.000 0.000 0.000 0.000 0.000 0.000 -1.000 0.000 0.000 0.000 0.000 0.000 0.000 -1.000 -1.000 0.000 0.000 0.000 0.000 0.000 0.000 -1.000 0.000



kpoint  R : 0.000000 0.500000 0.500000 ; R  :  0.0 0.5 0.5 :  1 2 3 4 5 6 7 8
-R3R4  4   4.000 4.000 0.000 0.000 0.000 0.000 0.000 0.000 0.000 -4.000 0.000 0.000 0.000 0.000 0.000 0.000 0.000 0.000 0.000 0.000 0.000 0.000 0.000 0.000 0.000 0.000 0.000 0.000 0.000 0.000 0.000 0.000 0.000 0.000 0.000 0.000 0.000 0.000 0.000 0.000 0.000 0.000 -1.000 0.000 0.000 0.000 0.000 0.000 0.000 0.000 0.000 0.000 0.000 0.000 0.000 0.000 0.000 0.000 0.000 0.000 0.000 0.000 0.000 0.000 0.000 0.000



kpoint  X : 0.000000 0.500000 0.000000 ; X  :  0.0 0.5 0.0 :  1 2 3 4 5 6 7 8
-X3  2   2.000 2.000 0.000 0.000 -0.000 0.000 0.000 0.000 0.000 -2.000 0.000 0.000 -0.000 0.000 0.000 0.000 0.000 0.000 0.000 0.000 0.000 0.000 2.000 -0.000 0.000 0.000 0.000 0.000 0.000 0.000 -2.000 -0.000 0.000 0.000 0.000 0.000 0.000 -0.500 0.000 0.000 0.000 0.000 -1.000 0.000 0.000 0.500 0.000 0.000 0.000 0.000 0.000 0.000 0.000 0.000 0.000 0.000 0.500 0.000 0.000 0.000 0.000 0.000 0.000 -1.000 -0.500 0.000
-X4  2   2.000 2.000 0.000 0.000 -0.000 0.000 0.000 0.000 0.000 -2.000 0.000 0.000 -0.000 0.000 0.000 0.000 0.000 0.000 0.000 0.000 0.000 0.000 2.000 -0.000 0.000 0.000 0.000 0.000 0.000 0.000 -2.000 -0.000 0.000 0.000 0.000 0.000 0.000 0.500 0.000 0.000 0.000 0.000 -1.000 0.000 0.000 -0.500 0.000 0.000 0.000 0.000 0.000 0.000 0.000 0.000 0.000 0.000 -0.500 0.000 0.000 0.000 0.000 0.000 0.000 -1.000 0.500 0.000



kpoint  Z : 0.000000 0.000000 0.500000 ; Z  :  0.0 0.0 0.5 :  1 2 3 4 5 6 7 8 9 10 11 12 13 14 15 16
-Z6Z8  4   4.000 4.000 0.000 -2.828 -2.828 0.000 0.000 0.000 0.000 0.000 0.000 0.000 0.000 0.000 0.000 0.000 0.000 -4.000 0.000 2.828 2.828 0.000 0.000 0.000 0.000 0.000 0.000 0.000 0.000 0.000 0.000 0.000 0.000 0.000 0.000 0.000 0.000 0.000 0.000 0.000 0.000 0.000 0.000 0.000 0.000 0.000 0.000 0.000 0.000 0.000 0.000 0.000 0.000 0.000 0.000 0.000 0.000 0.000 0.000 0.000 0.000 0.000 0.000 0.000 0.000 0.000 0.000 0.000 1.000 1.000 0.000 0.000 0.000 0.000 0.000 0.000 0.000 0.000 0.000 0.000 0.000 0.000 -1.000 0.000 0.000 0.000 0.000 0.000 0.000 0.000 0.000 0.000 0.000 0.000 0.000 0.000 0.000 0.000 0.000 0.000 0.000 0.000 0.000 0.000 0.000 0.000 0.000 0.000 0.000 0.000 0.000 0.000 0.000 0.000 0.000 0.000 0.000 0.000 0.000 0.000 0.000 0.000 0.000 0.000 0.000 0.000 0.000 0.000 0.000 0.000
-Z7Z9  4   4.000 4.000 0.000 2.828 2.828 0.000 0.000 0.000 0.000 0.000 0.000 0.000 0.000 0.000 0.000 0.000 0.000 -4.000 0.000 -2.828 -2.828 0.000 0.000 0.000 0.000 0.000 0.000 0.000 0.000 0.000 0.000 0.000 0.000 0.000 0.000 0.000 0.000 0.000 0.000 0.000 0.000 0.000 0.000 0.000 0.000 0.000 0.000 0.000 0.000 0.000 0.000 0.000 0.000 0.000 0.000 0.000 0.000 0.000 0.000 0.000 0.000 0.000 0.000 0.000 0.000 0.000 0.000 0.000 0.000 0.000 0.000 0.000 0.000 0.000 0.000 0.000 0.000 0.000 0.000 0.000 0.000 0.000 -1.000 0.000 1.000 1.000 0.000 0.000 0.000 0.000 0.000 0.000 0.000 0.000 0.000 0.000 0.000 0.000 0.000 0.000 0.000 0.000 0.000 0.000 0.000 0.000 0.000 0.000 0.000 0.000 0.000 0.000 0.000 0.000 0.000 0.000 0.000 0.000 0.000 0.000 0.000 0.000 0.000 0.000 0.000 0.000 0.000 0.000 0.000 0.000
