SG=P6/mcc1'
 name=192.244
 nsym=24
 spinor=True
symmetries=
          1 0 0   0 1 0   0 0 1   0 0 0                                 1.0 0.0 0.0 1.0    0.0 0.0 0.0 0.0
        0 -1 0   1 -1 0   0 0 1   0 0 0   1.0 0.0 0.0 1.0    0.3333333333333333 0.0 0.0 0.6666666666666667
        -1 1 0   -1 0 0   0 0 1   0 0 0   1.0 0.0 0.0 1.0    0.6666666666666667 0.0 0.0 0.3333333333333333
        -1 0 0   0 -1 0   0 0 1   0 0 0                                1.0 0.0 0.0 1.0    -0.5 0.0 0.0 0.5
         0 1 0   -1 1 0   0 0 1   0 0 0  1.0 0.0 0.0 1.0    0.8333333333333334 0.0 0.0 0.16666666666666669
         1 -1 0   1 0 0   0 0 1   0 0 0  1.0 0.0 0.0 1.0    0.16666666666666669 0.0 0.0 0.8333333333333334
   0 1 0   1 0 0   0 0 -1   0 0 0.50000  0.0 1.0 1.0 0.0    0.0 -0.6666666666666667 0.6666666666666667 0.0
 1 -1 0   0 -1 0   0 0 -1   0 0 0.50000                                 0.0 1.0 1.0 0.0    0.0 1.0 0.0 0.0
 -1 0 0   -1 1 0   0 0 -1   0 0 0.50000   0.0 1.0 1.0 0.0    0.0 0.6666666666666667 0.3333333333333333 0.0
 0 -1 0   -1 0 0   0 0 -1   0 0 0.50000  0.0 1.0 1.0 0.0    0.0 0.8333333333333334 0.16666666666666669 0.0
  -1 1 0   0 1 0   0 0 -1   0 0 0.50000                               0.0 1.0 1.0 0.0    0.0 -0.5 -0.5 0.0
  1 0 0   1 -1 0   0 0 -1   0 0 0.50000  0.0 1.0 1.0 0.0    0.0 0.16666666666666669 0.8333333333333334 0.0
       -1 0 0   0 -1 0   0 0 -1   0 0 0                                 1.0 0.0 0.0 1.0    0.0 0.0 0.0 0.0
        0 1 0   -1 1 0   0 0 -1   0 0 0   1.0 0.0 0.0 1.0    0.3333333333333333 0.0 0.0 0.6666666666666667
        1 -1 0   1 0 0   0 0 -1   0 0 0   1.0 0.0 0.0 1.0    0.6666666666666667 0.0 0.0 0.3333333333333333
         1 0 0   0 1 0   0 0 -1   0 0 0                                1.0 0.0 0.0 1.0    -0.5 0.0 0.0 0.5
       0 -1 0   1 -1 0   0 0 -1   0 0 0  1.0 0.0 0.0 1.0    0.8333333333333334 0.0 0.0 0.16666666666666669
       -1 1 0   -1 0 0   0 0 -1   0 0 0  1.0 0.0 0.0 1.0    0.16666666666666669 0.0 0.0 0.8333333333333334
  0 -1 0   -1 0 0   0 0 1   0 0 0.50000  0.0 1.0 1.0 0.0    0.0 -0.6666666666666667 0.6666666666666667 0.0
   -1 1 0   0 1 0   0 0 1   0 0 0.50000                                 0.0 1.0 1.0 0.0    0.0 1.0 0.0 0.0
   1 0 0   1 -1 0   0 0 1   0 0 0.50000   0.0 1.0 1.0 0.0    0.0 0.6666666666666667 0.3333333333333333 0.0
    0 1 0   1 0 0   0 0 1   0 0 0.50000  0.0 1.0 1.0 0.0    0.0 0.8333333333333334 0.16666666666666669 0.0
  1 -1 0   0 -1 0   0 0 1   0 0 0.50000                               0.0 1.0 1.0 0.0    0.0 -0.5 -0.5 0.0
  -1 0 0   -1 1 0   0 0 1   0 0 0.50000  0.0 1.0 1.0 0.0    0.0 0.16666666666666669 0.8333333333333334 0.0


kpoint  GM : 0.000000 0.000000 0.000000 :  1 2 3 4 5 6 7 8 9 10 11 12 13 14 15 16 17 18 19 20 21 22 23 24
-GM7  2   2.000 2.000 -2.000 -2.000 0.000 0.000 0.000 0.000 0.000 0.000 0.000 0.000 0.000 2.000 -2.000 -2.000 0.000 0.000 0.000 0.000 0.000 0.000 0.000 0.000 0.000 -2.000 2.000 2.000 0.000 0.000 0.000 0.000 0.000 0.000 0.000 0.000 0.000 -2.000 2.000 2.000 0.000 0.000 0.000 0.000 0.000 0.000 0.000 0.000 0.000 0.000 0.000 0.000 0.000 0.000 0.000 2.000 -2.000 2.000 0.000 0.000 0.000 0.000 0.000 0.000 0.000 0.000 0.000 2.000 -2.000 2.000 0.000 0.000 0.000 0.000 0.000 0.000 0.000 0.000 0.000 -2.000 2.000 -2.000 0.000 0.000 0.000 0.000 0.000 0.000 0.000 0.000 0.000 -2.000 2.000 -2.000 0.000 0.000 0.000 0.000 0.000 -1.000 -1.000 0.000 0.000 0.000 0.000 0.000 0.000 0.000 0.000 0.000 0.000 -1.000 -1.000 0.000 0.000 0.000 0.000 0.000 0.000 0.000 0.000 0.000 -1.000 0.000 0.000 0.000 0.000 0.000 0.000 0.000 0.000 0.000 0.000 0.000 -1.000 0.000 0.000 0.000 0.000 0.000 0.000 0.000 0.000 0.000 0.000 0.000 0.000 0.000 0.000 0.000 0.000 0.000 0.000 -1.000 0.000 0.000 0.000 0.000 0.000 0.000 0.000 0.000 0.000 0.000 0.000 -1.000 0.000 0.000 0.000 0.000 0.000 0.000 0.000 0.000 0.000 0.000 -1.000 0.000 -1.000 0.000 0.000 0.000 0.000 0.000 0.000 0.000 0.000 0.000 -1.000 0.000 -1.000 0.000 0.000 0.000
-GM8  2   2.000 2.000 1.000 1.000 0.000 -1.732 -1.732 0.000 0.000 0.000 0.000 0.000 0.000 2.000 1.000 1.000 0.000 -1.732 -1.732 0.000 0.000 0.000 0.000 0.000 0.000 -2.000 -1.000 -1.000 0.000 1.732 1.732 0.000 0.000 0.000 0.000 0.000 0.000 -2.000 -1.000 -1.000 0.000 1.732 1.732 0.000 0.000 0.000 0.000 0.000 0.000 0.000 0.000 0.000 0.000 0.000 0.000 2.000 1.000 -1.000 0.000 -1.732 1.732 0.000 0.000 0.000 0.000 0.000 0.000 2.000 1.000 -1.000 0.000 -1.732 1.732 0.000 0.000 0.000 0.000 0.000 0.000 -2.000 -1.000 1.000 0.000 1.732 -1.732 0.000 0.000 0.000 0.000 0.000 0.000 -2.000 -1.000 1.000 0.000 1.732 -1.732 0.000 0.000 0.000 0.000 0.000 1.000 1.000 0.000 0.000 0.000 0.000 0.000 0.000 0.000 0.000 0.000 0.000 1.000 1.000 0.000 0.000 0.000 0.000 0.000 0.000 -1.000 1.000 1.000 0.000 0.000 0.000 0.000 0.000 0.000 0.000 0.000 0.000 -1.000 1.000 1.000 0.000 0.000 0.000 0.000 0.000 0.000 0.000 0.000 0.000 0.000 0.000 0.000 0.000 0.000 0.000 0.000 0.000 1.000 0.000 1.000 0.000 0.000 0.000 0.000 0.000 0.000 0.000 0.000 0.000 1.000 0.000 1.000 0.000 0.000 0.000 0.000 0.000 0.000 0.000 -1.000 1.000 0.000 0.000 0.000 1.000 0.000 0.000 0.000 0.000 0.000 0.000 -1.000 1.000 0.000 0.000 0.000 1.000
-GM9  2   2.000 2.000 1.000 1.000 0.000 1.732 1.732 0.000 0.000 0.000 0.000 0.000 0.000 2.000 1.000 1.000 0.000 1.732 1.732 0.000 0.000 0.000 0.000 0.000 0.000 -2.000 -1.000 -1.000 0.000 -1.732 -1.732 0.000 0.000 0.000 0.000 0.000 0.000 -2.000 -1.000 -1.000 0.000 -1.732 -1.732 0.000 0.000 0.000 0.000 0.000 0.000 0.000 0.000 0.000 0.000 0.000 0.000 2.000 1.000 -1.000 0.000 1.732 -1.732 0.000 0.000 0.000 0.000 0.000 0.000 2.000 1.000 -1.000 0.000 1.732 -1.732 0.000 0.000 0.000 0.000 0.000 0.000 -2.000 -1.000 1.000 0.000 -1.732 1.732 0.000 0.000 0.000 0.000 0.000 0.000 -2.000 -1.000 1.000 0.000 -1.732 1.732 0.000 0.000 0.000 0.000 0.000 0.000 0.000 0.000 0.000 0.000 0.000 0.000 0.000 0.000 0.000 0.000 0.000 0.000 0.000 0.000 0.000 0.000 0.000 0.000 0.000 -1.000 1.000 1.000 0.000 1.000 1.000 0.000 0.000 0.000 0.000 0.000 0.000 -1.000 1.000 1.000 0.000 1.000 1.000 0.000 0.000 0.000 0.000 0.000 0.000 0.000 0.000 0.000 0.000 0.000 0.000 0.000 0.000 1.000 0.000 0.000 1.000 0.000 0.000 0.000 0.000 0.000 0.000 0.000 0.000 1.000 0.000 0.000 1.000 0.000 0.000 0.000 0.000 0.000 0.000 -1.000 1.000 0.000 0.000 1.000 0.000 0.000 0.000 0.000 0.000 0.000 0.000 -1.000 1.000 0.000 0.000 1.000 0.000



kpoint  A : 0.000000 0.000000 0.500000 ; A  :  0.0 0.0 0.5 :  1 2 3 4 5 6 7 8 9 10 11 12 13 14 15 16 17 18 19 20 21 22 23 24
-A10A7  4   4.000 4.000 -4.000 -4.000 0.000 0.000 0.000 0.000 0.000 0.000 0.000 0.000 0.000 0.000 0.000 0.000 0.000 0.000 0.000 0.000 0.000 0.000 0.000 0.000 0.000 -4.000 4.000 4.000 0.000 0.000 0.000 0.000 0.000 0.000 0.000 0.000 0.000 0.000 0.000 0.000 0.000 0.000 0.000 0.000 0.000 0.000 0.000 0.000 0.000 0.000 0.000 0.000 0.000 0.000 0.000 0.000 0.000 0.000 0.000 0.000 0.000 0.000 0.000 0.000 0.000 0.000 0.000 0.000 0.000 0.000 0.000 0.000 0.000 0.000 0.000 0.000 0.000 0.000 0.000 0.000 0.000 0.000 0.000 0.000 0.000 0.000 0.000 0.000 0.000 0.000 0.000 0.000 0.000 0.000 0.000 0.000 0.000 0.000 0.000 -1.000 -1.000 0.000 0.000 0.000 0.000 0.000 0.000 0.000 0.000 0.000 0.000 0.000 0.000 0.000 0.000 0.000 0.000 0.000 0.000 0.000 0.000 0.000 -1.000 0.000 0.000 0.000 0.000 0.000 0.000 0.000 0.000 0.000 0.000 0.000 0.000 0.000 0.000 0.000 0.000 0.000 0.000 0.000 0.000 0.000 0.000 0.000 0.000 0.000 0.000 0.000 0.000 0.000 0.000 0.000 0.000 0.000 0.000 0.000 0.000 0.000 0.000 0.000 0.000 0.000 0.000 0.000 0.000 0.000 0.000 0.000 0.000 0.000 0.000 0.000 0.000 0.000 0.000 0.000 0.000 0.000 0.000 0.000 0.000 0.000 0.000 0.000 0.000 0.000 0.000 0.000 0.000 0.000 0.000 0.000
-A11A9  4   4.000 4.000 2.000 2.000 0.000 3.464 3.464 0.000 0.000 0.000 0.000 0.000 0.000 0.000 0.000 0.000 0.000 0.000 0.000 0.000 0.000 0.000 0.000 0.000 0.000 -4.000 -2.000 -2.000 0.000 -3.464 -3.464 0.000 0.000 0.000 0.000 0.000 0.000 0.000 0.000 0.000 0.000 0.000 0.000 0.000 0.000 0.000 0.000 0.000 0.000 0.000 0.000 0.000 0.000 0.000 0.000 0.000 0.000 0.000 0.000 0.000 0.000 0.000 0.000 0.000 0.000 0.000 0.000 0.000 0.000 0.000 0.000 0.000 0.000 0.000 0.000 0.000 0.000 0.000 0.000 0.000 0.000 0.000 0.000 0.000 0.000 0.000 0.000 0.000 0.000 0.000 0.000 0.000 0.000 0.000 0.000 0.000 0.000 0.000 0.000 0.000 0.000 0.000 0.000 0.000 0.000 0.000 0.000 0.000 0.000 0.000 0.000 0.000 0.000 0.000 0.000 0.000 0.000 0.000 0.000 0.000 0.000 0.000 -1.000 1.000 1.000 0.000 1.000 1.000 0.000 0.000 0.000 0.000 0.000 0.000 0.000 0.000 0.000 0.000 0.000 0.000 0.000 0.000 0.000 0.000 0.000 0.000 0.000 0.000 0.000 0.000 0.000 0.000 0.000 0.000 0.000 0.000 0.000 0.000 0.000 0.000 0.000 0.000 0.000 0.000 0.000 0.000 0.000 0.000 0.000 0.000 0.000 0.000 0.000 0.000 0.000 0.000 0.000 0.000 0.000 0.000 0.000 0.000 0.000 0.000 0.000 0.000 0.000 0.000 0.000 0.000 0.000 0.000 0.000 0.000
-A12A8  4   4.000 4.000 2.000 2.000 0.000 -3.464 -3.464 0.000 0.000 0.000 0.000 0.000 0.000 0.000 0.000 0.000 0.000 0.000 0.000 0.000 0.000 0.000 0.000 0.000 0.000 -4.000 -2.000 -2.000 0.000 3.464 3.464 0.000 0.000 0.000 0.000 0.000 0.000 0.000 0.000 0.000 0.000 0.000 0.000 0.000 0.000 0.000 0.000 0.000 0.000 0.000 0.000 0.000 0.000 0.000 0.000 0.000 0.000 0.000 0.000 0.000 0.000 0.000 0.000 0.000 0.000 0.000 0.000 0.000 0.000 0.000 0.000 0.000 0.000 0.000 0.000 0.000 0.000 0.000 0.000 0.000 0.000 0.000 0.000 0.000 0.000 0.000 0.000 0.000 0.000 0.000 0.000 0.000 0.000 0.000 0.000 0.000 0.000 0.000 0.000 0.000 0.000 0.000 1.000 1.000 0.000 0.000 0.000 0.000 0.000 0.000 0.000 0.000 0.000 0.000 0.000 0.000 0.000 0.000 0.000 0.000 0.000 0.000 -1.000 1.000 1.000 0.000 0.000 0.000 0.000 0.000 0.000 0.000 0.000 0.000 0.000 0.000 0.000 0.000 0.000 0.000 0.000 0.000 0.000 0.000 0.000 0.000 0.000 0.000 0.000 0.000 0.000 0.000 0.000 0.000 0.000 0.000 0.000 0.000 0.000 0.000 0.000 0.000 0.000 0.000 0.000 0.000 0.000 0.000 0.000 0.000 0.000 0.000 0.000 0.000 0.000 0.000 0.000 0.000 0.000 0.000 0.000 0.000 0.000 0.000 0.000 0.000 0.000 0.000 0.000 0.000 0.000 0.000 0.000 0.000



kpoint  H : 0.333333 0.333333 0.500000 ; H  :  0.3333333333333333 0.3333333333333333 0.5 :  1 2 3 4 5 6 7 8 9 10 11 12
-H4H6  2   2.000 2.000 -2.000 -2.000 -0.000 -0.000 -0.000 0.000 0.000 0.000 0.000 0.000 0.000 -2.000 2.000 2.000 -0.000 -0.000 -0.000 0.000 0.000 0.000 0.000 0.000 0.000 0.000 0.000 0.000 0.000 0.000 0.000 0.000 0.000 0.000 0.000 0.000 0.000 0.000 0.000 0.000 0.000 0.000 0.000 0.000 0.000 0.000 0.000 0.000 0.000 0.000 0.000 -1.000 -1.000 -0.500 0.500 -0.500 0.000 0.000 0.000 0.000 0.000 0.000 -1.000 0.000 0.000 0.500 -0.500 0.500 0.000 0.000 0.000 0.000 0.000 0.000 0.000 0.000 0.000 0.000 0.000 0.000 0.000 0.000 0.000 0.000 0.000 0.000 0.000 0.000 0.000 0.000 0.000 0.000 0.000 0.000 0.000 0.000 0.000 0.000
-H5H7  2   2.000 2.000 -2.000 -2.000 -0.000 -0.000 -0.000 0.000 0.000 0.000 0.000 0.000 0.000 -2.000 2.000 2.000 -0.000 -0.000 -0.000 0.000 0.000 0.000 0.000 0.000 0.000 0.000 0.000 0.000 0.000 0.000 0.000 0.000 0.000 0.000 0.000 0.000 0.000 0.000 0.000 0.000 0.000 0.000 0.000 0.000 0.000 0.000 0.000 0.000 0.000 0.000 0.000 -1.000 -1.000 0.500 -0.500 0.500 0.000 0.000 0.000 0.000 0.000 0.000 -1.000 0.000 0.000 -0.500 0.500 -0.500 0.000 0.000 0.000 0.000 0.000 0.000 0.000 0.000 0.000 0.000 0.000 0.000 0.000 0.000 0.000 0.000 0.000 0.000 0.000 0.000 0.000 0.000 0.000 0.000 0.000 0.000 0.000 0.000 0.000 0.000
-H8H9  4   4.000 4.000 2.000 2.000 0.000 0.000 0.000 0.000 0.000 0.000 0.000 0.000 0.000 -4.000 -2.000 -2.000 0.000 0.000 0.000 0.000 0.000 0.000 0.000 0.000 0.000 0.000 0.000 0.000 0.000 0.000 0.000 0.000 0.000 0.000 0.000 0.000 0.000 0.000 0.000 0.000 0.000 0.000 0.000 0.000 0.000 0.000 0.000 0.000 0.000 0.000 0.000 0.000 0.000 0.000 0.000 0.000 0.000 0.000 0.000 0.000 0.000 0.000 -1.000 1.000 1.000 0.000 0.000 0.000 0.000 0.000 0.000 0.000 0.000 0.000 0.000 0.000 0.000 0.000 0.000 0.000 0.000 0.000 0.000 0.000 0.000 0.000 0.000 0.000 0.000 0.000 0.000 0.000 0.000 0.000 0.000 0.000 0.000 0.000



kpoint  K : 0.333333 0.333333 0.000000 ; K  :  0.3333333333333333 0.3333333333333333 0.0 :  1 2 3 4 5 6 7 8 9 10 11 12
-K7  2   2.000 2.000 -2.000 -2.000 0.000 0.000 0.000 0.000 0.000 0.000 0.000 0.000 0.000 -2.000 2.000 2.000 0.000 0.000 0.000 0.000 0.000 0.000 0.000 0.000 0.000 0.000 0.000 0.000 0.000 0.000 0.000 0.000 0.000 0.000 2.000 -2.000 2.000 0.000 0.000 0.000 0.000 0.000 0.000 0.000 0.000 0.000 -2.000 2.000 -2.000 0.000 0.000 -1.000 -1.000 0.000 0.000 0.000 0.000 0.000 0.000 0.000 0.000 0.000 -1.000 0.000 0.000 0.000 0.000 0.000 0.000 0.000 0.000 0.000 0.000 0.000 0.000 0.000 0.000 0.000 0.000 0.000 0.000 0.000 0.000 0.000 -1.000 0.000 0.000 0.000 0.000 0.000 0.000 0.000 0.000 0.000 0.000 -1.000 0.000 -1.000
-K8  2   2.000 2.000 1.000 1.000 0.000 0.000 0.000 0.000 -1.732 -1.732 0.000 0.000 0.000 -2.000 -1.000 -1.000 0.000 0.000 0.000 0.000 1.732 1.732 0.000 0.000 0.000 0.000 0.000 0.000 0.000 -1.732 1.732 0.000 0.000 0.000 2.000 1.000 -1.000 0.000 0.000 0.000 0.000 1.732 -1.732 0.000 0.000 0.000 -2.000 -1.000 1.000 0.000 0.000 0.000 0.000 0.000 0.000 0.000 0.000 1.000 1.000 0.000 0.000 0.000 -1.000 1.000 1.000 0.000 0.000 0.000 0.000 0.000 0.000 0.000 0.000 0.000 0.000 0.000 0.000 0.000 1.000 0.000 0.000 0.000 0.000 0.000 0.000 1.000 0.000 0.000 0.000 0.000 0.000 1.000 0.000 0.000 0.000 -1.000 1.000 0.000
-K9  2   2.000 2.000 1.000 1.000 0.000 0.000 0.000 0.000 1.732 1.732 0.000 0.000 0.000 -2.000 -1.000 -1.000 0.000 0.000 0.000 0.000 -1.732 -1.732 0.000 0.000 0.000 0.000 0.000 0.000 0.000 1.732 -1.732 0.000 0.000 0.000 2.000 1.000 -1.000 0.000 0.000 0.000 0.000 -1.732 1.732 0.000 0.000 0.000 -2.000 -1.000 1.000 0.000 0.000 0.000 0.000 0.000 0.000 0.000 0.000 0.000 0.000 0.000 0.000 0.000 -1.000 1.000 1.000 0.000 0.000 0.000 0.000 1.000 1.000 0.000 0.000 0.000 0.000 0.000 0.000 0.000 0.000 1.000 0.000 0.000 0.000 0.000 0.000 1.000 0.000 0.000 0.000 0.000 1.000 0.000 0.000 0.000 0.000 -1.000 1.000 0.000



kpoint  L : 0.500000 0.000000 0.500000 ; L  :  0.5 0.0 0.5 :  1 2 3 4 5 6 7 8
-L3L4  4   4.000 4.000 0.000 0.000 0.000 0.000 0.000 0.000 0.000 -4.000 0.000 0.000 0.000 0.000 0.000 0.000 0.000 0.000 0.000 0.000 0.000 0.000 0.000 0.000 0.000 0.000 0.000 0.000 0.000 0.000 0.000 0.000 0.000 0.000 0.000 0.000 0.000 0.000 0.000 0.000 0.000 0.000 -1.000 0.000 0.000 0.000 0.000 0.000 0.000 0.000 0.000 0.000 0.000 0.000 0.000 0.000 0.000 0.000 0.000 0.000 0.000 0.000 0.000 0.000 0.000 0.000



kpoint  M : 0.500000 0.000000 0.000000 ; M  :  0.5 0.0 0.0 :  1 2 3 4 5 6 7 8
-M5  2   2.000 2.000 0.000 0.000 0.000 2.000 0.000 0.000 0.000 -2.000 0.000 0.000 0.000 -2.000 0.000 0.000 0.000 0.000 2.000 0.000 0.000 0.000 2.000 0.000 0.000 0.000 -2.000 0.000 0.000 0.000 -2.000 0.000 0.000 0.000 0.000 0.000 0.000 0.000 0.000 0.000 0.000 0.000 -1.000 0.000 0.000 0.000 -1.000 0.000 0.000 0.000 0.000 0.000 0.000 0.000 0.000 0.000 0.000 0.000 0.000 -1.000 0.000 0.000 0.000 -1.000 0.000 0.000
