SG=Fm-3m'
 name=225.119
 nsym=24
 spinor=False
symmetries=
    1 0 0   0 1 0   0 0 1   0 0 0
  -1 0 0   0 -1 0   0 0 1   0 0 0
  -1 0 0   0 1 0   0 0 -1   0 0 0
  1 0 0   0 -1 0   0 0 -1   0 0 0
    0 0 1   1 0 0   0 1 0   0 0 0
  0 0 1   -1 0 0   0 -1 0   0 0 0
  0 0 -1   -1 0 0   0 1 0   0 0 0
  0 0 -1   1 0 0   0 -1 0   0 0 0
    0 1 0   0 0 1   1 0 0   0 0 0
  0 -1 0   0 0 1   -1 0 0   0 0 0
  0 1 0   0 0 -1   -1 0 0   0 0 0
  0 -1 0   0 0 -1   1 0 0   0 0 0
 -1 0 0   0 -1 0   0 0 -1   0 0 0
   1 0 0   0 1 0   0 0 -1   0 0 0
   1 0 0   0 -1 0   0 0 1   0 0 0
   -1 0 0   0 1 0   0 0 1   0 0 0
 0 0 -1   -1 0 0   0 -1 0   0 0 0
   0 0 -1   1 0 0   0 1 0   0 0 0
   0 0 1   1 0 0   0 -1 0   0 0 0
   0 0 1   -1 0 0   0 1 0   0 0 0
 0 -1 0   0 0 -1   -1 0 0   0 0 0
   0 1 0   0 0 -1   1 0 0   0 0 0
   0 -1 0   0 0 1   1 0 0   0 0 0
   0 1 0   0 0 1   -1 0 0   0 0 0


 kpoint  GM : 0.000000 0.000000 0.000000  : 1 2 3 4 5 6 7 8 9 10 11 12 13 14 15 16 17 18 19 20 21 22 23 24
GM1+  1    1.000 1.000 1.000 1.000 1.000 1.000 1.000 1.000 1.000 1.000 1.000 1.000 1.000 1.000 1.000 1.000 1.000 1.000 1.000 1.000 1.000 1.000 1.000 1.000 1.000 1.000 1.000 1.000 1.000 1.000 1.000 1.000 1.000 1.000 1.000 1.000 1.000 1.000 1.000 1.000 1.000 1.000 1.000 1.000 1.000 1.000 1.000 1.000
GM1-  1    1.000 1.000 1.000 1.000 1.000 1.000 1.000 1.000 1.000 1.000 1.000 1.000 -1.000 -1.000 -1.000 -1.000 -1.000 -1.000 -1.000 -1.000 -1.000 -1.000 -1.000 -1.000 1.000 1.000 1.000 1.000 1.000 1.000 1.000 1.000 1.000 1.000 1.000 1.000 -1.000 -1.000 -1.000 -1.000 -1.000 -1.000 -1.000 -1.000 -1.000 -1.000 -1.000 -1.000
GM2+  1    1.000 1.000 1.000 1.000 1.000 1.000 1.000 1.000 1.000 1.000 1.000 1.000 1.000 1.000 1.000 1.000 1.000 1.000 1.000 1.000 1.000 1.000 1.000 1.000 1.000 1.000 1.000 1.000 1.000 1.000 1.000 1.000 1.000 1.000 1.000 1.000 1.000 1.000 1.000 1.000 1.000 1.000 1.000 1.000 1.000 1.000 1.000 1.000 0.000 0.000 0.000 0.000 0.667 0.667 0.667 0.667 -0.667 -0.667 -0.667 -0.667 0.000 0.000 0.000 0.000 0.667 0.667 0.667 0.667 -0.667 -0.667 -0.667 -0.667 0.000 0.000 0.000 0.000 -0.667 -0.667 -0.667 -0.667 0.667 0.667 0.667 0.667 0.000 0.000 0.000 0.000 -0.667 -0.667 -0.667 -0.667 0.667 0.667 0.667 0.667
GM2-  1    1.000 1.000 1.000 1.000 1.000 1.000 1.000 1.000 1.000 1.000 1.000 1.000 1.000 1.000 1.000 1.000 1.000 1.000 1.000 1.000 1.000 1.000 1.000 1.000 1.000 1.000 1.000 1.000 1.000 1.000 1.000 1.000 1.000 1.000 1.000 1.000 1.000 1.000 1.000 1.000 1.000 1.000 1.000 1.000 1.000 1.000 1.000 1.000 0.000 0.000 0.000 0.000 0.667 0.667 0.667 0.667 -0.667 -0.667 -0.667 -0.667 -1.000 -1.000 -1.000 -1.000 -0.333 -0.333 -0.333 -0.333 0.333 0.333 0.333 0.333 0.000 0.000 0.000 0.000 -0.667 -0.667 -0.667 -0.667 0.667 0.667 0.667 0.667 -1.000 -1.000 -1.000 -1.000 0.333 0.333 0.333 0.333 -0.333 -0.333 -0.333 -0.333
GM3+  1    1.000 1.000 1.000 1.000 1.000 1.000 1.000 1.000 1.000 1.000 1.000 1.000 1.000 1.000 1.000 1.000 1.000 1.000 1.000 1.000 1.000 1.000 1.000 1.000 1.000 1.000 1.000 1.000 1.000 1.000 1.000 1.000 1.000 1.000 1.000 1.000 1.000 1.000 1.000 1.000 1.000 1.000 1.000 1.000 1.000 1.000 1.000 1.000 0.000 0.000 0.000 0.000 -0.667 -0.667 -0.667 -0.667 0.667 0.667 0.667 0.667 0.000 0.000 0.000 0.000 -0.667 -0.667 -0.667 -0.667 0.667 0.667 0.667 0.667 0.000 0.000 0.000 0.000 0.667 0.667 0.667 0.667 -0.667 -0.667 -0.667 -0.667 0.000 0.000 0.000 0.000 0.667 0.667 0.667 0.667 -0.667 -0.667 -0.667 -0.667
GM3-  1    1.000 1.000 1.000 1.000 1.000 1.000 1.000 1.000 1.000 1.000 1.000 1.000 1.000 1.000 1.000 1.000 1.000 1.000 1.000 1.000 1.000 1.000 1.000 1.000 1.000 1.000 1.000 1.000 1.000 1.000 1.000 1.000 1.000 1.000 1.000 1.000 1.000 1.000 1.000 1.000 1.000 1.000 1.000 1.000 1.000 1.000 1.000 1.000 0.000 0.000 0.000 0.000 -0.667 -0.667 -0.667 -0.667 0.667 0.667 0.667 0.667 -1.000 -1.000 -1.000 -1.000 0.333 0.333 0.333 0.333 -0.333 -0.333 -0.333 -0.333 0.000 0.000 0.000 0.000 0.667 0.667 0.667 0.667 -0.667 -0.667 -0.667 -0.667 -1.000 -1.000 -1.000 -1.000 -0.333 -0.333 -0.333 -0.333 0.333 0.333 0.333 0.333
GM4+  3    3.000 -1.000 -1.000 -1.000 0.000 0.000 0.000 0.000 0.000 0.000 0.000 0.000 3.000 -1.000 -1.000 -1.000 0.000 0.000 0.000 0.000 0.000 0.000 0.000 0.000 -1.000 -1.000 1.000 1.000 1.000 -1.000 -1.000 1.000 1.000 -1.000 1.000 -1.000 -1.000 -1.000 1.000 1.000 1.000 -1.000 -1.000 1.000 1.000 -1.000 1.000 -1.000
GM4-  3    3.000 -1.000 -1.000 -1.000 0.000 0.000 0.000 0.000 0.000 0.000 0.000 0.000 -3.000 1.000 1.000 1.000 0.000 0.000 0.000 0.000 0.000 0.000 0.000 0.000 -1.000 -1.000 1.000 1.000 1.000 -1.000 -1.000 1.000 1.000 -1.000 1.000 -1.000 1.000 1.000 -1.000 -1.000 -1.000 1.000 1.000 -1.000 -1.000 1.000 -1.000 1.000



 kpoint  L : 0.500000 0.500000 0.500000  : 1 5 9 13 17 21
L1+  1    1.000 1.000 1.000 1.000 1.000 1.000 1.000 1.000 1.000 1.000 1.000 1.000 0.000 0.000 0.000 0.000 0.000 0.000 -0.750 -0.750 -0.750 -0.750 -0.750 -0.750
L1-  1    1.000 1.000 1.000 1.000 1.000 1.000 1.000 1.000 1.000 1.000 1.000 1.000 0.000 0.000 0.000 -1.000 -1.000 -1.000 -0.750 -0.750 -0.750 0.250 0.250 0.250
L2+  1    1.000 1.000 1.000 1.000 1.000 1.000 1.000 1.000 1.000 1.000 1.000 1.000 0.000 0.667 -0.667 0.000 0.667 -0.667 -0.750 0.583 -0.083 -0.750 0.583 -0.083
L2-  1    1.000 1.000 1.000 1.000 1.000 1.000 1.000 1.000 1.000 1.000 1.000 1.000 0.000 0.667 -0.667 -1.000 -0.333 0.333 -0.750 0.583 -0.083 0.250 -0.417 0.917
L3+  1    1.000 1.000 1.000 1.000 1.000 1.000 1.000 1.000 1.000 1.000 1.000 1.000 0.000 -0.667 0.667 0.000 -0.667 0.667 -0.750 -0.083 0.583 -0.750 -0.083 0.583
L3-  1    1.000 1.000 1.000 1.000 1.000 1.000 1.000 1.000 1.000 1.000 1.000 1.000 0.000 -0.667 0.667 -1.000 0.333 -0.333 -0.750 -0.083 0.583 0.250 0.917 -0.417



 kpoint  W : 0.500000 0.250000 0.750000  : 1 4 13 14 15
W1  1    1.000 1.000 1.000 1.000 1.000 1.000 1.000 1.000 0.000 0.000 0.000 0.000 -0.500 -0.500 -0.500 -0.500
W2  1    1.000 1.000 1.000 1.000 1.000 1.000 1.000 1.000 0.000 0.000 -1.000 -1.000 0.500 0.500 -0.500 -0.500
W3W4  2    2.000 -2.000 0.000 0.000 0.000 0.000 0.000 0.000



 kpoint  X : 0.500000 0.000000 0.500000  : 1 2 3 4 13 14 15 16
X1+  1    1.000 1.000 1.000 1.000 1.000 1.000 1.000 1.000 -1.000 -1.000 -1.000 -1.000 -1.000 -1.000 -1.000 -1.000
X1-  1    1.000 1.000 1.000 1.000 -1.000 -1.000 -1.000 -1.000 -1.000 -1.000 -1.000 -1.000 1.000 1.000 1.000 1.000
X2+X3+  2    2.000 0.000 -2.000 0.000 2.000 0.000 -2.000 0.000 0.000 0.000 0.000 0.000 0.000 0.000 0.000 0.000
X2-X3-  2    2.000 0.000 -2.000 0.000 -2.000 0.000 2.000 0.000 0.000 0.000 0.000 0.000 0.000 0.000 0.000 0.000
X4+  1    1.000 -1.000 1.000 -1.000 1.000 -1.000 1.000 -1.000 1.000 -1.000 1.000 -1.000 1.000 -1.000 1.000 -1.000
X4-  1    1.000 -1.000 1.000 -1.000 -1.000 1.000 -1.000 1.000 1.000 -1.000 1.000 -1.000 -1.000 1.000 -1.000 1.000
