SG=Im-31'
 name=204.31
 nsym=24
 spinor=False
symmetries=
    1 0 0   0 1 0   0 0 1   0 0 0
  -1 0 0   0 -1 0   0 0 1   0 0 0
  -1 0 0   0 1 0   0 0 -1   0 0 0
  1 0 0   0 -1 0   0 0 -1   0 0 0
    0 0 1   1 0 0   0 1 0   0 0 0
  0 0 1   -1 0 0   0 -1 0   0 0 0
  0 0 -1   -1 0 0   0 1 0   0 0 0
  0 0 -1   1 0 0   0 -1 0   0 0 0
    0 1 0   0 0 1   1 0 0   0 0 0
  0 -1 0   0 0 1   -1 0 0   0 0 0
  0 1 0   0 0 -1   -1 0 0   0 0 0
  0 -1 0   0 0 -1   1 0 0   0 0 0
 -1 0 0   0 -1 0   0 0 -1   0 0 0
   1 0 0   0 1 0   0 0 -1   0 0 0
   1 0 0   0 -1 0   0 0 1   0 0 0
   -1 0 0   0 1 0   0 0 1   0 0 0
 0 0 -1   -1 0 0   0 -1 0   0 0 0
   0 0 -1   1 0 0   0 1 0   0 0 0
   0 0 1   1 0 0   0 -1 0   0 0 0
   0 0 1   -1 0 0   0 1 0   0 0 0
 0 -1 0   0 0 -1   -1 0 0   0 0 0
   0 1 0   0 0 -1   1 0 0   0 0 0
   0 -1 0   0 0 1   1 0 0   0 0 0
   0 1 0   0 0 1   -1 0 0   0 0 0


kpoint  GM : 0.000000 0.000000 0.000000 :  1 2 3 4 5 6 7 8 9 10 11 12 13 14 15 16 17 18 19 20 21 22 23 24
GM1+  1   1.000 1.000 1.000 1.000 1.000 1.000 1.000 1.000 1.000 1.000 1.000 1.000 1.000 1.000 1.000 1.000 1.000 1.000 1.000 1.000 1.000 1.000 1.000 1.000 1.000 1.000 1.000 1.000 1.000 1.000 1.000 1.000 1.000 1.000 1.000 1.000 1.000 1.000 1.000 1.000 1.000 1.000 1.000 1.000 1.000 1.000 1.000 1.000 1.000 1.000 1.000 1.000 1.000 1.000 1.000 1.000 1.000 1.000 1.000 1.000 1.000 1.000 1.000 1.000 1.000 1.000 1.000 1.000 1.000 1.000 1.000 1.000 1.000 1.000 1.000 1.000 1.000 1.000 1.000 1.000 1.000 1.000 1.000 1.000 1.000 1.000 1.000 1.000 1.000 1.000 1.000 1.000 1.000 1.000 1.000 1.000 1.000
GM1-  1   1.000 1.000 1.000 1.000 1.000 1.000 1.000 1.000 1.000 1.000 1.000 1.000 1.000 -1.000 -1.000 -1.000 -1.000 -1.000 -1.000 -1.000 -1.000 -1.000 -1.000 -1.000 -1.000 1.000 1.000 1.000 1.000 1.000 1.000 1.000 1.000 1.000 1.000 1.000 1.000 -1.000 -1.000 -1.000 -1.000 -1.000 -1.000 -1.000 -1.000 -1.000 -1.000 -1.000 -1.000 -1.000 -1.000 -1.000 -1.000 -1.000 -1.000 -1.000 -1.000 -1.000 -1.000 -1.000 -1.000 1.000 1.000 1.000 1.000 1.000 1.000 1.000 1.000 1.000 1.000 1.000 1.000 -1.000 -1.000 -1.000 -1.000 -1.000 -1.000 -1.000 -1.000 -1.000 -1.000 -1.000 -1.000 1.000 1.000 1.000 1.000 1.000 1.000 1.000 1.000 1.000 1.000 1.000 1.000 0.000 0.000 0.000 0.000 0.000 0.000 0.000 0.000 0.000 0.000 0.000 0.000 0.000 -1.000 -1.000 -1.000 -1.000 -1.000 -1.000 -1.000 -1.000 -1.000 -1.000 -1.000 -1.000 0.000 0.000 0.000 0.000 0.000 0.000 0.000 0.000 0.000 0.000 0.000 0.000 -1.000 -1.000 -1.000 -1.000 -1.000 -1.000 -1.000 -1.000 -1.000 -1.000 -1.000 -1.000 -1.000 -1.000 -1.000 -1.000 -1.000 -1.000 -1.000 -1.000 -1.000 -1.000 -1.000 -1.000 0.000 0.000 0.000 0.000 0.000 0.000 0.000 0.000 0.000 0.000 0.000 0.000 -1.000 -1.000 -1.000 -1.000 -1.000 -1.000 -1.000 -1.000 -1.000 -1.000 -1.000 -1.000 0.000 0.000 0.000 0.000 0.000 0.000 0.000 0.000 0.000 0.000 0.000 0.000
GM10GM9  4   4.000 4.000 0.000 0.000 0.000 -2.113 -2.113 -2.113 -2.113 -2.113 -2.113 -2.113 -2.113 -4.000 0.000 0.000 0.000 2.185 2.185 2.185 2.185 2.185 2.185 2.185 2.185 -4.000 0.000 0.000 0.000 2.185 2.185 2.185 2.185 2.185 2.185 2.185 2.185 4.000 0.000 0.000 0.000 -2.113 -2.113 -2.113 -2.113 -2.113 -2.113 -2.113 -2.113 0.000 0.000 0.000 0.000 0.000 0.000 0.000 0.000 0.000 0.000 0.000 0.000 0.000 0.000 0.000 0.000 0.000 0.000 0.000 0.000 0.000 0.000 0.000 0.000 0.000 0.000 0.000 0.000 0.000 0.000 0.000 0.000 0.000 0.000 0.000 0.000 0.000 0.000 0.000 0.000 0.000 0.000 0.000 0.000 0.000 0.000 0.000 0.000 0.000 0.000 0.000 0.000 0.000 1.000 1.000 1.000 1.000 1.000 1.000 1.000 1.000 -1.000 0.000 0.000 0.000 0.000 0.000 0.000 0.000 0.000 0.000 0.000 0.000 -1.000 0.000 0.000 0.000 0.000 0.000 0.000 0.000 0.000 0.000 0.000 0.000 0.000 0.000 0.000 0.000 1.000 1.000 1.000 1.000 1.000 1.000 1.000 1.000 0.000 0.000 0.000 0.000 0.000 0.000 0.000 0.000 0.000 0.000 0.000 0.000 0.000 0.000 0.000 0.000 0.000 0.000 0.000 0.000 0.000 0.000 0.000 0.000 0.000 0.000 0.000 0.000 0.000 0.000 0.000 0.000 0.000 0.000 0.000 0.000 0.000 0.000 0.000 0.000 0.000 0.000 0.000 0.000 0.000 0.000 0.000 0.000
GM2+GM3+  2   2.000 2.000 2.000 2.000 2.000 -1.000 -1.000 -1.000 -1.000 -1.000 -1.000 -1.000 -1.000 2.000 2.000 2.000 2.000 -1.000 -1.000 -1.000 -1.000 -1.000 -1.000 -1.000 -1.000 2.000 2.000 2.000 2.000 -1.000 -1.000 -1.000 -1.000 -1.000 -1.000 -1.000 -1.000 2.000 2.000 2.000 2.000 -1.000 -1.000 -1.000 -1.000 -1.000 -1.000 -1.000 -1.000 0.000 0.000 0.000 0.000 0.000 0.000 0.000 0.000 0.000 0.000 0.000 0.000 0.000 0.000 0.000 0.000 0.000 0.000 0.000 0.000 0.000 0.000 0.000 0.000 0.000 0.000 0.000 0.000 0.000 0.000 0.000 0.000 0.000 0.000 0.000 0.000 0.000 0.000 0.000 0.000 0.000 0.000 0.000 0.000 0.000 0.000 0.000 0.000
GM2-GM3-  2   2.000 2.000 2.000 2.000 2.000 -1.000 -1.000 -1.000 -1.000 -1.000 -1.000 -1.000 -1.000 -2.000 -2.000 -2.000 -2.000 1.000 1.000 1.000 1.000 1.000 1.000 1.000 1.000 2.000 2.000 2.000 2.000 -1.000 -1.000 -1.000 -1.000 -1.000 -1.000 -1.000 -1.000 -2.000 -2.000 -2.000 -2.000 1.000 1.000 1.000 1.000 1.000 1.000 1.000 1.000 0.000 0.000 0.000 0.000 0.000 0.000 0.000 0.000 0.000 0.000 0.000 0.000 0.000 0.000 0.000 0.000 0.000 0.000 0.000 0.000 0.000 0.000 0.000 0.000 0.000 0.000 0.000 0.000 0.000 0.000 0.000 0.000 0.000 0.000 0.000 0.000 0.000 0.000 0.000 0.000 0.000 0.000 0.000 0.000 0.000 0.000 0.000 0.000 0.000 0.000 0.000 0.000 0.000 1.000 1.000 1.000 1.000 1.000 1.000 1.000 1.000 -1.000 -1.000 -1.000 -1.000 0.000 0.000 0.000 0.000 0.000 0.000 0.000 0.000 0.000 0.000 0.000 0.000 1.000 1.000 1.000 1.000 1.000 1.000 1.000 1.000 -1.000 -1.000 -1.000 -1.000 0.000 0.000 0.000 0.000 0.000 0.000 0.000 0.000 0.000 0.000 0.000 0.000 0.000 0.000 0.000 0.000 0.000 0.000 0.000 0.000 0.000 0.000 0.000 0.000 0.000 0.000 0.000 0.000 0.000 0.000 0.000 0.000 0.000 0.000 0.000 0.000 0.000 0.000 0.000 0.000 0.000 0.000 0.000 0.000 0.000 0.000 0.000 0.000 0.000 0.000 0.000 0.000 0.000 0.000 0.000 0.000
GM4+  3   3.000 3.000 -1.000 -1.000 -1.000 0.000 0.000 0.000 0.000 0.000 0.000 0.000 0.000 3.000 -1.000 -1.000 -1.000 0.000 0.000 0.000 0.000 0.000 0.000 0.000 0.000 3.000 -1.000 -1.000 -1.000 0.000 0.000 0.000 0.000 0.000 0.000 0.000 0.000 3.000 -1.000 -1.000 -1.000 0.000 0.000 0.000 0.000 0.000 0.000 0.000 0.000 3.000 -1.000 -1.000 -1.000 0.000 0.000 0.000 0.000 0.000 0.000 0.000 0.000 3.000 -1.000 -1.000 -1.000 0.000 0.000 0.000 0.000 0.000 0.000 0.000 0.000 3.000 -1.000 -1.000 -1.000 0.000 0.000 0.000 0.000 0.000 0.000 0.000 0.000 3.000 -1.000 -1.000 -1.000 0.000 0.000 0.000 0.000 0.000 0.000 0.000 0.000 0.000 0.000 -1.000 -1.000 -1.000 0.000 0.000 0.000 0.000 0.000 0.000 0.000 0.000 0.000 -1.000 -1.000 -1.000 0.000 0.000 0.000 0.000 0.000 0.000 0.000 0.000 0.000 -1.000 -1.000 -1.000 0.000 0.000 0.000 0.000 0.000 0.000 0.000 0.000 0.000 -1.000 -1.000 -1.000 0.000 0.000 0.000 0.000 0.000 0.000 0.000 0.000 0.000 -1.000 -1.000 -1.000 0.000 0.000 0.000 0.000 0.000 0.000 0.000 0.000 0.000 -1.000 -1.000 -1.000 0.000 0.000 0.000 0.000 0.000 0.000 0.000 0.000 0.000 -1.000 -1.000 -1.000 0.000 0.000 0.000 0.000 0.000 0.000 0.000 0.000 0.000 -1.000 -1.000 -1.000 0.000 0.000 0.000 0.000 0.000 0.000 0.000 0.000
GM4-  3   3.000 3.000 -1.000 -1.000 -1.000 0.000 0.000 0.000 0.000 0.000 0.000 0.000 0.000 -3.000 1.000 1.000 1.000 0.000 0.000 0.000 0.000 0.000 0.000 0.000 0.000 3.000 -1.000 -1.000 -1.000 0.000 0.000 0.000 0.000 0.000 0.000 0.000 0.000 -3.000 1.000 1.000 1.000 0.000 0.000 0.000 0.000 0.000 0.000 0.000 0.000 -3.000 1.000 1.000 1.000 0.000 0.000 0.000 0.000 0.000 0.000 0.000 0.000 3.000 -1.000 -1.000 -1.000 0.000 0.000 0.000 0.000 0.000 0.000 0.000 0.000 -3.000 1.000 1.000 1.000 0.000 0.000 0.000 0.000 0.000 0.000 0.000 0.000 3.000 -1.000 -1.000 -1.000 0.000 0.000 0.000 0.000 0.000 0.000 0.000 0.000 0.000 0.000 -1.000 -1.000 -1.000 0.000 0.000 0.000 0.000 0.000 0.000 0.000 0.000 -1.000 -0.000 -0.000 -0.000 0.000 0.000 0.000 0.000 0.000 0.000 0.000 0.000 0.000 -1.000 -1.000 -1.000 0.000 0.000 0.000 0.000 0.000 0.000 0.000 0.000 -1.000 -0.000 -0.000 -0.000 0.000 0.000 0.000 0.000 0.000 0.000 0.000 0.000 -1.000 -0.000 -0.000 -0.000 0.000 0.000 0.000 0.000 0.000 0.000 0.000 0.000 0.000 -1.000 -1.000 -1.000 0.000 0.000 0.000 0.000 0.000 0.000 0.000 0.000 -1.000 -0.000 -0.000 -0.000 0.000 0.000 0.000 0.000 0.000 0.000 0.000 0.000 0.000 -1.000 -1.000 -1.000 0.000 0.000 0.000 0.000 0.000 0.000 0.000 0.000
GM8  2   2.000 2.000 0.000 0.000 0.000 -1.105 -1.105 -1.105 -1.105 -1.105 -1.105 -1.105 -1.105 -2.000 0.000 0.000 0.000 0.617 0.617 0.617 0.617 0.617 0.617 0.617 0.617 -2.000 0.000 0.000 0.000 0.617 0.617 0.617 0.617 0.617 0.617 0.617 0.617 2.000 0.000 0.000 0.000 -1.105 -1.105 -1.105 -1.105 -1.105 -1.105 -1.105 -1.105 0.000 0.000 -2.000 0.000 0.617 0.617 -1.105 -1.105 -1.105 0.617 0.617 -1.105 0.000 0.000 2.000 0.000 -1.105 -1.105 0.617 0.617 0.617 -1.105 -1.105 0.617 0.000 0.000 2.000 0.000 -1.105 -1.105 0.617 0.617 0.617 -1.105 -1.105 0.617 0.000 0.000 -2.000 0.000 0.617 0.617 -1.105 -1.105 -1.105 0.617 0.617 -1.105 0.000 0.000 0.000 0.000 0.000 1.000 1.000 1.000 1.000 1.000 1.000 1.000 1.000 -1.000 0.000 0.000 0.000 0.000 0.000 0.000 0.000 0.000 0.000 0.000 0.000 -1.000 0.000 0.000 0.000 0.000 0.000 0.000 0.000 0.000 0.000 0.000 0.000 0.000 0.000 0.000 0.000 1.000 1.000 1.000 1.000 1.000 1.000 1.000 1.000 0.000 0.000 -1.000 0.000 0.000 0.000 1.000 1.000 1.000 0.000 0.000 1.000 0.000 0.000 0.000 0.000 1.000 1.000 0.000 0.000 0.000 1.000 1.000 0.000 0.000 0.000 0.000 0.000 1.000 1.000 0.000 0.000 0.000 1.000 1.000 0.000 0.000 0.000 -1.000 0.000 0.000 0.000 1.000 1.000 1.000 0.000 0.000 1.000



kpoint  H : 0.500000 0.500000 0.500000 :  1 2 3 4 5 6 7 8 9 10 11 12 13 14 15 16 17 18 19 20 21 22 23 24
H1+  1   1.000 1.000 1.000 1.000 1.000 1.000 1.000 1.000 1.000 1.000 1.000 1.000 1.000 1.000 1.000 1.000 1.000 1.000 1.000 1.000 1.000 1.000 1.000 1.000 1.000 1.000 1.000 1.000 1.000 1.000 1.000 1.000 1.000 1.000 1.000 1.000 1.000 1.000 1.000 1.000 1.000 1.000 1.000 1.000 1.000 1.000 1.000 1.000 1.000 1.000 1.000 1.000 1.000 1.000 1.000 1.000 1.000 1.000 1.000 1.000 1.000 1.000 1.000 1.000 1.000 1.000 1.000 1.000 1.000 1.000 1.000 1.000 1.000 1.000 1.000 1.000 1.000 1.000 1.000 1.000 1.000 1.000 1.000 1.000 1.000 1.000 1.000 1.000 1.000 1.000 1.000 1.000 1.000 1.000 1.000 1.000 1.000
H1-  1   1.000 1.000 1.000 1.000 1.000 1.000 1.000 1.000 1.000 1.000 1.000 1.000 1.000 -1.000 -1.000 -1.000 -1.000 -1.000 -1.000 -1.000 -1.000 -1.000 -1.000 -1.000 -1.000 1.000 1.000 1.000 1.000 1.000 1.000 1.000 1.000 1.000 1.000 1.000 1.000 -1.000 -1.000 -1.000 -1.000 -1.000 -1.000 -1.000 -1.000 -1.000 -1.000 -1.000 -1.000 -1.000 -1.000 -1.000 -1.000 -1.000 -1.000 -1.000 -1.000 -1.000 -1.000 -1.000 -1.000 1.000 1.000 1.000 1.000 1.000 1.000 1.000 1.000 1.000 1.000 1.000 1.000 -1.000 -1.000 -1.000 -1.000 -1.000 -1.000 -1.000 -1.000 -1.000 -1.000 -1.000 -1.000 1.000 1.000 1.000 1.000 1.000 1.000 1.000 1.000 1.000 1.000 1.000 1.000 0.000 0.000 0.000 0.000 0.000 0.000 0.000 0.000 0.000 0.000 0.000 0.000 0.000 -1.000 -1.000 -1.000 -1.000 -1.000 -1.000 -1.000 -1.000 -1.000 -1.000 -1.000 -1.000 0.000 0.000 0.000 0.000 0.000 0.000 0.000 0.000 0.000 0.000 0.000 0.000 -1.000 -1.000 -1.000 -1.000 -1.000 -1.000 -1.000 -1.000 -1.000 -1.000 -1.000 -1.000 -1.000 -1.000 -1.000 -1.000 -1.000 -1.000 -1.000 -1.000 -1.000 -1.000 -1.000 -1.000 0.000 0.000 0.000 0.000 0.000 0.000 0.000 0.000 0.000 0.000 0.000 0.000 -1.000 -1.000 -1.000 -1.000 -1.000 -1.000 -1.000 -1.000 -1.000 -1.000 -1.000 -1.000 0.000 0.000 0.000 0.000 0.000 0.000 0.000 0.000 0.000 0.000 0.000 0.000
H10H9  4   4.000 4.000 0.000 0.000 0.000 -2.113 -2.113 -2.113 -2.113 -2.113 -2.113 -2.113 -2.113 -4.000 0.000 0.000 0.000 2.185 2.185 2.185 2.185 2.185 2.185 2.185 2.185 -4.000 0.000 0.000 0.000 2.185 2.185 2.185 2.185 2.185 2.185 2.185 2.185 4.000 0.000 0.000 0.000 -2.113 -2.113 -2.113 -2.113 -2.113 -2.113 -2.113 -2.113 0.000 0.000 0.000 0.000 0.000 0.000 0.000 0.000 0.000 0.000 0.000 0.000 0.000 0.000 0.000 0.000 0.000 0.000 0.000 0.000 0.000 0.000 0.000 0.000 0.000 0.000 0.000 0.000 0.000 0.000 0.000 0.000 0.000 0.000 0.000 0.000 0.000 0.000 0.000 0.000 0.000 0.000 0.000 0.000 0.000 0.000 0.000 0.000 0.000 0.000 0.000 0.000 0.000 1.000 1.000 1.000 1.000 1.000 1.000 1.000 1.000 -1.000 0.000 0.000 0.000 0.000 0.000 0.000 0.000 0.000 0.000 0.000 0.000 -1.000 0.000 0.000 0.000 0.000 0.000 0.000 0.000 0.000 0.000 0.000 0.000 0.000 0.000 0.000 0.000 1.000 1.000 1.000 1.000 1.000 1.000 1.000 1.000 0.000 0.000 0.000 0.000 0.000 0.000 0.000 0.000 0.000 0.000 0.000 0.000 0.000 0.000 0.000 0.000 0.000 0.000 0.000 0.000 0.000 0.000 0.000 0.000 0.000 0.000 0.000 0.000 0.000 0.000 0.000 0.000 0.000 0.000 0.000 0.000 0.000 0.000 0.000 0.000 0.000 0.000 0.000 0.000 0.000 0.000 0.000 0.000
H2+H3+  2   2.000 2.000 2.000 2.000 2.000 -1.000 -1.000 -1.000 -1.000 -1.000 -1.000 -1.000 -1.000 2.000 2.000 2.000 2.000 -1.000 -1.000 -1.000 -1.000 -1.000 -1.000 -1.000 -1.000 2.000 2.000 2.000 2.000 -1.000 -1.000 -1.000 -1.000 -1.000 -1.000 -1.000 -1.000 2.000 2.000 2.000 2.000 -1.000 -1.000 -1.000 -1.000 -1.000 -1.000 -1.000 -1.000 0.000 0.000 0.000 0.000 0.000 0.000 0.000 0.000 0.000 0.000 0.000 0.000 0.000 0.000 0.000 0.000 0.000 0.000 0.000 0.000 0.000 0.000 0.000 0.000 0.000 0.000 0.000 0.000 0.000 0.000 0.000 0.000 0.000 0.000 0.000 0.000 0.000 0.000 0.000 0.000 0.000 0.000 0.000 0.000 0.000 0.000 0.000 0.000
H2-H3-  2   2.000 2.000 2.000 2.000 2.000 -1.000 -1.000 -1.000 -1.000 -1.000 -1.000 -1.000 -1.000 -2.000 -2.000 -2.000 -2.000 1.000 1.000 1.000 1.000 1.000 1.000 1.000 1.000 2.000 2.000 2.000 2.000 -1.000 -1.000 -1.000 -1.000 -1.000 -1.000 -1.000 -1.000 -2.000 -2.000 -2.000 -2.000 1.000 1.000 1.000 1.000 1.000 1.000 1.000 1.000 0.000 0.000 0.000 0.000 0.000 0.000 0.000 0.000 0.000 0.000 0.000 0.000 0.000 0.000 0.000 0.000 0.000 0.000 0.000 0.000 0.000 0.000 0.000 0.000 0.000 0.000 0.000 0.000 0.000 0.000 0.000 0.000 0.000 0.000 0.000 0.000 0.000 0.000 0.000 0.000 0.000 0.000 0.000 0.000 0.000 0.000 0.000 0.000 0.000 0.000 0.000 0.000 0.000 1.000 1.000 1.000 1.000 1.000 1.000 1.000 1.000 -1.000 -1.000 -1.000 -1.000 0.000 0.000 0.000 0.000 0.000 0.000 0.000 0.000 0.000 0.000 0.000 0.000 1.000 1.000 1.000 1.000 1.000 1.000 1.000 1.000 -1.000 -1.000 -1.000 -1.000 0.000 0.000 0.000 0.000 0.000 0.000 0.000 0.000 0.000 0.000 0.000 0.000 0.000 0.000 0.000 0.000 0.000 0.000 0.000 0.000 0.000 0.000 0.000 0.000 0.000 0.000 0.000 0.000 0.000 0.000 0.000 0.000 0.000 0.000 0.000 0.000 0.000 0.000 0.000 0.000 0.000 0.000 0.000 0.000 0.000 0.000 0.000 0.000 0.000 0.000 0.000 0.000 0.000 0.000 0.000 0.000
H4+  3   3.000 3.000 -1.000 -1.000 -1.000 0.000 0.000 0.000 0.000 0.000 0.000 0.000 0.000 3.000 -1.000 -1.000 -1.000 0.000 0.000 0.000 0.000 0.000 0.000 0.000 0.000 3.000 -1.000 -1.000 -1.000 0.000 0.000 0.000 0.000 0.000 0.000 0.000 0.000 3.000 -1.000 -1.000 -1.000 0.000 0.000 0.000 0.000 0.000 0.000 0.000 0.000 3.000 -1.000 -1.000 -1.000 0.000 0.000 0.000 0.000 0.000 0.000 0.000 0.000 3.000 -1.000 -1.000 -1.000 0.000 0.000 0.000 0.000 0.000 0.000 0.000 0.000 3.000 -1.000 -1.000 -1.000 0.000 0.000 0.000 0.000 0.000 0.000 0.000 0.000 3.000 -1.000 -1.000 -1.000 0.000 0.000 0.000 0.000 0.000 0.000 0.000 0.000 0.000 0.000 -1.000 -1.000 -1.000 0.000 0.000 0.000 0.000 0.000 0.000 0.000 0.000 0.000 -1.000 -1.000 -1.000 0.000 0.000 0.000 0.000 0.000 0.000 0.000 0.000 0.000 -1.000 -1.000 -1.000 0.000 0.000 0.000 0.000 0.000 0.000 0.000 0.000 0.000 -1.000 -1.000 -1.000 0.000 0.000 0.000 0.000 0.000 0.000 0.000 0.000 0.000 -1.000 -1.000 -1.000 0.000 0.000 0.000 0.000 0.000 0.000 0.000 0.000 0.000 -1.000 -1.000 -1.000 0.000 0.000 0.000 0.000 0.000 0.000 0.000 0.000 0.000 -1.000 -1.000 -1.000 0.000 0.000 0.000 0.000 0.000 0.000 0.000 0.000 0.000 -1.000 -1.000 -1.000 0.000 0.000 0.000 0.000 0.000 0.000 0.000 0.000
H4-  3   3.000 3.000 -1.000 -1.000 -1.000 0.000 0.000 0.000 0.000 0.000 0.000 0.000 0.000 -3.000 1.000 1.000 1.000 0.000 0.000 0.000 0.000 0.000 0.000 0.000 0.000 3.000 -1.000 -1.000 -1.000 0.000 0.000 0.000 0.000 0.000 0.000 0.000 0.000 -3.000 1.000 1.000 1.000 0.000 0.000 0.000 0.000 0.000 0.000 0.000 0.000 -3.000 1.000 1.000 1.000 0.000 0.000 0.000 0.000 0.000 0.000 0.000 0.000 3.000 -1.000 -1.000 -1.000 0.000 0.000 0.000 0.000 0.000 0.000 0.000 0.000 -3.000 1.000 1.000 1.000 0.000 0.000 0.000 0.000 0.000 0.000 0.000 0.000 3.000 -1.000 -1.000 -1.000 0.000 0.000 0.000 0.000 0.000 0.000 0.000 0.000 0.000 0.000 -1.000 -1.000 -1.000 0.000 0.000 0.000 0.000 0.000 0.000 0.000 0.000 -1.000 -0.000 -0.000 -0.000 0.000 0.000 0.000 0.000 0.000 0.000 0.000 0.000 0.000 -1.000 -1.000 -1.000 0.000 0.000 0.000 0.000 0.000 0.000 0.000 0.000 -1.000 -0.000 -0.000 -0.000 0.000 0.000 0.000 0.000 0.000 0.000 0.000 0.000 -1.000 -0.000 -0.000 -0.000 0.000 0.000 0.000 0.000 0.000 0.000 0.000 0.000 0.000 -1.000 -1.000 -1.000 0.000 0.000 0.000 0.000 0.000 0.000 0.000 0.000 -1.000 -0.000 -0.000 -0.000 0.000 0.000 0.000 0.000 0.000 0.000 0.000 0.000 0.000 -1.000 -1.000 -1.000 0.000 0.000 0.000 0.000 0.000 0.000 0.000 0.000
H8  2   2.000 2.000 0.000 0.000 0.000 -1.105 -1.105 -1.105 -1.105 -1.105 -1.105 -1.105 -1.105 -2.000 0.000 0.000 0.000 0.617 0.617 0.617 0.617 0.617 0.617 0.617 0.617 -2.000 0.000 0.000 0.000 0.617 0.617 0.617 0.617 0.617 0.617 0.617 0.617 2.000 0.000 0.000 0.000 -1.105 -1.105 -1.105 -1.105 -1.105 -1.105 -1.105 -1.105 0.000 0.000 -2.000 0.000 0.617 0.617 -1.105 -1.105 -1.105 0.617 0.617 -1.105 0.000 0.000 2.000 0.000 -1.105 -1.105 0.617 0.617 0.617 -1.105 -1.105 0.617 0.000 0.000 2.000 0.000 -1.105 -1.105 0.617 0.617 0.617 -1.105 -1.105 0.617 0.000 0.000 -2.000 0.000 0.617 0.617 -1.105 -1.105 -1.105 0.617 0.617 -1.105 0.000 0.000 0.000 0.000 0.000 1.000 1.000 1.000 1.000 1.000 1.000 1.000 1.000 -1.000 0.000 0.000 0.000 0.000 0.000 0.000 0.000 0.000 0.000 0.000 0.000 -1.000 0.000 0.000 0.000 0.000 0.000 0.000 0.000 0.000 0.000 0.000 0.000 0.000 0.000 0.000 0.000 1.000 1.000 1.000 1.000 1.000 1.000 1.000 1.000 0.000 0.000 -1.000 0.000 0.000 0.000 1.000 1.000 1.000 0.000 0.000 1.000 0.000 0.000 0.000 0.000 1.000 1.000 0.000 0.000 0.000 1.000 1.000 0.000 0.000 0.000 0.000 0.000 1.000 1.000 0.000 0.000 0.000 1.000 1.000 0.000 0.000 0.000 -1.000 0.000 0.000 0.000 1.000 1.000 1.000 0.000 0.000 1.000



kpoint  N : 0.000000 0.000000 0.500000 :  1 2 3 4
N1+  1   1.000 1.000 1.000 1.000 1.000 1.000 1.000 1.000 1.000 1.000 1.000 1.000 1.000 1.000 1.000 1.000 1.000
N1-  1   1.000 1.000 1.000 -1.000 -1.000 1.000 1.000 -1.000 -1.000 -1.000 -1.000 1.000 1.000 -1.000 -1.000 1.000 1.000 0.000 0.000 0.000 -1.000 -1.000 0.000 0.000 -1.000 -1.000 -1.000 -1.000 0.000 0.000 -1.000 -1.000 0.000 0.000
N2+  1   1.000 1.000 -1.000 1.000 -1.000 1.000 -1.000 1.000 -1.000 1.000 -1.000 1.000 -1.000 1.000 -1.000 1.000 -1.000 0.000 0.000 -1.000 0.000 -1.000 0.000 -1.000 0.000 -1.000 0.000 -1.000 0.000 -1.000 0.000 -1.000 0.000 -1.000
N2-  1   1.000 1.000 -1.000 -1.000 1.000 1.000 -1.000 -1.000 1.000 -1.000 1.000 1.000 -1.000 -1.000 1.000 1.000 -1.000 0.000 0.000 -1.000 -1.000 0.000 0.000 -1.000 -1.000 0.000 -1.000 0.000 0.000 -1.000 -1.000 0.000 0.000 -1.000
N5N6  2   2.000 2.000 0.000 -2.000 0.000 -2.000 0.000 2.000 0.000 0.000 0.000 0.000 0.000 0.000 0.000 0.000 0.000 0.000 0.000 0.000 -1.000 0.000 -1.000 0.000 0.000 0.000 0.000 0.000 0.000 0.000 0.000 0.000 0.000 0.000



kpoint  P : 0.250000 0.250000 0.250000 :  1 2 3 4 5 6 7 8 9 10 11 12
P1  1   1.000 1.000 1.000 1.000 1.000 1.000 1.000 1.000 1.000 1.000 1.000 1.000 1.000 1.000 1.000 1.000 1.000 1.000 1.000 1.000 1.000 1.000 1.000 1.000 1.000 1.000 1.000 1.000 1.000 1.000 1.000 1.000 1.000 1.000 1.000 1.000 1.000 1.000 1.000 1.000 1.000 1.000 1.000 1.000 1.000 1.000 1.000 1.000 1.000
P2P3  2   2.000 2.000 2.000 2.000 2.000 -1.000 -1.000 -1.000 -1.000 -1.000 -1.000 -1.000 -1.000 2.000 2.000 2.000 2.000 -1.000 -1.000 -1.000 -1.000 -1.000 -1.000 -1.000 -1.000 0.000 0.000 0.000 0.000 0.000 0.000 0.000 0.000 0.000 0.000 0.000 0.000 0.000 0.000 0.000 0.000 0.000 0.000 0.000 0.000 0.000 0.000 0.000 0.000
P4  3   3.000 3.000 -1.000 -1.000 -1.000 0.000 0.000 0.000 0.000 0.000 0.000 0.000 0.000 3.000 -1.000 -1.000 -1.000 0.000 0.000 0.000 0.000 0.000 0.000 0.000 0.000 3.000 -1.000 -1.000 -1.000 0.000 0.000 0.000 0.000 0.000 0.000 0.000 0.000 3.000 -1.000 -1.000 -1.000 0.000 0.000 0.000 0.000 0.000 0.000 0.000 0.000 0.000 0.000 -1.000 -1.000 -1.000 0.000 0.000 0.000 0.000 0.000 0.000 0.000 0.000 0.000 -1.000 -1.000 -1.000 0.000 0.000 0.000 0.000 0.000 0.000 0.000 0.000 0.000 -1.000 -1.000 -1.000 0.000 0.000 0.000 0.000 0.000 0.000 0.000 0.000 0.000 -1.000 -1.000 -1.000 0.000 0.000 0.000 0.000 0.000 0.000 0.000 0.000
