SG=Pa'-3'
 name=205.35
 nsym=12
 spinor=False
symmetries=
               1 0 0   0 1 0   0 0 1   0 0 0
 -1 0 0   0 -1 0   0 0 1   0.50000 0 0.50000
 -1 0 0   0 1 0   0 0 -1   0 0.50000 0.50000
 1 0 0   0 -1 0   0 0 -1   0.50000 0.50000 0
               0 0 1   1 0 0   0 1 0   0 0 0
 0 0 1   -1 0 0   0 -1 0   0.50000 0.50000 0
 0 0 -1   -1 0 0   0 1 0   0.50000 0 0.50000
 0 0 -1   1 0 0   0 -1 0   0 0.50000 0.50000
               0 1 0   0 0 1   1 0 0   0 0 0
 0 -1 0   0 0 1   -1 0 0   0 0.50000 0.50000
 0 1 0   0 0 -1   -1 0 0   0.50000 0.50000 0
 0 -1 0   0 0 -1   1 0 0   0.50000 0 0.50000


 kpoint  GM : 0.000000 0.000000 0.000000  : 1 2 3 4 5 6 7 8 9 10 11 12
GM1  1    1.000 1.000 1.000 1.000 1.000 1.000 1.000 1.000 1.000 1.000 1.000 1.000 1.000 1.000 1.000 1.000 1.000 1.000 1.000 1.000 1.000 1.000 1.000 1.000
GM2GM3  2    2.000 2.000 2.000 2.000 -1.000 -1.000 -1.000 -1.000 -1.000 -1.000 -1.000 -1.000 0.000 0.000 0.000 0.000 0.000 0.000 0.000 0.000 0.000 0.000 0.000 0.000
GM4  3    3.000 -1.000 -1.000 -1.000 0.000 0.000 0.000 0.000 0.000 0.000 0.000 0.000 3.000 -1.000 -1.000 -1.000 0.000 0.000 0.000 0.000 0.000 0.000 0.000 0.000



 kpoint  M : 0.500000 0.500000 0.000000  : 1 2 3 4
M1M4  2    2.000 0.000 2.000 0.000 0.000 0.000 0.000 0.000 0.000 0.000 -0.500 0.000 0.000 0.000 0.000 0.000
M2M3  2    2.000 0.000 2.000 0.000 0.000 0.000 0.000 0.000 0.000 0.000 0.500 0.000 0.000 0.000 0.000 0.000



 kpoint  R : 0.500000 0.500000 0.500000  : 1 2 3 4 5 6 7 8 9 10 11 12
R1R3  4    4.000 0.000 0.000 0.000 2.185 2.185 2.185 2.185 2.185 -2.113 -2.113 -2.113 0.000 0.000 0.000 0.000 0.000 0.000 0.000 0.000 0.000 0.000 0.000 0.000
R2R2  4    4.000 0.000 0.000 0.000 1.235 1.235 1.235 1.235 1.235 -2.210 -2.210 -2.210 0.000 0.000 0.000 0.000 0.000 0.000 0.000 0.000 0.000 0.000 0.000 0.000



 kpoint  X : 0.000000 0.500000 0.000000  : 1 2 3 4
X1  2    2.000 0.000 0.000 0.000 0.000 2.000 0.000 0.000 0.000 0.000 0.000 0.000 0.000 -0.500 0.000 0.000
