SG=Fd-3m'
 name=227.131
 nsym=24
 spinor=False
symmetries=
               1 0 0   0 1 0   0 0 1   0 0 0
 -1 0 0   0 -1 0   0 0 1   0.25000 0.25000 0
 -1 0 0   0 1 0   0 0 -1   0.25000 0 0.25000
 1 0 0   0 -1 0   0 0 -1   0 0.25000 0.25000
               0 0 1   1 0 0   0 1 0   0 0 0
 0 0 1   -1 0 0   0 -1 0   0 0.25000 0.25000
 0 0 -1   -1 0 0   0 1 0   0.25000 0.25000 0
 0 0 -1   1 0 0   0 -1 0   0.25000 0 0.25000
               0 1 0   0 0 1   1 0 0   0 0 0
 0 -1 0   0 0 1   -1 0 0   0.25000 0 0.25000
 0 1 0   0 0 -1   -1 0 0   0 0.25000 0.25000
 0 -1 0   0 0 -1   1 0 0   0.25000 0.25000 0
            -1 0 0   0 -1 0   0 0 -1   0 0 0
  1 0 0   0 1 0   0 0 -1   0.25000 0.25000 0
  1 0 0   0 -1 0   0 0 1   0.25000 0 0.25000
  -1 0 0   0 1 0   0 0 1   0 0.25000 0.25000
            0 0 -1   -1 0 0   0 -1 0   0 0 0
  0 0 -1   1 0 0   0 1 0   0 0.25000 0.25000
  0 0 1   1 0 0   0 -1 0   0.25000 0.25000 0
  0 0 1   -1 0 0   0 1 0   0.25000 0 0.25000
            0 -1 0   0 0 -1   -1 0 0   0 0 0
  0 1 0   0 0 -1   1 0 0   0.25000 0 0.25000
  0 -1 0   0 0 1   1 0 0   0 0.25000 0.25000
  0 1 0   0 0 1   -1 0 0   0.25000 0.25000 0


 kpoint  GM : 0.000000 0.000000 0.000000  : 1 2 3 4 5 6 7 8 9 10 11 12 13 14 15 16 17 18 19 20 21 22 23 24
GM1+  1    1.000 1.000 1.000 1.000 1.000 1.000 1.000 1.000 1.000 1.000 1.000 1.000 1.000 1.000 1.000 1.000 1.000 1.000 1.000 1.000 1.000 1.000 1.000 1.000 1.000 1.000 1.000 1.000 1.000 1.000 1.000 1.000 1.000 1.000 1.000 1.000 1.000 1.000 1.000 1.000 1.000 1.000 1.000 1.000 1.000 1.000 1.000 1.000
GM1-  1    1.000 1.000 1.000 1.000 1.000 1.000 1.000 1.000 1.000 1.000 1.000 1.000 -1.000 -1.000 -1.000 -1.000 -1.000 -1.000 -1.000 -1.000 -1.000 -1.000 -1.000 -1.000 1.000 1.000 1.000 1.000 1.000 1.000 1.000 1.000 1.000 1.000 1.000 1.000 -1.000 -1.000 -1.000 -1.000 -1.000 -1.000 -1.000 -1.000 -1.000 -1.000 -1.000 -1.000
GM2+  1    1.000 1.000 1.000 1.000 1.000 1.000 1.000 1.000 1.000 1.000 1.000 1.000 1.000 1.000 1.000 1.000 1.000 1.000 1.000 1.000 1.000 1.000 1.000 1.000 1.000 1.000 1.000 1.000 1.000 1.000 1.000 1.000 1.000 1.000 1.000 1.000 1.000 1.000 1.000 1.000 1.000 1.000 1.000 1.000 1.000 1.000 1.000 1.000 0.000 0.000 0.000 0.000 0.667 0.667 0.667 0.667 -0.667 -0.667 -0.667 -0.667 0.000 0.000 0.000 0.000 0.667 0.667 0.667 0.667 -0.667 -0.667 -0.667 -0.667 0.000 0.000 0.000 0.000 -0.667 -0.667 -0.667 -0.667 0.667 0.667 0.667 0.667 0.000 0.000 0.000 0.000 -0.667 -0.667 -0.667 -0.667 0.667 0.667 0.667 0.667
GM2-  1    1.000 1.000 1.000 1.000 1.000 1.000 1.000 1.000 1.000 1.000 1.000 1.000 1.000 1.000 1.000 1.000 1.000 1.000 1.000 1.000 1.000 1.000 1.000 1.000 1.000 1.000 1.000 1.000 1.000 1.000 1.000 1.000 1.000 1.000 1.000 1.000 1.000 1.000 1.000 1.000 1.000 1.000 1.000 1.000 1.000 1.000 1.000 1.000 0.000 0.000 0.000 0.000 0.667 0.667 0.667 0.667 -0.667 -0.667 -0.667 -0.667 -1.000 -1.000 -1.000 -1.000 -0.333 -0.333 -0.333 -0.333 0.333 0.333 0.333 0.333 0.000 0.000 0.000 0.000 -0.667 -0.667 -0.667 -0.667 0.667 0.667 0.667 0.667 -1.000 -1.000 -1.000 -1.000 0.333 0.333 0.333 0.333 -0.333 -0.333 -0.333 -0.333
GM3+  1    1.000 1.000 1.000 1.000 1.000 1.000 1.000 1.000 1.000 1.000 1.000 1.000 1.000 1.000 1.000 1.000 1.000 1.000 1.000 1.000 1.000 1.000 1.000 1.000 1.000 1.000 1.000 1.000 1.000 1.000 1.000 1.000 1.000 1.000 1.000 1.000 1.000 1.000 1.000 1.000 1.000 1.000 1.000 1.000 1.000 1.000 1.000 1.000 0.000 0.000 0.000 0.000 -0.667 -0.667 -0.667 -0.667 0.667 0.667 0.667 0.667 0.000 0.000 0.000 0.000 -0.667 -0.667 -0.667 -0.667 0.667 0.667 0.667 0.667 0.000 0.000 0.000 0.000 0.667 0.667 0.667 0.667 -0.667 -0.667 -0.667 -0.667 0.000 0.000 0.000 0.000 0.667 0.667 0.667 0.667 -0.667 -0.667 -0.667 -0.667
GM3-  1    1.000 1.000 1.000 1.000 1.000 1.000 1.000 1.000 1.000 1.000 1.000 1.000 1.000 1.000 1.000 1.000 1.000 1.000 1.000 1.000 1.000 1.000 1.000 1.000 1.000 1.000 1.000 1.000 1.000 1.000 1.000 1.000 1.000 1.000 1.000 1.000 1.000 1.000 1.000 1.000 1.000 1.000 1.000 1.000 1.000 1.000 1.000 1.000 0.000 0.000 0.000 0.000 -0.667 -0.667 -0.667 -0.667 0.667 0.667 0.667 0.667 -1.000 -1.000 -1.000 -1.000 0.333 0.333 0.333 0.333 -0.333 -0.333 -0.333 -0.333 0.000 0.000 0.000 0.000 0.667 0.667 0.667 0.667 -0.667 -0.667 -0.667 -0.667 -1.000 -1.000 -1.000 -1.000 -0.333 -0.333 -0.333 -0.333 0.333 0.333 0.333 0.333
GM4+  3    3.000 -1.000 -1.000 -1.000 0.000 0.000 0.000 0.000 0.000 0.000 0.000 0.000 3.000 -1.000 -1.000 -1.000 0.000 0.000 0.000 0.000 0.000 0.000 0.000 0.000 -1.000 -1.000 1.000 1.000 1.000 -1.000 -1.000 1.000 1.000 -1.000 1.000 -1.000 -1.000 -1.000 1.000 1.000 1.000 -1.000 -1.000 1.000 1.000 -1.000 1.000 -1.000
GM4-  3    3.000 -1.000 -1.000 -1.000 0.000 0.000 0.000 0.000 0.000 0.000 0.000 0.000 -3.000 1.000 1.000 1.000 0.000 0.000 0.000 0.000 0.000 0.000 0.000 0.000 -1.000 -1.000 1.000 1.000 1.000 -1.000 -1.000 1.000 1.000 -1.000 1.000 -1.000 1.000 1.000 -1.000 -1.000 -1.000 1.000 1.000 -1.000 -1.000 1.000 -1.000 1.000



 kpoint  L : 0.500000 0.500000 0.500000  : 1 5 9 13 17 21
L1+  1    1.000 1.000 1.000 1.000 1.000 1.000 -1.000 -1.000 -1.000 -1.000 -1.000 -1.000
L1-  1    1.000 1.000 1.000 -1.000 -1.000 -1.000 -1.000 -1.000 -1.000 1.000 1.000 1.000
L2+  1    1.000 1.000 1.000 1.000 1.000 1.000 1.000 1.000 1.000 1.000 1.000 1.000 0.000 0.667 -0.667 0.000 0.667 -0.667 -1.000 0.333 -0.333 -1.000 0.333 -0.333
L2-  1    1.000 1.000 1.000 1.000 1.000 1.000 1.000 1.000 1.000 1.000 1.000 1.000 0.000 0.667 -0.667 -1.000 -0.333 0.333 -1.000 0.333 -0.333 0.000 -0.667 0.667
L3+  1    1.000 1.000 1.000 1.000 1.000 1.000 1.000 1.000 1.000 1.000 1.000 1.000 0.000 -0.667 0.667 0.000 -0.667 0.667 -1.000 -0.333 0.333 -1.000 -0.333 0.333
L3-  1    1.000 1.000 1.000 1.000 1.000 1.000 1.000 1.000 1.000 1.000 1.000 1.000 0.000 -0.667 0.667 -1.000 0.333 -0.333 -1.000 -0.333 0.333 0.000 0.667 -0.667



 kpoint  W : 0.500000 0.250000 0.750000  : 1 4 13 14 15
W1  2    2.000 0.000 0.000 0.000 0.312 0.312 1.414 1.414 0.000 0.000 0.000 0.000 0.785 -0.785 -0.500 -1.000



 kpoint  X : 0.500000 0.000000 0.500000  : 1 2 3 4 13 14 15 16
X1  2    2.000 0.000 2.000 0.000 0.000 0.000 0.000 0.000 0.000 0.000 0.000 0.000 0.000 2.000 0.000 2.000 0.000 0.000 0.000 0.000 0.000 0.000 0.000 0.000 0.000 0.000 0.000 0.000 0.000 0.500 0.000 0.500
X2  2    2.000 0.000 -2.000 0.000 0.000 0.000 0.000 0.000 0.000 2.000 0.000 -2.000 0.000 0.000 0.000 0.000
