SG=P4/m
 name=83.43
 nsym=8
 spinor=True
symmetries=
    1 0 0   0 1 0   0 0 1   0 0 0    1.0 0.0 0.0 1.0    0.0 0.0 0.0 0.0
  -1 0 0   0 -1 0   0 0 1   0 0 0   1.0 0.0 0.0 1.0    -0.5 0.0 0.0 0.5
   0 -1 0   1 0 0   0 0 1   0 0 0  1.0 0.0 0.0 1.0    0.75 0.0 0.0 0.25
   0 1 0   -1 0 0   0 0 1   0 0 0  1.0 0.0 0.0 1.0    0.25 0.0 0.0 0.75
 -1 0 0   0 -1 0   0 0 -1   0 0 0    1.0 0.0 0.0 1.0    0.0 0.0 0.0 0.0
   1 0 0   0 1 0   0 0 -1   0 0 0   1.0 0.0 0.0 1.0    -0.5 0.0 0.0 0.5
  0 1 0   -1 0 0   0 0 -1   0 0 0  1.0 0.0 0.0 1.0    0.75 0.0 0.0 0.25
  0 -1 0   1 0 0   0 0 -1   0 0 0  1.0 0.0 0.0 1.0    0.25 0.0 0.0 0.75


kpoint  GM : 0.000000 0.000000 0.000000 :  1 2 3 4 5 6 7 8
-GM10  1   1.000 1.000 1.000 1.000 1.000 1.000 1.000 1.000 1.000 1.000 1.000 1.000 1.000 1.000 1.000 1.000 0.000 -0.500 -0.250 0.250 -1.000 0.500 0.750 -0.750 -1.000 0.500 0.750 -0.750 0.000 -0.500 -0.250 0.250
-GM11  1   1.000 1.000 1.000 1.000 1.000 1.000 1.000 1.000 1.000 1.000 1.000 1.000 1.000 1.000 1.000 1.000 0.000 0.500 -0.750 0.750 -1.000 -0.500 0.250 -0.250 -1.000 -0.500 0.250 -0.250 0.000 0.500 -0.750 0.750
-GM12  1   1.000 1.000 1.000 1.000 1.000 1.000 1.000 1.000 1.000 1.000 1.000 1.000 1.000 1.000 1.000 1.000 0.000 0.500 0.250 -0.250 -1.000 -0.500 -0.750 0.750 -1.000 -0.500 -0.750 0.750 0.000 0.500 0.250 -0.250
-GM5  1   1.000 1.000 1.000 1.000 1.000 1.000 1.000 1.000 1.000 1.000 1.000 1.000 1.000 1.000 1.000 1.000 0.000 -0.500 0.750 -0.750 0.000 -0.500 0.750 -0.750 -1.000 0.500 -0.250 0.250 -1.000 0.500 -0.250 0.250
-GM6  1   1.000 1.000 1.000 1.000 1.000 1.000 1.000 1.000 1.000 1.000 1.000 1.000 1.000 1.000 1.000 1.000 0.000 -0.500 -0.250 0.250 0.000 -0.500 -0.250 0.250 -1.000 0.500 0.750 -0.750 -1.000 0.500 0.750 -0.750
-GM7  1   1.000 1.000 1.000 1.000 1.000 1.000 1.000 1.000 1.000 1.000 1.000 1.000 1.000 1.000 1.000 1.000 0.000 0.500 -0.750 0.750 0.000 0.500 -0.750 0.750 -1.000 -0.500 0.250 -0.250 -1.000 -0.500 0.250 -0.250
-GM8  1   1.000 1.000 1.000 1.000 1.000 1.000 1.000 1.000 1.000 1.000 1.000 1.000 1.000 1.000 1.000 1.000 0.000 0.500 0.250 -0.250 0.000 0.500 0.250 -0.250 -1.000 -0.500 -0.750 0.750 -1.000 -0.500 -0.750 0.750
-GM9  1   1.000 1.000 1.000 1.000 1.000 1.000 1.000 1.000 1.000 1.000 1.000 1.000 1.000 1.000 1.000 1.000 0.000 -0.500 0.750 -0.750 -1.000 0.500 -0.250 0.250 -1.000 0.500 -0.250 0.250 0.000 -0.500 0.750 -0.750



kpoint  A : 0.500000 0.500000 0.500000 :  1 2 3 4 5 6 7 8
-A10  1   1.000 1.000 1.000 1.000 1.000 1.000 1.000 1.000 1.000 1.000 1.000 1.000 1.000 1.000 1.000 1.000 0.000 -0.500 -0.250 0.250 -1.000 0.500 0.750 -0.750 -1.000 0.500 0.750 -0.750 0.000 -0.500 -0.250 0.250
-A11  1   1.000 1.000 1.000 1.000 1.000 1.000 1.000 1.000 1.000 1.000 1.000 1.000 1.000 1.000 1.000 1.000 0.000 0.500 -0.750 0.750 -1.000 -0.500 0.250 -0.250 -1.000 -0.500 0.250 -0.250 0.000 0.500 -0.750 0.750
-A12  1   1.000 1.000 1.000 1.000 1.000 1.000 1.000 1.000 1.000 1.000 1.000 1.000 1.000 1.000 1.000 1.000 0.000 0.500 0.250 -0.250 -1.000 -0.500 -0.750 0.750 -1.000 -0.500 -0.750 0.750 0.000 0.500 0.250 -0.250
-A5  1   1.000 1.000 1.000 1.000 1.000 1.000 1.000 1.000 1.000 1.000 1.000 1.000 1.000 1.000 1.000 1.000 0.000 -0.500 0.750 -0.750 0.000 -0.500 0.750 -0.750 -1.000 0.500 -0.250 0.250 -1.000 0.500 -0.250 0.250
-A6  1   1.000 1.000 1.000 1.000 1.000 1.000 1.000 1.000 1.000 1.000 1.000 1.000 1.000 1.000 1.000 1.000 0.000 -0.500 -0.250 0.250 0.000 -0.500 -0.250 0.250 -1.000 0.500 0.750 -0.750 -1.000 0.500 0.750 -0.750
-A7  1   1.000 1.000 1.000 1.000 1.000 1.000 1.000 1.000 1.000 1.000 1.000 1.000 1.000 1.000 1.000 1.000 0.000 0.500 -0.750 0.750 0.000 0.500 -0.750 0.750 -1.000 -0.500 0.250 -0.250 -1.000 -0.500 0.250 -0.250
-A8  1   1.000 1.000 1.000 1.000 1.000 1.000 1.000 1.000 1.000 1.000 1.000 1.000 1.000 1.000 1.000 1.000 0.000 0.500 0.250 -0.250 0.000 0.500 0.250 -0.250 -1.000 -0.500 -0.750 0.750 -1.000 -0.500 -0.750 0.750
-A9  1   1.000 1.000 1.000 1.000 1.000 1.000 1.000 1.000 1.000 1.000 1.000 1.000 1.000 1.000 1.000 1.000 0.000 -0.500 0.750 -0.750 -1.000 0.500 -0.250 0.250 -1.000 0.500 -0.250 0.250 0.000 -0.500 0.750 -0.750



kpoint  M : 0.500000 0.500000 0.000000 :  1 2 3 4 5 6 7 8
-M10  1   1.000 1.000 1.000 1.000 1.000 1.000 1.000 1.000 1.000 1.000 1.000 1.000 1.000 1.000 1.000 1.000 0.000 -0.500 -0.250 0.250 -1.000 0.500 0.750 -0.750 -1.000 0.500 0.750 -0.750 0.000 -0.500 -0.250 0.250
-M11  1   1.000 1.000 1.000 1.000 1.000 1.000 1.000 1.000 1.000 1.000 1.000 1.000 1.000 1.000 1.000 1.000 0.000 0.500 -0.750 0.750 -1.000 -0.500 0.250 -0.250 -1.000 -0.500 0.250 -0.250 0.000 0.500 -0.750 0.750
-M12  1   1.000 1.000 1.000 1.000 1.000 1.000 1.000 1.000 1.000 1.000 1.000 1.000 1.000 1.000 1.000 1.000 0.000 0.500 0.250 -0.250 -1.000 -0.500 -0.750 0.750 -1.000 -0.500 -0.750 0.750 0.000 0.500 0.250 -0.250
-M5  1   1.000 1.000 1.000 1.000 1.000 1.000 1.000 1.000 1.000 1.000 1.000 1.000 1.000 1.000 1.000 1.000 0.000 -0.500 0.750 -0.750 0.000 -0.500 0.750 -0.750 -1.000 0.500 -0.250 0.250 -1.000 0.500 -0.250 0.250
-M6  1   1.000 1.000 1.000 1.000 1.000 1.000 1.000 1.000 1.000 1.000 1.000 1.000 1.000 1.000 1.000 1.000 0.000 -0.500 -0.250 0.250 0.000 -0.500 -0.250 0.250 -1.000 0.500 0.750 -0.750 -1.000 0.500 0.750 -0.750
-M7  1   1.000 1.000 1.000 1.000 1.000 1.000 1.000 1.000 1.000 1.000 1.000 1.000 1.000 1.000 1.000 1.000 0.000 0.500 -0.750 0.750 0.000 0.500 -0.750 0.750 -1.000 -0.500 0.250 -0.250 -1.000 -0.500 0.250 -0.250
-M8  1   1.000 1.000 1.000 1.000 1.000 1.000 1.000 1.000 1.000 1.000 1.000 1.000 1.000 1.000 1.000 1.000 0.000 0.500 0.250 -0.250 0.000 0.500 0.250 -0.250 -1.000 -0.500 -0.750 0.750 -1.000 -0.500 -0.750 0.750
-M9  1   1.000 1.000 1.000 1.000 1.000 1.000 1.000 1.000 1.000 1.000 1.000 1.000 1.000 1.000 1.000 1.000 0.000 -0.500 0.750 -0.750 -1.000 0.500 -0.250 0.250 -1.000 0.500 -0.250 0.250 0.000 -0.500 0.750 -0.750



kpoint  R : 0.000000 0.500000 0.500000 :  1 2 3 4
-R3  1   1.000 1.000 1.000 1.000 1.000 1.000 1.000 1.000 0.000 -0.500 0.000 -0.500 -1.000 0.500 -1.000 0.500
-R4  1   1.000 1.000 1.000 1.000 1.000 1.000 1.000 1.000 0.000 0.500 0.000 0.500 -1.000 -0.500 -1.000 -0.500
-R5  1   1.000 1.000 1.000 1.000 1.000 1.000 1.000 1.000 0.000 -0.500 -1.000 0.500 -1.000 0.500 0.000 -0.500
-R6  1   1.000 1.000 1.000 1.000 1.000 1.000 1.000 1.000 0.000 0.500 -1.000 -0.500 -1.000 -0.500 0.000 0.500



kpoint  X : 0.000000 0.500000 0.000000 :  1 2 3 4
-X3  1   1.000 1.000 1.000 1.000 1.000 1.000 1.000 1.000 0.000 -0.500 0.000 -0.500 -1.000 0.500 -1.000 0.500
-X4  1   1.000 1.000 1.000 1.000 1.000 1.000 1.000 1.000 0.000 0.500 0.000 0.500 -1.000 -0.500 -1.000 -0.500
-X5  1   1.000 1.000 1.000 1.000 1.000 1.000 1.000 1.000 0.000 -0.500 -1.000 0.500 -1.000 0.500 0.000 -0.500
-X6  1   1.000 1.000 1.000 1.000 1.000 1.000 1.000 1.000 0.000 0.500 -1.000 -0.500 -1.000 -0.500 0.000 0.500



kpoint  Z : 0.000000 0.000000 0.500000 :  1 2 3 4 5 6 7 8
-Z10  1   1.000 1.000 1.000 1.000 1.000 1.000 1.000 1.000 1.000 1.000 1.000 1.000 1.000 1.000 1.000 1.000 0.000 -0.500 -0.250 0.250 -1.000 0.500 0.750 -0.750 -1.000 0.500 0.750 -0.750 0.000 -0.500 -0.250 0.250
-Z11  1   1.000 1.000 1.000 1.000 1.000 1.000 1.000 1.000 1.000 1.000 1.000 1.000 1.000 1.000 1.000 1.000 0.000 0.500 -0.750 0.750 -1.000 -0.500 0.250 -0.250 -1.000 -0.500 0.250 -0.250 0.000 0.500 -0.750 0.750
-Z12  1   1.000 1.000 1.000 1.000 1.000 1.000 1.000 1.000 1.000 1.000 1.000 1.000 1.000 1.000 1.000 1.000 0.000 0.500 0.250 -0.250 -1.000 -0.500 -0.750 0.750 -1.000 -0.500 -0.750 0.750 0.000 0.500 0.250 -0.250
-Z5  1   1.000 1.000 1.000 1.000 1.000 1.000 1.000 1.000 1.000 1.000 1.000 1.000 1.000 1.000 1.000 1.000 0.000 -0.500 0.750 -0.750 0.000 -0.500 0.750 -0.750 -1.000 0.500 -0.250 0.250 -1.000 0.500 -0.250 0.250
-Z6  1   1.000 1.000 1.000 1.000 1.000 1.000 1.000 1.000 1.000 1.000 1.000 1.000 1.000 1.000 1.000 1.000 0.000 -0.500 -0.250 0.250 0.000 -0.500 -0.250 0.250 -1.000 0.500 0.750 -0.750 -1.000 0.500 0.750 -0.750
-Z7  1   1.000 1.000 1.000 1.000 1.000 1.000 1.000 1.000 1.000 1.000 1.000 1.000 1.000 1.000 1.000 1.000 0.000 0.500 -0.750 0.750 0.000 0.500 -0.750 0.750 -1.000 -0.500 0.250 -0.250 -1.000 -0.500 0.250 -0.250
-Z8  1   1.000 1.000 1.000 1.000 1.000 1.000 1.000 1.000 1.000 1.000 1.000 1.000 1.000 1.000 1.000 1.000 0.000 0.500 0.250 -0.250 0.000 0.500 0.250 -0.250 -1.000 -0.500 -0.750 0.750 -1.000 -0.500 -0.750 0.750
-Z9  1   1.000 1.000 1.000 1.000 1.000 1.000 1.000 1.000 1.000 1.000 1.000 1.000 1.000 1.000 1.000 1.000 0.000 -0.500 0.750 -0.750 -1.000 0.500 -0.250 0.250 -1.000 0.500 -0.250 0.250 0.000 -0.500 0.750 -0.750
