SG=I-43d
 name=220.89
 nsym=24
 spinor=False
symmetries=
                     1 0 0   0 1 0   0 0 1   0 0 0
             -1 0 0   0 -1 0   0 0 1   0 0.50000 0
             -1 0 0   0 1 0   0 0 -1   0.50000 0 0
             1 0 0   0 -1 0   0 0 -1   0 0 0.50000
                     0 0 1   1 0 0   0 1 0   0 0 0
             0 0 1   -1 0 0   0 -1 0   0 0 0.50000
             0 0 -1   -1 0 0   0 1 0   0 0.50000 0
             0 0 -1   1 0 0   0 -1 0   0.50000 0 0
                     0 1 0   0 0 1   1 0 0   0 0 0
             0 -1 0   0 0 1   -1 0 0   0.50000 0 0
             0 1 0   0 0 -1   -1 0 0   0 0 0.50000
             0 -1 0   0 0 -1   1 0 0   0 0.50000 0
   0 1 0   1 0 0   0 0 1   0.25000 0.25000 0.25000
 0 -1 0   -1 0 0   0 0 1   0.75000 0.25000 0.25000
 0 1 0   -1 0 0   0 0 -1   0.25000 0.75000 0.25000
 0 -1 0   1 0 0   0 0 -1   0.25000 0.25000 0.75000
   1 0 0   0 0 1   0 1 0   0.25000 0.25000 0.25000
 -1 0 0   0 0 1   0 -1 0   0.25000 0.25000 0.75000
 -1 0 0   0 0 -1   0 1 0   0.75000 0.25000 0.25000
 1 0 0   0 0 -1   0 -1 0   0.25000 0.75000 0.25000
   0 0 1   0 1 0   1 0 0   0.25000 0.25000 0.25000
 0 0 1   0 -1 0   -1 0 0   0.25000 0.75000 0.25000
 0 0 -1   0 1 0   -1 0 0   0.25000 0.25000 0.75000
 0 0 -1   0 -1 0   1 0 0   0.75000 0.25000 0.25000


kpoint  GM : 0.000000 0.000000 0.000000 :  1 2 3 4 5 6 7 8 9 10 11 12 13 14 15 16 17 18 19 20 21 22 23 24
GM1  1   1.000 1.000 1.000 1.000 1.000 1.000 1.000 1.000 1.000 1.000 1.000 1.000 1.000 1.000 1.000 1.000 1.000 1.000 1.000 1.000 1.000 1.000 1.000 1.000 1.000 1.000 1.000 1.000 1.000 1.000 1.000 1.000 1.000 1.000 1.000 1.000 1.000 1.000 1.000 1.000 1.000 1.000 1.000 1.000 1.000 1.000 1.000 1.000
GM2  1   1.000 1.000 1.000 1.000 1.000 1.000 1.000 1.000 1.000 1.000 1.000 1.000 1.000 1.000 1.000 1.000 1.000 1.000 1.000 1.000 1.000 1.000 1.000 1.000 1.000 1.000 1.000 1.000 1.000 1.000 1.000 1.000 1.000 1.000 1.000 1.000 1.000 1.000 1.000 1.000 1.000 1.000 1.000 1.000 1.000 1.000 1.000 1.000 0.000 0.000 0.000 0.000 0.000 0.000 0.000 0.000 0.000 0.000 0.000 0.000 -1.000 -1.000 -1.000 -1.000 -1.000 -1.000 -1.000 -1.000 -1.000 -1.000 -1.000 -1.000 0.000 0.000 0.000 0.000 0.000 0.000 0.000 0.000 0.000 0.000 0.000 0.000 -1.000 -1.000 -1.000 -1.000 -1.000 -1.000 -1.000 -1.000 -1.000 -1.000 -1.000 -1.000
GM3  2   2.000 2.000 2.000 2.000 -1.000 -1.000 -1.000 -1.000 -1.000 -1.000 -1.000 -1.000 0.000 0.000 0.000 0.000 0.000 0.000 0.000 0.000 0.000 0.000 0.000 0.000 2.000 2.000 2.000 2.000 -1.000 -1.000 -1.000 -1.000 -1.000 -1.000 -1.000 -1.000 0.000 0.000 0.000 0.000 0.000 0.000 0.000 0.000 0.000 0.000 0.000 0.000
GM4  3   3.000 1.000 1.000 1.000 0.000 0.000 0.000 0.000 0.000 0.000 0.000 0.000 1.000 1.000 1.000 1.000 1.000 1.000 1.000 1.000 1.000 1.000 1.000 1.000 3.000 1.000 1.000 1.000 0.000 0.000 0.000 0.000 0.000 0.000 0.000 0.000 1.000 1.000 1.000 1.000 1.000 1.000 1.000 1.000 1.000 1.000 1.000 1.000 0.000 -1.000 -1.000 -1.000 0.000 0.000 0.000 0.000 0.000 0.000 0.000 0.000 0.000 0.000 -1.000 -1.000 0.000 -1.000 -1.000 0.000 0.000 -1.000 0.000 -1.000 0.000 -1.000 -1.000 -1.000 0.000 0.000 0.000 0.000 0.000 0.000 0.000 0.000 0.000 0.000 -1.000 -1.000 0.000 -1.000 -1.000 0.000 0.000 -1.000 0.000 -1.000
GM5  3   3.000 1.000 1.000 1.000 0.000 0.000 0.000 0.000 0.000 0.000 0.000 0.000 1.000 1.000 1.000 1.000 1.000 1.000 1.000 1.000 1.000 1.000 1.000 1.000 3.000 1.000 1.000 1.000 0.000 0.000 0.000 0.000 0.000 0.000 0.000 0.000 1.000 1.000 1.000 1.000 1.000 1.000 1.000 1.000 1.000 1.000 1.000 1.000 0.000 -1.000 -1.000 -1.000 0.000 0.000 0.000 0.000 0.000 0.000 0.000 0.000 -1.000 -1.000 0.000 0.000 -1.000 0.000 0.000 -1.000 -1.000 0.000 -1.000 0.000 0.000 -1.000 -1.000 -1.000 0.000 0.000 0.000 0.000 0.000 0.000 0.000 0.000 -1.000 -1.000 0.000 0.000 -1.000 0.000 0.000 -1.000 -1.000 0.000 -1.000 0.000



kpoint  H : 0.500000 0.500000 0.500000 :  1 2 3 4 5 6 7 8 9 10 11 12 13 14 15 16 17 18 19 20 21 22 23 24
H1  1   1.000 1.000 1.000 1.000 1.000 1.000 1.000 1.000 1.000 1.000 1.000 1.000 1.000 1.000 1.000 1.000 1.000 1.000 1.000 1.000 1.000 1.000 1.000 1.000 1.000 1.000 1.000 1.000 1.000 1.000 1.000 1.000 1.000 1.000 1.000 1.000 1.000 1.000 1.000 1.000 1.000 1.000 1.000 1.000 1.000 1.000 1.000 1.000 0.000 -1.000 -1.000 -1.000 0.000 -1.000 -1.000 -1.000 0.000 -1.000 -1.000 -1.000 0.500 -0.500 -0.500 -0.500 0.500 -0.500 -0.500 -0.500 0.500 -0.500 -0.500 -0.500 0.000 -1.000 -1.000 -1.000 0.000 -1.000 -1.000 -1.000 0.000 -1.000 -1.000 -1.000 0.500 -0.500 -0.500 -0.500 0.500 -0.500 -0.500 -0.500 0.500 -0.500 -0.500 -0.500
H2  1   1.000 1.000 1.000 1.000 1.000 1.000 1.000 1.000 1.000 1.000 1.000 1.000 1.000 1.000 1.000 1.000 1.000 1.000 1.000 1.000 1.000 1.000 1.000 1.000 1.000 1.000 1.000 1.000 1.000 1.000 1.000 1.000 1.000 1.000 1.000 1.000 1.000 1.000 1.000 1.000 1.000 1.000 1.000 1.000 1.000 1.000 1.000 1.000 0.000 -1.000 -1.000 -1.000 0.000 -1.000 -1.000 -1.000 0.000 -1.000 -1.000 -1.000 -0.500 0.500 0.500 0.500 -0.500 0.500 0.500 0.500 -0.500 0.500 0.500 0.500 0.000 -1.000 -1.000 -1.000 0.000 -1.000 -1.000 -1.000 0.000 -1.000 -1.000 -1.000 -0.500 0.500 0.500 0.500 -0.500 0.500 0.500 0.500 -0.500 0.500 0.500 0.500
H3  2   2.000 2.000 2.000 2.000 1.000 1.000 1.000 1.000 1.000 1.000 1.000 1.000 0.000 0.000 0.000 0.000 0.000 0.000 0.000 0.000 0.000 0.000 0.000 0.000 2.000 2.000 2.000 2.000 1.000 1.000 1.000 1.000 1.000 1.000 1.000 1.000 0.000 0.000 0.000 0.000 0.000 0.000 0.000 0.000 0.000 0.000 0.000 0.000 0.000 -1.000 -1.000 -1.000 1.000 0.000 0.000 0.000 1.000 0.000 0.000 0.000 0.000 0.000 0.000 0.000 0.000 0.000 0.000 0.000 0.000 0.000 0.000 0.000 0.000 -1.000 -1.000 -1.000 1.000 0.000 0.000 0.000 1.000 0.000 0.000 0.000 0.000 0.000 0.000 0.000 0.000 0.000 0.000 0.000 0.000 0.000 0.000 0.000
H4  3   3.000 1.000 1.000 1.000 0.000 0.000 0.000 0.000 0.000 0.000 0.000 0.000 1.000 1.000 1.000 1.000 1.000 1.000 1.000 1.000 1.000 1.000 1.000 1.000 3.000 1.000 1.000 1.000 0.000 0.000 0.000 0.000 0.000 0.000 0.000 0.000 1.000 1.000 1.000 1.000 1.000 1.000 1.000 1.000 1.000 1.000 1.000 1.000 0.000 -0.000 -0.000 -0.000 0.000 0.000 0.000 0.000 0.000 0.000 0.000 0.000 0.500 -0.500 0.500 0.500 0.500 0.500 0.500 -0.500 0.500 0.500 -0.500 0.500 0.000 -0.000 -0.000 -0.000 0.000 0.000 0.000 0.000 0.000 0.000 0.000 0.000 0.500 -0.500 0.500 0.500 0.500 0.500 0.500 -0.500 0.500 0.500 -0.500 0.500
H5  3   3.000 1.000 1.000 1.000 0.000 0.000 0.000 0.000 0.000 0.000 0.000 0.000 1.000 1.000 1.000 1.000 1.000 1.000 1.000 1.000 1.000 1.000 1.000 1.000 3.000 1.000 1.000 1.000 0.000 0.000 0.000 0.000 0.000 0.000 0.000 0.000 1.000 1.000 1.000 1.000 1.000 1.000 1.000 1.000 1.000 1.000 1.000 1.000 0.000 -0.000 -0.000 -0.000 0.000 0.000 0.000 0.000 0.000 0.000 0.000 0.000 -0.500 0.500 -0.500 -0.500 -0.500 -0.500 -0.500 0.500 -0.500 -0.500 0.500 -0.500 0.000 -0.000 -0.000 -0.000 0.000 0.000 0.000 0.000 0.000 0.000 0.000 0.000 -0.500 0.500 -0.500 -0.500 -0.500 -0.500 -0.500 0.500 -0.500 -0.500 0.500 -0.500



kpoint  N : 0.000000 0.000000 0.500000 :  1 2 3 4
N1  2   2.000 0.000 0.000 0.000 2.000 0.000 0.000 0.000



kpoint  P : 0.250000 0.250000 0.250000 :  1 2 3 4 5 6 7 8 9 10 11 12 13 14 15 16 17 18 19 20 21 22 23 24
P1  2   2.000 0.000 0.000 0.000 0.617 1.105 1.105 1.105 0.617 1.105 1.105 1.105 0.000 0.000 1.414 1.414 0.312 1.414 1.414 0.312 0.312 1.414 0.312 1.414 2.000 0.000 0.000 0.000 0.617 1.105 1.105 1.105 0.617 1.105 1.105 1.105 0.000 0.000 1.414 1.414 0.312 1.414 1.414 0.312 0.312 1.414 0.312 1.414 0.000 0.000 0.000 0.000 0.000 0.571 0.571 0.571 0.000 -0.571 -0.571 -0.571 0.000 0.000 0.750 -0.250 0.785 0.356 -0.785 -0.785 0.785 -0.785 -0.785 0.356 0.000 0.000 0.000 0.000 0.000 0.571 0.571 0.571 0.000 -0.571 -0.571 -0.571 0.000 0.000 0.750 -0.250 0.785 0.356 -0.785 -0.785 0.785 -0.785 -0.785 0.356
P2  2   2.000 0.000 0.000 0.000 0.617 1.105 1.105 1.105 0.617 1.105 1.105 1.105 0.000 0.000 1.414 1.414 0.312 1.414 1.414 0.312 0.312 1.414 0.312 1.414 2.000 0.000 0.000 0.000 0.617 1.105 1.105 1.105 0.617 1.105 1.105 1.105 0.000 0.000 1.414 1.414 0.312 1.414 1.414 0.312 0.312 1.414 0.312 1.414 0.000 0.000 0.000 0.000 0.000 0.571 0.571 0.571 0.000 -0.571 -0.571 -0.571 0.000 0.000 -0.250 0.750 0.785 -0.785 0.356 -0.785 0.785 0.356 -0.785 -0.785 0.000 0.000 0.000 0.000 0.000 0.571 0.571 0.571 0.000 -0.571 -0.571 -0.571 0.000 0.000 -0.250 0.750 0.785 -0.785 0.356 -0.785 0.785 0.356 -0.785 -0.785
P3  4   4.000 0.000 0.000 0.000 2.185 1.718 1.718 1.718 2.185 1.718 1.718 1.718 0.000 0.000 0.000 0.000 0.000 0.000 0.000 0.000 0.000 0.000 0.000 0.000 4.000 0.000 0.000 0.000 2.185 1.718 1.718 1.718 2.185 1.718 1.718 1.718 0.000 0.000 0.000 0.000 0.000 0.000 0.000 0.000 0.000 0.000 0.000 0.000 0.000 0.000 0.000 0.000 0.000 0.493 0.493 0.493 0.000 -0.493 -0.493 -0.493 0.000 0.000 0.000 0.000 0.000 0.000 0.000 0.000 0.000 0.000 0.000 0.000 0.000 0.000 0.000 0.000 0.000 0.493 0.493 0.493 0.000 -0.493 -0.493 -0.493 0.000 0.000 0.000 0.000 0.000 0.000 0.000 0.000 0.000 0.000 0.000 0.000



kpoint  PA : 0.750000 0.750000 0.750000 :  1 2 3 4 5 6 7 8 9 10 11 12 13 14 15 16 17 18 19 20 21 22 23 24
PA1  2   2.000 0.000 0.000 0.000 0.617 1.105 1.105 1.105 0.617 1.105 1.105 1.105 0.000 0.000 1.414 1.414 0.312 1.414 1.414 0.312 0.312 1.414 0.312 1.414 2.000 0.000 0.000 0.000 0.617 1.105 1.105 1.105 0.617 1.105 1.105 1.105 0.000 0.000 1.414 1.414 0.312 1.414 1.414 0.312 0.312 1.414 0.312 1.414 0.000 0.000 0.000 0.000 0.000 -0.571 -0.571 -0.571 0.000 0.571 0.571 0.571 0.000 0.000 -0.750 0.250 -0.785 -0.356 0.785 0.785 -0.785 0.785 0.785 -0.356 0.000 0.000 0.000 0.000 0.000 -0.571 -0.571 -0.571 0.000 0.571 0.571 0.571 0.000 0.000 -0.750 0.250 -0.785 -0.356 0.785 0.785 -0.785 0.785 0.785 -0.356
PA2  2   2.000 0.000 0.000 0.000 0.617 1.105 1.105 1.105 0.617 1.105 1.105 1.105 0.000 0.000 1.414 1.414 0.312 1.414 1.414 0.312 0.312 1.414 0.312 1.414 2.000 0.000 0.000 0.000 0.617 1.105 1.105 1.105 0.617 1.105 1.105 1.105 0.000 0.000 1.414 1.414 0.312 1.414 1.414 0.312 0.312 1.414 0.312 1.414 0.000 0.000 0.000 0.000 0.000 -0.571 -0.571 -0.571 0.000 0.571 0.571 0.571 0.000 0.000 0.250 -0.750 -0.785 0.785 -0.356 0.785 -0.785 -0.356 0.785 0.785 0.000 0.000 0.000 0.000 0.000 -0.571 -0.571 -0.571 0.000 0.571 0.571 0.571 0.000 0.000 0.250 -0.750 -0.785 0.785 -0.356 0.785 -0.785 -0.356 0.785 0.785
PA3  4   4.000 0.000 0.000 0.000 2.185 1.718 1.718 1.718 2.185 1.718 1.718 1.718 0.000 0.000 0.000 0.000 0.000 0.000 0.000 0.000 0.000 0.000 0.000 0.000 4.000 0.000 0.000 0.000 2.185 1.718 1.718 1.718 2.185 1.718 1.718 1.718 0.000 0.000 0.000 0.000 0.000 0.000 0.000 0.000 0.000 0.000 0.000 0.000 0.000 0.000 0.000 0.000 0.000 -0.493 -0.493 -0.493 0.000 0.493 0.493 0.493 0.000 0.000 0.000 0.000 0.000 0.000 0.000 0.000 0.000 0.000 0.000 0.000 0.000 0.000 0.000 0.000 0.000 -0.493 -0.493 -0.493 0.000 0.493 0.493 0.493 0.000 0.000 0.000 0.000 0.000 0.000 0.000 0.000 0.000 0.000 0.000 0.000
