SG=Pm-3n
 name=223.104
 nsym=48
 spinor=False
symmetries=
                      1 0 0   0 1 0   0 0 1   0 0 0
                    -1 0 0   0 -1 0   0 0 1   0 0 0
                    -1 0 0   0 1 0   0 0 -1   0 0 0
                    1 0 0   0 -1 0   0 0 -1   0 0 0
                      0 0 1   1 0 0   0 1 0   0 0 0
                    0 0 1   -1 0 0   0 -1 0   0 0 0
                    0 0 -1   -1 0 0   0 1 0   0 0 0
                    0 0 -1   1 0 0   0 -1 0   0 0 0
                      0 1 0   0 0 1   1 0 0   0 0 0
                    0 -1 0   0 0 1   -1 0 0   0 0 0
                    0 1 0   0 0 -1   -1 0 0   0 0 0
                    0 -1 0   0 0 -1   1 0 0   0 0 0
   0 1 0   1 0 0   0 0 -1   0.50000 0.50000 0.50000
 0 -1 0   -1 0 0   0 0 -1   0.50000 0.50000 0.50000
   0 1 0   -1 0 0   0 0 1   0.50000 0.50000 0.50000
   0 -1 0   1 0 0   0 0 1   0.50000 0.50000 0.50000
   1 0 0   0 0 1   0 -1 0   0.50000 0.50000 0.50000
   -1 0 0   0 0 1   0 1 0   0.50000 0.50000 0.50000
 -1 0 0   0 0 -1   0 -1 0   0.50000 0.50000 0.50000
   1 0 0   0 0 -1   0 1 0   0.50000 0.50000 0.50000
   0 0 1   0 1 0   -1 0 0   0.50000 0.50000 0.50000
   0 0 1   0 -1 0   1 0 0   0.50000 0.50000 0.50000
   0 0 -1   0 1 0   1 0 0   0.50000 0.50000 0.50000
 0 0 -1   0 -1 0   -1 0 0   0.50000 0.50000 0.50000
                   -1 0 0   0 -1 0   0 0 -1   0 0 0
                     1 0 0   0 1 0   0 0 -1   0 0 0
                     1 0 0   0 -1 0   0 0 1   0 0 0
                     -1 0 0   0 1 0   0 0 1   0 0 0
                   0 0 -1   -1 0 0   0 -1 0   0 0 0
                     0 0 -1   1 0 0   0 1 0   0 0 0
                     0 0 1   1 0 0   0 -1 0   0 0 0
                     0 0 1   -1 0 0   0 1 0   0 0 0
                   0 -1 0   0 0 -1   -1 0 0   0 0 0
                     0 1 0   0 0 -1   1 0 0   0 0 0
                     0 -1 0   0 0 1   1 0 0   0 0 0
                     0 1 0   0 0 1   -1 0 0   0 0 0
  0 -1 0   -1 0 0   0 0 1   0.50000 0.50000 0.50000
    0 1 0   1 0 0   0 0 1   0.50000 0.50000 0.50000
  0 -1 0   1 0 0   0 0 -1   0.50000 0.50000 0.50000
  0 1 0   -1 0 0   0 0 -1   0.50000 0.50000 0.50000
  -1 0 0   0 0 -1   0 1 0   0.50000 0.50000 0.50000
  1 0 0   0 0 -1   0 -1 0   0.50000 0.50000 0.50000
    1 0 0   0 0 1   0 1 0   0.50000 0.50000 0.50000
  -1 0 0   0 0 1   0 -1 0   0.50000 0.50000 0.50000
  0 0 -1   0 -1 0   1 0 0   0.50000 0.50000 0.50000
  0 0 -1   0 1 0   -1 0 0   0.50000 0.50000 0.50000
  0 0 1   0 -1 0   -1 0 0   0.50000 0.50000 0.50000
    0 0 1   0 1 0   1 0 0   0.50000 0.50000 0.50000


kpoint  GM : 0.000000 0.000000 0.000000 :  1 2 3 4 5 6 7 8 9 10 11 12 13 14 15 16 17 18 19 20 21 22 23 24 25 26 27 28 29 30 31 32 33 34 35 36 37 38 39 40 41 42 43 44 45 46 47 48
GM1+  1   1.000 1.000 1.000 1.000 1.000 1.000 1.000 1.000 1.000 1.000 1.000 1.000 1.000 1.000 1.000 1.000 1.000 1.000 1.000 1.000 1.000 1.000 1.000 1.000 1.000 1.000 1.000 1.000 1.000 1.000 1.000 1.000 1.000 1.000 1.000 1.000 1.000 1.000 1.000 1.000 1.000 1.000 1.000 1.000 1.000 1.000 1.000 1.000 1.000 1.000 1.000 1.000 1.000 1.000 1.000 1.000 1.000 1.000 1.000 1.000 1.000 1.000 1.000 1.000 1.000 1.000 1.000 1.000 1.000 1.000 1.000 1.000 1.000 1.000 1.000 1.000 1.000 1.000 1.000 1.000 1.000 1.000 1.000 1.000 1.000 1.000 1.000 1.000 1.000 1.000 1.000 1.000 1.000 1.000 1.000 1.000 1.000
GM1-  1   1.000 1.000 1.000 1.000 1.000 1.000 1.000 1.000 1.000 1.000 1.000 1.000 1.000 1.000 1.000 1.000 1.000 1.000 1.000 1.000 1.000 1.000 1.000 1.000 1.000 -1.000 -1.000 -1.000 -1.000 -1.000 -1.000 -1.000 -1.000 -1.000 -1.000 -1.000 -1.000 -1.000 -1.000 -1.000 -1.000 -1.000 -1.000 -1.000 -1.000 -1.000 -1.000 -1.000 -1.000 1.000 1.000 1.000 1.000 1.000 1.000 1.000 1.000 1.000 1.000 1.000 1.000 1.000 1.000 1.000 1.000 1.000 1.000 1.000 1.000 1.000 1.000 1.000 1.000 -1.000 -1.000 -1.000 -1.000 -1.000 -1.000 -1.000 -1.000 -1.000 -1.000 -1.000 -1.000 -1.000 -1.000 -1.000 -1.000 -1.000 -1.000 -1.000 -1.000 -1.000 -1.000 -1.000 -1.000 0.000 0.000 0.000 0.000 0.000 0.000 0.000 0.000 0.000 0.000 0.000 0.000 0.000 0.000 0.000 0.000 0.000 0.000 0.000 0.000 0.000 0.000 0.000 0.000 0.000 -1.000 -1.000 -1.000 -1.000 -1.000 -1.000 -1.000 -1.000 -1.000 -1.000 -1.000 -1.000 -1.000 -1.000 -1.000 -1.000 -1.000 -1.000 -1.000 -1.000 -1.000 -1.000 -1.000 -1.000 0.000 0.000 0.000 0.000 0.000 0.000 0.000 0.000 0.000 0.000 0.000 0.000 0.000 0.000 0.000 0.000 0.000 0.000 0.000 0.000 0.000 0.000 0.000 0.000 -1.000 -1.000 -1.000 -1.000 -1.000 -1.000 -1.000 -1.000 -1.000 -1.000 -1.000 -1.000 -1.000 -1.000 -1.000 -1.000 -1.000 -1.000 -1.000 -1.000 -1.000 -1.000 -1.000 -1.000
GM11  4   4.000 4.000 0.000 0.000 0.000 -2.113 -2.113 -2.113 -2.113 -2.113 -2.113 -2.113 -2.113 0.000 0.000 0.000 0.000 0.000 0.000 0.000 0.000 0.000 0.000 0.000 0.000 -4.000 0.000 0.000 0.000 2.185 2.185 2.185 2.185 2.185 2.185 2.185 2.185 0.000 0.000 0.000 0.000 0.000 0.000 0.000 0.000 0.000 0.000 0.000 0.000 -4.000 0.000 0.000 0.000 2.185 2.185 2.185 2.185 2.185 2.185 2.185 2.185 0.000 0.000 0.000 0.000 0.000 0.000 0.000 0.000 0.000 0.000 0.000 0.000 4.000 0.000 0.000 0.000 -2.113 -2.113 -2.113 -2.113 -2.113 -2.113 -2.113 -2.113 0.000 0.000 0.000 0.000 0.000 0.000 0.000 0.000 0.000 0.000 0.000 0.000 0.000 0.000 0.000 0.000 0.000 1.000 1.000 1.000 1.000 1.000 1.000 1.000 1.000 0.000 0.000 0.000 0.000 0.000 0.000 0.000 0.000 0.000 0.000 0.000 0.000 -1.000 0.000 0.000 0.000 0.000 0.000 0.000 0.000 0.000 0.000 0.000 0.000 0.000 0.000 0.000 0.000 0.000 0.000 0.000 0.000 0.000 0.000 0.000 0.000 -1.000 0.000 0.000 0.000 0.000 0.000 0.000 0.000 0.000 0.000 0.000 0.000 0.000 0.000 0.000 0.000 0.000 0.000 0.000 0.000 0.000 0.000 0.000 0.000 0.000 0.000 0.000 0.000 1.000 1.000 1.000 1.000 1.000 1.000 1.000 1.000 0.000 0.000 0.000 0.000 0.000 0.000 0.000 0.000 0.000 0.000 0.000 0.000
GM2+  1   1.000 1.000 1.000 1.000 1.000 1.000 1.000 1.000 1.000 1.000 1.000 1.000 1.000 -1.000 -1.000 -1.000 -1.000 -1.000 -1.000 -1.000 -1.000 -1.000 -1.000 -1.000 -1.000 1.000 1.000 1.000 1.000 1.000 1.000 1.000 1.000 1.000 1.000 1.000 1.000 -1.000 -1.000 -1.000 -1.000 -1.000 -1.000 -1.000 -1.000 -1.000 -1.000 -1.000 -1.000 1.000 1.000 1.000 1.000 1.000 1.000 1.000 1.000 1.000 1.000 1.000 1.000 -1.000 -1.000 -1.000 -1.000 -1.000 -1.000 -1.000 -1.000 -1.000 -1.000 -1.000 -1.000 1.000 1.000 1.000 1.000 1.000 1.000 1.000 1.000 1.000 1.000 1.000 1.000 -1.000 -1.000 -1.000 -1.000 -1.000 -1.000 -1.000 -1.000 -1.000 -1.000 -1.000 -1.000 0.000 0.000 0.000 0.000 0.000 0.000 0.000 0.000 0.000 0.000 0.000 0.000 0.000 -1.000 -1.000 -1.000 -1.000 -1.000 -1.000 -1.000 -1.000 -1.000 -1.000 -1.000 -1.000 0.000 0.000 0.000 0.000 0.000 0.000 0.000 0.000 0.000 0.000 0.000 0.000 -1.000 -1.000 -1.000 -1.000 -1.000 -1.000 -1.000 -1.000 -1.000 -1.000 -1.000 -1.000 0.000 0.000 0.000 0.000 0.000 0.000 0.000 0.000 0.000 0.000 0.000 0.000 -1.000 -1.000 -1.000 -1.000 -1.000 -1.000 -1.000 -1.000 -1.000 -1.000 -1.000 -1.000 0.000 0.000 0.000 0.000 0.000 0.000 0.000 0.000 0.000 0.000 0.000 0.000 -1.000 -1.000 -1.000 -1.000 -1.000 -1.000 -1.000 -1.000 -1.000 -1.000 -1.000 -1.000
GM2-  1   1.000 1.000 1.000 1.000 1.000 1.000 1.000 1.000 1.000 1.000 1.000 1.000 1.000 -1.000 -1.000 -1.000 -1.000 -1.000 -1.000 -1.000 -1.000 -1.000 -1.000 -1.000 -1.000 -1.000 -1.000 -1.000 -1.000 -1.000 -1.000 -1.000 -1.000 -1.000 -1.000 -1.000 -1.000 1.000 1.000 1.000 1.000 1.000 1.000 1.000 1.000 1.000 1.000 1.000 1.000 1.000 1.000 1.000 1.000 1.000 1.000 1.000 1.000 1.000 1.000 1.000 1.000 -1.000 -1.000 -1.000 -1.000 -1.000 -1.000 -1.000 -1.000 -1.000 -1.000 -1.000 -1.000 -1.000 -1.000 -1.000 -1.000 -1.000 -1.000 -1.000 -1.000 -1.000 -1.000 -1.000 -1.000 1.000 1.000 1.000 1.000 1.000 1.000 1.000 1.000 1.000 1.000 1.000 1.000 0.000 0.000 0.000 0.000 0.000 0.000 0.000 0.000 0.000 0.000 0.000 0.000 0.000 -1.000 -1.000 -1.000 -1.000 -1.000 -1.000 -1.000 -1.000 -1.000 -1.000 -1.000 -1.000 -1.000 -1.000 -1.000 -1.000 -1.000 -1.000 -1.000 -1.000 -1.000 -1.000 -1.000 -1.000 0.000 0.000 0.000 0.000 0.000 0.000 0.000 0.000 0.000 0.000 0.000 0.000 0.000 0.000 0.000 0.000 0.000 0.000 0.000 0.000 0.000 0.000 0.000 0.000 -1.000 -1.000 -1.000 -1.000 -1.000 -1.000 -1.000 -1.000 -1.000 -1.000 -1.000 -1.000 -1.000 -1.000 -1.000 -1.000 -1.000 -1.000 -1.000 -1.000 -1.000 -1.000 -1.000 -1.000 0.000 0.000 0.000 0.000 0.000 0.000 0.000 0.000 0.000 0.000 0.000 0.000
GM3+  2   2.000 2.000 2.000 2.000 2.000 -1.000 -1.000 -1.000 -1.000 -1.000 -1.000 -1.000 -1.000 0.000 0.000 0.000 0.000 0.000 0.000 0.000 0.000 0.000 0.000 0.000 0.000 2.000 2.000 2.000 2.000 -1.000 -1.000 -1.000 -1.000 -1.000 -1.000 -1.000 -1.000 0.000 0.000 0.000 0.000 0.000 0.000 0.000 0.000 0.000 0.000 0.000 0.000 2.000 2.000 2.000 2.000 -1.000 -1.000 -1.000 -1.000 -1.000 -1.000 -1.000 -1.000 0.000 0.000 0.000 0.000 0.000 0.000 0.000 0.000 0.000 0.000 0.000 0.000 2.000 2.000 2.000 2.000 -1.000 -1.000 -1.000 -1.000 -1.000 -1.000 -1.000 -1.000 0.000 0.000 0.000 0.000 0.000 0.000 0.000 0.000 0.000 0.000 0.000 0.000
GM3-  2   2.000 2.000 2.000 2.000 2.000 -1.000 -1.000 -1.000 -1.000 -1.000 -1.000 -1.000 -1.000 0.000 0.000 0.000 0.000 0.000 0.000 0.000 0.000 0.000 0.000 0.000 0.000 -2.000 -2.000 -2.000 -2.000 1.000 1.000 1.000 1.000 1.000 1.000 1.000 1.000 0.000 0.000 0.000 0.000 0.000 0.000 0.000 0.000 0.000 0.000 0.000 0.000 2.000 2.000 2.000 2.000 -1.000 -1.000 -1.000 -1.000 -1.000 -1.000 -1.000 -1.000 0.000 0.000 0.000 0.000 0.000 0.000 0.000 0.000 0.000 0.000 0.000 0.000 -2.000 -2.000 -2.000 -2.000 1.000 1.000 1.000 1.000 1.000 1.000 1.000 1.000 0.000 0.000 0.000 0.000 0.000 0.000 0.000 0.000 0.000 0.000 0.000 0.000 0.000 0.000 0.000 0.000 0.000 1.000 1.000 1.000 1.000 1.000 1.000 1.000 1.000 0.000 0.000 0.000 0.000 0.000 0.000 0.000 0.000 0.000 0.000 0.000 0.000 -1.000 -1.000 -1.000 -1.000 0.000 0.000 0.000 0.000 0.000 0.000 0.000 0.000 0.000 0.000 0.000 0.000 0.000 0.000 0.000 0.000 0.000 0.000 0.000 0.000 0.000 0.000 0.000 0.000 1.000 1.000 1.000 1.000 1.000 1.000 1.000 1.000 0.000 0.000 0.000 0.000 0.000 0.000 0.000 0.000 0.000 0.000 0.000 0.000 -1.000 -1.000 -1.000 -1.000 0.000 0.000 0.000 0.000 0.000 0.000 0.000 0.000 0.000 0.000 0.000 0.000 0.000 0.000 0.000 0.000 0.000 0.000 0.000 0.000
GM4+  3   3.000 3.000 -1.000 -1.000 -1.000 0.000 0.000 0.000 0.000 0.000 0.000 0.000 0.000 -1.000 -1.000 1.000 1.000 1.000 -1.000 -1.000 1.000 1.000 -1.000 1.000 -1.000 3.000 -1.000 -1.000 -1.000 0.000 0.000 0.000 0.000 0.000 0.000 0.000 0.000 -1.000 -1.000 1.000 1.000 1.000 -1.000 -1.000 1.000 1.000 -1.000 1.000 -1.000 3.000 -1.000 -1.000 -1.000 0.000 0.000 0.000 0.000 0.000 0.000 0.000 0.000 -1.000 -1.000 1.000 1.000 1.000 -1.000 -1.000 1.000 1.000 -1.000 1.000 -1.000 3.000 -1.000 -1.000 -1.000 0.000 0.000 0.000 0.000 0.000 0.000 0.000 0.000 -1.000 -1.000 1.000 1.000 1.000 -1.000 -1.000 1.000 1.000 -1.000 1.000 -1.000 0.000 0.000 -1.000 -1.000 -1.000 0.000 0.000 0.000 0.000 0.000 0.000 0.000 0.000 -1.000 -1.000 0.000 0.000 0.000 -1.000 -1.000 0.000 0.000 -1.000 0.000 -1.000 0.000 -1.000 -1.000 -1.000 0.000 0.000 0.000 0.000 0.000 0.000 0.000 0.000 -1.000 -1.000 0.000 0.000 0.000 -1.000 -1.000 0.000 0.000 -1.000 0.000 -1.000 0.000 -1.000 -1.000 -1.000 0.000 0.000 0.000 0.000 0.000 0.000 0.000 0.000 -1.000 -1.000 0.000 0.000 0.000 -1.000 -1.000 0.000 0.000 -1.000 0.000 -1.000 0.000 -1.000 -1.000 -1.000 0.000 0.000 0.000 0.000 0.000 0.000 0.000 0.000 -1.000 -1.000 0.000 0.000 0.000 -1.000 -1.000 0.000 0.000 -1.000 0.000 -1.000
GM4-  3   3.000 3.000 -1.000 -1.000 -1.000 0.000 0.000 0.000 0.000 0.000 0.000 0.000 0.000 -1.000 -1.000 1.000 1.000 1.000 -1.000 -1.000 1.000 1.000 -1.000 1.000 -1.000 -3.000 1.000 1.000 1.000 0.000 0.000 0.000 0.000 0.000 0.000 0.000 0.000 1.000 1.000 -1.000 -1.000 -1.000 1.000 1.000 -1.000 -1.000 1.000 -1.000 1.000 3.000 -1.000 -1.000 -1.000 0.000 0.000 0.000 0.000 0.000 0.000 0.000 0.000 -1.000 -1.000 1.000 1.000 1.000 -1.000 -1.000 1.000 1.000 -1.000 1.000 -1.000 -3.000 1.000 1.000 1.000 0.000 0.000 0.000 0.000 0.000 0.000 0.000 0.000 1.000 1.000 -1.000 -1.000 -1.000 1.000 1.000 -1.000 -1.000 1.000 -1.000 1.000 0.000 0.000 -1.000 -1.000 -1.000 0.000 0.000 0.000 0.000 0.000 0.000 0.000 0.000 -1.000 -1.000 0.000 0.000 0.000 -1.000 -1.000 0.000 0.000 -1.000 0.000 -1.000 -1.000 -0.000 -0.000 -0.000 0.000 0.000 0.000 0.000 0.000 0.000 0.000 0.000 0.000 0.000 -1.000 -1.000 -1.000 0.000 0.000 -1.000 -1.000 0.000 -1.000 0.000 0.000 -1.000 -1.000 -1.000 0.000 0.000 0.000 0.000 0.000 0.000 0.000 0.000 -1.000 -1.000 0.000 0.000 0.000 -1.000 -1.000 0.000 0.000 -1.000 0.000 -1.000 -1.000 -0.000 -0.000 -0.000 0.000 0.000 0.000 0.000 0.000 0.000 0.000 0.000 0.000 0.000 -1.000 -1.000 -1.000 0.000 0.000 -1.000 -1.000 0.000 -1.000 0.000
GM5+  3   3.000 3.000 -1.000 -1.000 -1.000 0.000 0.000 0.000 0.000 0.000 0.000 0.000 0.000 1.000 1.000 -1.000 -1.000 -1.000 1.000 1.000 -1.000 -1.000 1.000 -1.000 1.000 3.000 -1.000 -1.000 -1.000 0.000 0.000 0.000 0.000 0.000 0.000 0.000 0.000 1.000 1.000 -1.000 -1.000 -1.000 1.000 1.000 -1.000 -1.000 1.000 -1.000 1.000 3.000 -1.000 -1.000 -1.000 0.000 0.000 0.000 0.000 0.000 0.000 0.000 0.000 1.000 1.000 -1.000 -1.000 -1.000 1.000 1.000 -1.000 -1.000 1.000 -1.000 1.000 3.000 -1.000 -1.000 -1.000 0.000 0.000 0.000 0.000 0.000 0.000 0.000 0.000 1.000 1.000 -1.000 -1.000 -1.000 1.000 1.000 -1.000 -1.000 1.000 -1.000 1.000 0.000 0.000 -1.000 -1.000 -1.000 0.000 0.000 0.000 0.000 0.000 0.000 0.000 0.000 0.000 0.000 -1.000 -1.000 -1.000 0.000 0.000 -1.000 -1.000 0.000 -1.000 0.000 0.000 -1.000 -1.000 -1.000 0.000 0.000 0.000 0.000 0.000 0.000 0.000 0.000 0.000 0.000 -1.000 -1.000 -1.000 0.000 0.000 -1.000 -1.000 0.000 -1.000 0.000 0.000 -1.000 -1.000 -1.000 0.000 0.000 0.000 0.000 0.000 0.000 0.000 0.000 0.000 0.000 -1.000 -1.000 -1.000 0.000 0.000 -1.000 -1.000 0.000 -1.000 0.000 0.000 -1.000 -1.000 -1.000 0.000 0.000 0.000 0.000 0.000 0.000 0.000 0.000 0.000 0.000 -1.000 -1.000 -1.000 0.000 0.000 -1.000 -1.000 0.000 -1.000 0.000
GM5-  3   3.000 3.000 -1.000 -1.000 -1.000 0.000 0.000 0.000 0.000 0.000 0.000 0.000 0.000 1.000 1.000 -1.000 -1.000 -1.000 1.000 1.000 -1.000 -1.000 1.000 -1.000 1.000 -3.000 1.000 1.000 1.000 0.000 0.000 0.000 0.000 0.000 0.000 0.000 0.000 -1.000 -1.000 1.000 1.000 1.000 -1.000 -1.000 1.000 1.000 -1.000 1.000 -1.000 3.000 -1.000 -1.000 -1.000 0.000 0.000 0.000 0.000 0.000 0.000 0.000 0.000 1.000 1.000 -1.000 -1.000 -1.000 1.000 1.000 -1.000 -1.000 1.000 -1.000 1.000 -3.000 1.000 1.000 1.000 0.000 0.000 0.000 0.000 0.000 0.000 0.000 0.000 -1.000 -1.000 1.000 1.000 1.000 -1.000 -1.000 1.000 1.000 -1.000 1.000 -1.000 0.000 0.000 -1.000 -1.000 -1.000 0.000 0.000 0.000 0.000 0.000 0.000 0.000 0.000 0.000 0.000 -1.000 -1.000 -1.000 0.000 0.000 -1.000 -1.000 0.000 -1.000 0.000 -1.000 -0.000 -0.000 -0.000 0.000 0.000 0.000 0.000 0.000 0.000 0.000 0.000 -1.000 -1.000 0.000 0.000 0.000 -1.000 -1.000 0.000 0.000 -1.000 0.000 -1.000 0.000 -1.000 -1.000 -1.000 0.000 0.000 0.000 0.000 0.000 0.000 0.000 0.000 0.000 0.000 -1.000 -1.000 -1.000 0.000 0.000 -1.000 -1.000 0.000 -1.000 0.000 -1.000 -0.000 -0.000 -0.000 0.000 0.000 0.000 0.000 0.000 0.000 0.000 0.000 -1.000 -1.000 0.000 0.000 0.000 -1.000 -1.000 0.000 0.000 -1.000 0.000 -1.000
GM8  2   2.000 2.000 0.000 0.000 0.000 -1.105 -1.105 -1.105 -1.105 -1.105 -1.105 -1.105 -1.105 0.000 0.000 1.414 1.414 1.414 0.000 0.000 1.414 1.414 0.000 1.414 0.000 -2.000 0.000 0.000 0.000 0.617 0.617 0.617 0.617 0.617 0.617 0.617 0.617 0.000 0.000 -1.414 -1.414 -1.414 0.000 0.000 -1.414 -1.414 0.000 -1.414 0.000 -2.000 0.000 0.000 0.000 0.617 0.617 0.617 0.617 0.617 0.617 0.617 0.617 0.000 0.000 -1.414 -1.414 -1.414 0.000 0.000 -1.414 -1.414 0.000 -1.414 0.000 2.000 0.000 0.000 0.000 -1.105 -1.105 -1.105 -1.105 -1.105 -1.105 -1.105 -1.105 0.000 0.000 1.414 1.414 1.414 0.000 0.000 1.414 1.414 0.000 1.414 0.000 0.000 0.000 0.000 0.000 0.000 1.000 1.000 1.000 1.000 1.000 1.000 1.000 1.000 0.000 0.000 0.000 0.000 0.000 0.000 0.000 0.000 0.000 0.000 0.000 0.000 -1.000 0.000 0.000 0.000 0.000 0.000 0.000 0.000 0.000 0.000 0.000 0.000 0.000 0.000 1.000 1.000 -1.000 0.000 0.000 -1.000 -1.000 0.000 -1.000 0.000 -1.000 0.000 0.000 0.000 0.000 0.000 0.000 0.000 0.000 0.000 0.000 0.000 0.000 0.000 1.000 1.000 -1.000 0.000 0.000 -1.000 -1.000 0.000 -1.000 0.000 0.000 0.000 0.000 0.000 1.000 1.000 1.000 1.000 1.000 1.000 1.000 1.000 0.000 0.000 0.000 0.000 0.000 0.000 0.000 0.000 0.000 0.000 0.000 0.000
GM9  2   2.000 2.000 0.000 0.000 0.000 -1.105 -1.105 -1.105 -1.105 -1.105 -1.105 -1.105 -1.105 0.000 0.000 -1.414 -1.414 -1.414 0.000 0.000 -1.414 -1.414 0.000 -1.414 0.000 -2.000 0.000 0.000 0.000 0.617 0.617 0.617 0.617 0.617 0.617 0.617 0.617 0.000 0.000 1.414 1.414 1.414 0.000 0.000 1.414 1.414 0.000 1.414 0.000 -2.000 0.000 0.000 0.000 0.617 0.617 0.617 0.617 0.617 0.617 0.617 0.617 0.000 0.000 1.414 1.414 1.414 0.000 0.000 1.414 1.414 0.000 1.414 0.000 2.000 0.000 0.000 0.000 -1.105 -1.105 -1.105 -1.105 -1.105 -1.105 -1.105 -1.105 0.000 0.000 -1.414 -1.414 -1.414 0.000 0.000 -1.414 -1.414 0.000 -1.414 0.000 0.000 0.000 0.000 0.000 0.000 1.000 1.000 1.000 1.000 1.000 1.000 1.000 1.000 0.000 0.000 1.000 1.000 -1.000 0.000 0.000 -1.000 -1.000 0.000 -1.000 0.000 -1.000 0.000 0.000 0.000 0.000 0.000 0.000 0.000 0.000 0.000 0.000 0.000 0.000 0.000 0.000 0.000 0.000 0.000 0.000 0.000 0.000 0.000 0.000 0.000 -1.000 0.000 0.000 0.000 0.000 0.000 0.000 0.000 0.000 0.000 0.000 0.000 0.000 0.000 0.000 0.000 0.000 0.000 0.000 0.000 0.000 0.000 0.000 0.000 0.000 0.000 0.000 0.000 1.000 1.000 1.000 1.000 1.000 1.000 1.000 1.000 0.000 0.000 1.000 1.000 -1.000 0.000 0.000 -1.000 -1.000 0.000 -1.000 0.000



kpoint  M : 0.500000 0.500000 0.000000 ; M  :  0.5 0.5 0.0 :  1 2 3 4 5 6 7 8 9 10 11 12 13 14 15 16
M1+  1   1.000 1.000 -1.000 -1.000 1.000 -1.000 1.000 1.000 -1.000 1.000 -1.000 -1.000 1.000 -1.000 1.000 1.000 -1.000 1.000 -1.000 -1.000 1.000 -1.000 1.000 1.000 -1.000 1.000 -1.000 -1.000 1.000 -1.000 1.000 1.000 -1.000 0.000 0.000 -1.000 -1.000 0.000 -1.000 0.000 0.000 -1.000 0.000 -1.000 -1.000 0.000 -1.000 0.000 0.000 -1.000 0.000 -1.000 -1.000 0.000 -1.000 0.000 0.000 -1.000 0.000 -1.000 -1.000 0.000 -1.000 0.000 0.000 -1.000
M1-  1   1.000 1.000 -1.000 -1.000 1.000 -1.000 1.000 1.000 -1.000 -1.000 1.000 1.000 -1.000 1.000 -1.000 -1.000 1.000 1.000 -1.000 -1.000 1.000 -1.000 1.000 1.000 -1.000 -1.000 1.000 1.000 -1.000 1.000 -1.000 -1.000 1.000 0.000 0.000 -1.000 -1.000 0.000 -1.000 0.000 0.000 -1.000 -1.000 0.000 0.000 -1.000 0.000 -1.000 -1.000 0.000 0.000 -1.000 -1.000 0.000 -1.000 0.000 0.000 -1.000 -1.000 0.000 0.000 -1.000 0.000 -1.000 -1.000 0.000
M2+  1   1.000 1.000 -1.000 -1.000 1.000 1.000 -1.000 -1.000 1.000 1.000 -1.000 -1.000 1.000 1.000 -1.000 -1.000 1.000 1.000 -1.000 -1.000 1.000 1.000 -1.000 -1.000 1.000 1.000 -1.000 -1.000 1.000 1.000 -1.000 -1.000 1.000 0.000 0.000 -1.000 -1.000 0.000 0.000 -1.000 -1.000 0.000 0.000 -1.000 -1.000 0.000 0.000 -1.000 -1.000 0.000 0.000 -1.000 -1.000 0.000 0.000 -1.000 -1.000 0.000 0.000 -1.000 -1.000 0.000 0.000 -1.000 -1.000 0.000
M2-  1   1.000 1.000 -1.000 -1.000 1.000 1.000 -1.000 -1.000 1.000 -1.000 1.000 1.000 -1.000 -1.000 1.000 1.000 -1.000 1.000 -1.000 -1.000 1.000 1.000 -1.000 -1.000 1.000 -1.000 1.000 1.000 -1.000 -1.000 1.000 1.000 -1.000 0.000 0.000 -1.000 -1.000 0.000 0.000 -1.000 -1.000 0.000 -1.000 0.000 0.000 -1.000 -1.000 0.000 0.000 -1.000 0.000 -1.000 -1.000 0.000 0.000 -1.000 -1.000 0.000 -1.000 0.000 0.000 -1.000 -1.000 0.000 0.000 -1.000
M3+  1   1.000 1.000 -1.000 1.000 -1.000 1.000 -1.000 1.000 -1.000 1.000 -1.000 1.000 -1.000 1.000 -1.000 1.000 -1.000 1.000 -1.000 1.000 -1.000 1.000 -1.000 1.000 -1.000 1.000 -1.000 1.000 -1.000 1.000 -1.000 1.000 -1.000 0.000 0.000 -1.000 0.000 -1.000 0.000 -1.000 0.000 -1.000 0.000 -1.000 0.000 -1.000 0.000 -1.000 0.000 -1.000 0.000 -1.000 0.000 -1.000 0.000 -1.000 0.000 -1.000 0.000 -1.000 0.000 -1.000 0.000 -1.000 0.000 -1.000
M3-  1   1.000 1.000 -1.000 1.000 -1.000 1.000 -1.000 1.000 -1.000 -1.000 1.000 -1.000 1.000 -1.000 1.000 -1.000 1.000 1.000 -1.000 1.000 -1.000 1.000 -1.000 1.000 -1.000 -1.000 1.000 -1.000 1.000 -1.000 1.000 -1.000 1.000 0.000 0.000 -1.000 0.000 -1.000 0.000 -1.000 0.000 -1.000 -1.000 0.000 -1.000 0.000 -1.000 0.000 -1.000 0.000 0.000 -1.000 0.000 -1.000 0.000 -1.000 0.000 -1.000 -1.000 0.000 -1.000 0.000 -1.000 0.000 -1.000 0.000
M4+  1   1.000 1.000 -1.000 1.000 -1.000 -1.000 1.000 -1.000 1.000 1.000 -1.000 1.000 -1.000 -1.000 1.000 -1.000 1.000 1.000 -1.000 1.000 -1.000 -1.000 1.000 -1.000 1.000 1.000 -1.000 1.000 -1.000 -1.000 1.000 -1.000 1.000 0.000 0.000 -1.000 0.000 -1.000 -1.000 0.000 -1.000 0.000 0.000 -1.000 0.000 -1.000 -1.000 0.000 -1.000 0.000 0.000 -1.000 0.000 -1.000 -1.000 0.000 -1.000 0.000 0.000 -1.000 0.000 -1.000 -1.000 0.000 -1.000 0.000
M4-  1   1.000 1.000 -1.000 1.000 -1.000 -1.000 1.000 -1.000 1.000 -1.000 1.000 -1.000 1.000 1.000 -1.000 1.000 -1.000 1.000 -1.000 1.000 -1.000 -1.000 1.000 -1.000 1.000 -1.000 1.000 -1.000 1.000 1.000 -1.000 1.000 -1.000 0.000 0.000 -1.000 0.000 -1.000 -1.000 0.000 -1.000 0.000 -1.000 0.000 -1.000 0.000 0.000 -1.000 0.000 -1.000 0.000 -1.000 0.000 -1.000 -1.000 0.000 -1.000 0.000 -1.000 0.000 -1.000 0.000 0.000 -1.000 0.000 -1.000
M5+  2   2.000 2.000 2.000 0.000 0.000 0.000 0.000 0.000 0.000 2.000 2.000 0.000 0.000 0.000 0.000 0.000 0.000 2.000 2.000 0.000 0.000 0.000 0.000 0.000 0.000 2.000 2.000 0.000 0.000 0.000 0.000 0.000 0.000
M5-  2   2.000 2.000 2.000 0.000 0.000 0.000 0.000 0.000 0.000 -2.000 -2.000 0.000 0.000 0.000 0.000 0.000 0.000 2.000 2.000 0.000 0.000 0.000 0.000 0.000 0.000 -2.000 -2.000 0.000 0.000 0.000 0.000 0.000 0.000 0.000 0.000 0.000 0.000 0.000 0.000 0.000 0.000 0.000 -1.000 -1.000 0.000 0.000 0.000 0.000 0.000 0.000 0.000 0.000 0.000 0.000 0.000 0.000 0.000 0.000 -1.000 -1.000 0.000 0.000 0.000 0.000 0.000 0.000
M8  2   2.000 2.000 0.000 0.000 0.000 0.000 0.000 -1.414 1.414 -2.000 0.000 0.000 0.000 0.000 0.000 1.414 -1.414 -2.000 0.000 0.000 0.000 0.000 0.000 1.414 -1.414 2.000 0.000 0.000 0.000 0.000 0.000 -1.414 1.414 0.000 0.000 0.000 0.000 0.000 0.000 0.000 1.000 0.000 -1.000 0.000 0.000 0.000 0.000 0.000 0.000 1.000 -1.000 0.000 0.000 0.000 0.000 0.000 0.000 1.000 0.000 0.000 0.000 0.000 0.000 0.000 1.000 0.000
M9  2   2.000 2.000 0.000 0.000 0.000 0.000 0.000 1.414 -1.414 -2.000 0.000 0.000 0.000 0.000 0.000 -1.414 1.414 -2.000 0.000 0.000 0.000 0.000 0.000 -1.414 1.414 2.000 0.000 0.000 0.000 0.000 0.000 1.414 -1.414 0.000 0.000 0.000 0.000 0.000 0.000 0.000 0.000 1.000 -1.000 0.000 0.000 0.000 0.000 0.000 1.000 0.000 -1.000 0.000 0.000 0.000 0.000 0.000 1.000 0.000 0.000 0.000 0.000 0.000 0.000 0.000 0.000 1.000



kpoint  R : 0.500000 0.500000 0.500000 ; R  :  0.5 0.5 0.5 :  1 2 3 4 5 6 7 8 9 10 11 12 13 14 15 16 17 18 19 20 21 22 23 24 25 26 27 28 29 30 31 32 33 34 35 36 37 38 39 40 41 42 43 44 45 46 47 48
R1  2   2.000 2.000 2.000 2.000 2.000 2.000 2.000 2.000 2.000 2.000 2.000 2.000 2.000 0.000 0.000 0.000 0.000 0.000 0.000 0.000 0.000 0.000 0.000 0.000 0.000 0.000 0.000 0.000 0.000 0.000 0.000 0.000 0.000 0.000 0.000 0.000 0.000 0.000 0.000 0.000 0.000 0.000 0.000 0.000 0.000 0.000 0.000 0.000 0.000 2.000 2.000 2.000 2.000 2.000 2.000 2.000 2.000 2.000 2.000 2.000 2.000 0.000 0.000 0.000 0.000 0.000 0.000 0.000 0.000 0.000 0.000 0.000 0.000 0.000 0.000 0.000 0.000 0.000 0.000 0.000 0.000 0.000 0.000 0.000 0.000 0.000 0.000 0.000 0.000 0.000 0.000 0.000 0.000 0.000 0.000 0.000 0.000
R2  2   2.000 2.000 2.000 2.000 2.000 -1.000 -1.000 -1.000 -1.000 -1.000 -1.000 -1.000 -1.000 0.000 0.000 0.000 0.000 0.000 0.000 0.000 0.000 0.000 0.000 0.000 0.000 0.000 0.000 0.000 0.000 -0.000 -0.000 -0.000 -0.000 -0.000 -0.000 -0.000 -0.000 0.000 0.000 0.000 0.000 0.000 0.000 0.000 0.000 0.000 0.000 0.000 0.000 2.000 2.000 2.000 2.000 -1.000 -1.000 -1.000 -1.000 -1.000 -1.000 -1.000 -1.000 0.000 0.000 0.000 0.000 0.000 0.000 0.000 0.000 0.000 0.000 0.000 0.000 0.000 0.000 0.000 0.000 -0.000 -0.000 -0.000 -0.000 -0.000 -0.000 -0.000 -0.000 0.000 0.000 0.000 0.000 0.000 0.000 0.000 0.000 0.000 0.000 0.000 0.000 0.000 0.000 0.000 0.000 0.000 1.000 1.000 1.000 1.000 1.000 1.000 1.000 1.000 0.000 0.000 0.000 0.000 0.000 0.000 0.000 0.000 0.000 0.000 0.000 0.000 0.000 0.000 0.000 0.000 0.500 0.500 0.500 0.500 -0.500 -0.500 -0.500 -0.500 0.000 0.000 0.000 0.000 0.000 0.000 0.000 0.000 0.000 0.000 0.000 0.000 0.000 0.000 0.000 0.000 1.000 1.000 1.000 1.000 1.000 1.000 1.000 1.000 0.000 0.000 0.000 0.000 0.000 0.000 0.000 0.000 0.000 0.000 0.000 0.000 0.000 0.000 0.000 0.000 0.500 0.500 0.500 0.500 -0.500 -0.500 -0.500 -0.500 0.000 0.000 0.000 0.000 0.000 0.000 0.000 0.000 0.000 0.000 0.000 0.000
R3  2   2.000 2.000 2.000 2.000 2.000 -1.000 -1.000 -1.000 -1.000 -1.000 -1.000 -1.000 -1.000 0.000 0.000 0.000 0.000 0.000 0.000 0.000 0.000 0.000 0.000 0.000 0.000 0.000 0.000 0.000 0.000 -0.000 -0.000 -0.000 -0.000 -0.000 -0.000 -0.000 -0.000 0.000 0.000 0.000 0.000 0.000 0.000 0.000 0.000 0.000 0.000 0.000 0.000 2.000 2.000 2.000 2.000 -1.000 -1.000 -1.000 -1.000 -1.000 -1.000 -1.000 -1.000 0.000 0.000 0.000 0.000 0.000 0.000 0.000 0.000 0.000 0.000 0.000 0.000 0.000 0.000 0.000 0.000 -0.000 -0.000 -0.000 -0.000 -0.000 -0.000 -0.000 -0.000 0.000 0.000 0.000 0.000 0.000 0.000 0.000 0.000 0.000 0.000 0.000 0.000 0.000 0.000 0.000 0.000 0.000 1.000 1.000 1.000 1.000 1.000 1.000 1.000 1.000 0.000 0.000 0.000 0.000 0.000 0.000 0.000 0.000 0.000 0.000 0.000 0.000 0.000 0.000 0.000 0.000 -0.500 -0.500 -0.500 -0.500 0.500 0.500 0.500 0.500 0.000 0.000 0.000 0.000 0.000 0.000 0.000 0.000 0.000 0.000 0.000 0.000 0.000 0.000 0.000 0.000 1.000 1.000 1.000 1.000 1.000 1.000 1.000 1.000 0.000 0.000 0.000 0.000 0.000 0.000 0.000 0.000 0.000 0.000 0.000 0.000 0.000 0.000 0.000 0.000 -0.500 -0.500 -0.500 -0.500 0.500 0.500 0.500 0.500 0.000 0.000 0.000 0.000 0.000 0.000 0.000 0.000 0.000 0.000 0.000 0.000
R4  6   6.000 6.000 -2.000 -2.000 -2.000 0.000 0.000 0.000 0.000 0.000 0.000 0.000 0.000 0.000 0.000 0.000 0.000 0.000 0.000 0.000 0.000 0.000 0.000 0.000 0.000 0.000 0.000 0.000 0.000 0.000 0.000 0.000 0.000 0.000 0.000 0.000 0.000 0.000 0.000 0.000 0.000 0.000 0.000 0.000 0.000 0.000 0.000 0.000 0.000 6.000 -2.000 -2.000 -2.000 0.000 0.000 0.000 0.000 0.000 0.000 0.000 0.000 0.000 0.000 0.000 0.000 0.000 0.000 0.000 0.000 0.000 0.000 0.000 0.000 0.000 0.000 0.000 0.000 0.000 0.000 0.000 0.000 0.000 0.000 0.000 0.000 0.000 0.000 0.000 0.000 0.000 0.000 0.000 0.000 0.000 0.000 0.000 0.000 0.000 0.000 -1.000 -1.000 -1.000 0.000 0.000 0.000 0.000 0.000 0.000 0.000 0.000 0.000 0.000 0.000 0.000 0.000 0.000 0.000 0.000 0.000 0.000 0.000 0.000 0.000 0.000 0.000 0.000 0.000 0.000 0.000 0.000 0.000 0.000 0.000 0.000 0.000 0.000 0.000 0.000 0.000 0.000 0.000 0.000 0.000 0.000 0.000 0.000 0.000 -1.000 -1.000 -1.000 0.000 0.000 0.000 0.000 0.000 0.000 0.000 0.000 0.000 0.000 0.000 0.000 0.000 0.000 0.000 0.000 0.000 0.000 0.000 0.000 0.000 0.000 0.000 0.000 0.000 0.000 0.000 0.000 0.000 0.000 0.000 0.000 0.000 0.000 0.000 0.000 0.000 0.000 0.000 0.000 0.000 0.000 0.000 0.000



kpoint  X : 0.000000 0.500000 0.000000 ; X  :  0.0 0.5 0.0 :  1 2 3 4 5 6 7 8 9 10 11 12 13 14 15 16
X1  2   2.000 2.000 0.000 2.000 0.000 0.000 0.000 0.000 0.000 0.000 2.000 0.000 2.000 0.000 0.000 0.000 0.000 2.000 0.000 2.000 0.000 0.000 0.000 0.000 0.000 0.000 2.000 0.000 2.000 0.000 0.000 0.000 0.000
X2  2   2.000 2.000 0.000 2.000 0.000 0.000 0.000 0.000 0.000 0.000 -2.000 0.000 -2.000 0.000 0.000 0.000 0.000 2.000 0.000 2.000 0.000 0.000 0.000 0.000 0.000 0.000 -2.000 0.000 -2.000 0.000 0.000 0.000 0.000 0.000 0.000 0.000 0.000 0.000 0.000 0.000 0.000 0.000 0.000 -1.000 0.000 -1.000 0.000 0.000 0.000 0.000 0.000 0.000 0.000 0.000 0.000 0.000 0.000 0.000 0.000 -1.000 0.000 -1.000 0.000 0.000 0.000 0.000
X3  2   2.000 2.000 2.000 -2.000 -2.000 0.000 0.000 0.000 0.000 0.000 0.000 0.000 0.000 0.000 0.000 0.000 0.000 2.000 2.000 -2.000 -2.000 0.000 0.000 0.000 0.000 0.000 0.000 0.000 0.000 0.000 0.000 0.000 0.000 0.000 0.000 0.000 -1.000 -1.000 0.000 0.000 0.000 0.000 0.000 0.000 0.000 0.000 0.000 0.000 0.000 0.000 0.000 0.000 -1.000 -1.000 0.000 0.000 0.000 0.000 0.000 0.000 0.000 0.000 0.000 0.000 0.000 0.000
X4  2   2.000 2.000 -2.000 -2.000 2.000 0.000 0.000 0.000 0.000 0.000 0.000 0.000 0.000 0.000 0.000 0.000 0.000 2.000 -2.000 -2.000 2.000 0.000 0.000 0.000 0.000 0.000 0.000 0.000 0.000 0.000 0.000 0.000 0.000 0.000 0.000 -1.000 -1.000 0.000 0.000 0.000 0.000 0.000 0.000 0.000 0.000 0.000 0.000 0.000 0.000 0.000 0.000 -1.000 -1.000 0.000 0.000 0.000 0.000 0.000 0.000 0.000 0.000 0.000 0.000 0.000 0.000 0.000
