SG=P_I4_132
 name=213.66
 nsym=24
 spinor=True
symmetries=
                      1 0 0   0 1 0   0 0 1   0 0 0                                                                                                                            1.0 0.0 0.0 1.0    0.0 0.0 0.0 0.0
        -1 0 0   0 -1 0   0 0 1   0.50000 0 0.50000                                                                                                                           1.0 0.0 0.0 1.0    -0.5 0.0 0.0 0.5
        -1 0 0   0 1 0   0 0 -1   0 0.50000 0.50000                                                                                                                            0.0 1.0 1.0 0.0    0.0 1.0 0.0 0.0
        1 0 0   0 -1 0   0 0 -1   0.50000 0.50000 0                                                                                                                          0.0 1.0 1.0 0.0    0.0 -0.5 -0.5 0.0
                      0 0 1   1 0 0   0 1 0   0 0 0  0.7071067811865476 0.7071067811865476 0.7071067811865476 0.7071067811865476    -0.7853981633974483 -2.356194490192345 -0.7853981633974483 0.7853981633974483
        0 0 1   -1 0 0   0 -1 0   0.50000 0.50000 0    0.7071067811865476 0.7071067811865476 0.7071067811865476 0.7071067811865476    0.7853981633974483 2.356194490192345 0.7853981633974483 -0.7853981633974483
        0 0 -1   -1 0 0   0 1 0   0.50000 0 0.50000  0.7071067811865476 0.7071067811865476 0.7071067811865476 0.7071067811865476    0.7853981633974483 -0.7853981633974483 -2.356194490192345 -0.7853981633974483
        0 0 -1   1 0 0   0 -1 0   0 0.50000 0.50000    0.7071067811865476 0.7071067811865476 0.7071067811865476 0.7071067811865476    -0.7853981633974483 0.7853981633974483 2.356194490192345 0.7853981633974483
                      0 1 0   0 0 1   1 0 0   0 0 0    0.7071067811865476 0.7071067811865476 0.7071067811865476 0.7071067811865476    0.7853981633974483 0.7853981633974483 2.356194490192345 -0.7853981633974483
        0 -1 0   0 0 1   -1 0 0   0 0.50000 0.50000    0.7071067811865476 0.7071067811865476 0.7071067811865476 0.7071067811865476    -0.7853981633974483 2.356194490192345 0.7853981633974483 0.7853981633974483
        0 1 0   0 0 -1   -1 0 0   0.50000 0.50000 0  0.7071067811865476 0.7071067811865476 0.7071067811865476 0.7071067811865476    0.7853981633974483 -2.356194490192345 -0.7853981633974483 -0.7853981633974483
        0 -1 0   0 0 -1   1 0 0   0.50000 0 0.50000  0.7071067811865476 0.7071067811865476 0.7071067811865476 0.7071067811865476    -0.7853981633974483 -0.7853981633974483 -2.356194490192345 0.7853981633974483
   0 1 0   1 0 0   0 0 -1   0.75000 0.25000 0.25000                                                                                                                         0.0 1.0 1.0 0.0    0.0 -0.75 0.75 0.0
 0 -1 0   -1 0 0   0 0 -1   0.75000 0.75000 0.75000                                                                                                                          0.0 1.0 1.0 0.0    0.0 0.75 0.25 0.0
   0 1 0   -1 0 0   0 0 1   0.25000 0.25000 0.75000                                                                                                                          1.0 0.0 0.0 1.0    0.25 0.0 0.0 0.75
   0 -1 0   1 0 0   0 0 1   0.25000 0.75000 0.25000                                                                                                                          1.0 0.0 0.0 1.0    0.75 0.0 0.0 0.25
   1 0 0   0 0 1   0 -1 0   0.75000 0.25000 0.25000                                                                0.7071067811865475 0.7071067811865475 0.7071067811865475 0.7071067811865475    0.0 0.5 0.5 0.0
   -1 0 0   0 0 1   0 1 0   0.25000 0.75000 0.25000                                                               0.7071067811865475 0.7071067811865475 0.7071067811865475 0.7071067811865475    0.5 0.0 1.0 -0.5
 -1 0 0   0 0 -1   0 -1 0   0.75000 0.75000 0.75000                                                               0.7071067811865475 0.7071067811865475 0.7071067811865475 0.7071067811865475    -0.5 0.0 1.0 0.5
   1 0 0   0 0 -1   0 1 0   0.25000 0.25000 0.75000                                                              0.7071067811865475 0.7071067811865475 0.7071067811865475 0.7071067811865475    0.0 -0.5 -0.5 0.0
   0 0 1   0 1 0   -1 0 0   0.75000 0.25000 0.25000                                                                0.7071067811865475 0.7071067811865475 0.7071067811865475 0.7071067811865475    0.0 1.0 0.0 0.0
   0 0 1   0 -1 0   1 0 0   0.25000 0.25000 0.75000                                                             0.7071067811865475 0.7071067811865475 0.7071067811865475 0.7071067811865475    -0.5 -0.5 -0.5 0.5
   0 0 -1   0 1 0   1 0 0   0.25000 0.75000 0.25000                                                                0.7071067811865475 0.7071067811865475 0.7071067811865475 0.7071067811865475    0.0 0.0 1.0 0.0
 0 0 -1   0 -1 0   -1 0 0   0.75000 0.75000 0.75000                                                             0.7071067811865475 0.7071067811865475 0.7071067811865475 0.7071067811865475    0.5 -0.5 -0.5 -0.5


kpoint  GM : 0.000000 0.000000 0.000000 :  1 2 3 4 5 6 7 8 9 10 11 12 13 14 15 16 17 18 19 20 21 22 23 24
-GM6  2   2.000 0.000 0.000 0.000 1.105 1.105 1.105 1.105 1.105 1.105 1.105 1.105 0.000 0.000 1.414 1.414 1.414 0.000 0.000 1.414 1.414 0.000 1.414 0.000 2.000 0.000 0.000 0.000 0.617 0.617 0.617 0.617 0.617 0.617 0.617 0.617 0.000 0.000 1.414 1.414 1.414 0.000 0.000 1.414 1.414 0.000 1.414 0.000 0.000 0.000 2.000 0.000 1.105 1.105 0.617 0.617 0.617 1.105 1.105 0.617 1.414 1.414 0.000 0.000 0.000 1.414 1.414 0.000 1.414 0.000 1.414 0.000 0.000 0.000 2.000 0.000 0.617 0.617 1.105 1.105 1.105 0.617 0.617 1.105 1.414 1.414 0.000 0.000 0.000 1.414 1.414 0.000 1.414 0.000 1.414 0.000 0.000 0.000 0.000 0.000 1.000 1.000 1.000 1.000 1.000 1.000 1.000 1.000 0.000 0.000 0.000 0.000 0.000 0.000 0.000 0.000 0.000 0.000 0.000 0.000 -1.000 0.000 0.000 0.000 0.000 0.000 0.000 0.000 0.000 0.000 0.000 0.000 0.000 0.000 1.000 1.000 -1.000 0.000 0.000 -1.000 -1.000 0.000 -1.000 0.000 0.000 0.000 0.000 0.000 1.000 1.000 0.000 0.000 0.000 1.000 1.000 0.000 0.000 0.000 0.000 0.000 0.000 -1.000 -1.000 0.000 0.000 0.000 -1.000 0.000 0.000 0.000 -1.000 0.000 0.000 0.000 1.000 1.000 1.000 0.000 0.000 1.000 1.000 1.000 0.000 0.000 0.000 0.000 0.000 0.000 -1.000 0.000 0.000 0.000
-GM7  2   2.000 0.000 0.000 0.000 1.105 1.105 1.105 1.105 1.105 1.105 1.105 1.105 0.000 0.000 1.414 1.414 1.414 0.000 0.000 1.414 1.414 0.000 1.414 0.000 2.000 0.000 0.000 0.000 0.617 0.617 0.617 0.617 0.617 0.617 0.617 0.617 0.000 0.000 1.414 1.414 1.414 0.000 0.000 1.414 1.414 0.000 1.414 0.000 0.000 0.000 2.000 0.000 1.105 1.105 0.617 0.617 0.617 1.105 1.105 0.617 1.414 1.414 0.000 0.000 0.000 1.414 1.414 0.000 1.414 0.000 1.414 0.000 0.000 0.000 2.000 0.000 0.617 0.617 1.105 1.105 1.105 0.617 0.617 1.105 1.414 1.414 0.000 0.000 0.000 1.414 1.414 0.000 1.414 0.000 1.414 0.000 0.000 0.000 0.000 0.000 1.000 1.000 1.000 1.000 1.000 1.000 1.000 1.000 0.000 0.000 1.000 1.000 -1.000 0.000 0.000 -1.000 -1.000 0.000 -1.000 0.000 -1.000 0.000 0.000 0.000 0.000 0.000 0.000 0.000 0.000 0.000 0.000 0.000 0.000 0.000 0.000 0.000 0.000 0.000 0.000 0.000 0.000 0.000 0.000 0.000 0.000 0.000 0.000 0.000 1.000 1.000 0.000 0.000 0.000 1.000 1.000 0.000 1.000 1.000 0.000 0.000 0.000 0.000 0.000 0.000 -1.000 0.000 0.000 0.000 0.000 0.000 -1.000 0.000 0.000 0.000 1.000 1.000 1.000 0.000 0.000 1.000 0.000 0.000 0.000 0.000 0.000 -1.000 -1.000 0.000 0.000 0.000 -1.000 0.000
-GM8  4   4.000 0.000 0.000 0.000 2.113 2.113 2.113 2.113 2.113 2.113 2.113 2.113 0.000 0.000 0.000 0.000 0.000 0.000 0.000 0.000 0.000 0.000 0.000 0.000 4.000 0.000 0.000 0.000 2.185 2.185 2.185 2.185 2.185 2.185 2.185 2.185 0.000 0.000 0.000 0.000 0.000 0.000 0.000 0.000 0.000 0.000 0.000 0.000 0.000 0.000 0.000 0.000 0.000 0.000 0.000 0.000 0.000 0.000 0.000 0.000 2.828 0.000 0.000 0.000 1.107 1.107 1.107 1.715 1.715 1.715 1.107 1.715 0.000 0.000 0.000 0.000 0.000 0.000 0.000 0.000 0.000 0.000 0.000 0.000 2.828 0.000 0.000 0.000 1.715 1.715 1.715 1.107 1.107 1.107 1.715 1.107 0.000 0.000 0.000 0.000 1.000 1.000 1.000 1.000 1.000 1.000 1.000 1.000 0.000 0.000 0.000 0.000 0.000 0.000 0.000 0.000 0.000 0.000 0.000 0.000 -1.000 0.000 0.000 0.000 0.000 0.000 0.000 0.000 0.000 0.000 0.000 0.000 0.000 0.000 0.000 0.000 0.000 0.000 0.000 0.000 0.000 0.000 0.000 0.000 0.000 0.000 0.000 0.000 0.000 0.000 0.000 0.000 0.000 0.000 0.000 0.000 1.000 0.000 0.000 0.000 0.108 -0.108 -0.108 0.970 0.970 -0.970 0.108 -0.970 0.000 0.000 0.000 0.000 0.000 0.000 0.000 0.000 0.000 0.000 0.000 0.000 0.000 0.000 0.000 0.000 0.970 -0.970 -0.970 0.108 0.108 -0.108 0.970 -0.108



kpoint  M : 0.500000 0.500000 0.000000 :  1 2 3 4 5 6 7 8
-M6  2   2.000 0.000 0.000 0.000 0.000 0.000 1.414 1.414 2.000 0.000 0.000 0.000 0.000 0.000 1.414 1.414 0.000 0.000 0.000 2.000 1.414 1.414 0.000 0.000 0.000 0.000 0.000 2.000 1.414 1.414 0.000 0.000 0.000 0.000 0.000 0.000 0.000 0.000 -0.500 -0.500 -1.000 0.000 0.000 0.000 0.000 0.000 0.500 0.500 0.000 0.000 0.000 -0.500 1.000 0.000 0.000 0.000 0.000 0.000 0.000 0.500 0.000 1.000 0.000 0.000
-M7  2   2.000 0.000 0.000 0.000 0.000 0.000 1.414 1.414 2.000 0.000 0.000 0.000 0.000 0.000 1.414 1.414 0.000 0.000 0.000 2.000 1.414 1.414 0.000 0.000 0.000 0.000 0.000 2.000 1.414 1.414 0.000 0.000 0.000 0.000 0.000 0.000 0.000 0.000 0.500 0.500 -1.000 0.000 0.000 0.000 0.000 0.000 -0.500 -0.500 0.000 0.000 0.000 -0.500 0.000 1.000 0.000 0.000 0.000 0.000 0.000 0.500 1.000 0.000 0.000 0.000



kpoint  R : 0.500000 0.500000 0.500000 :  1 2 3 4 5 6 7 8 9 10 11 12 13 14 15 16 17 18 19 20 21 22 23 24
-R4  1   1.000 1.000 1.000 1.000 1.000 1.000 1.000 1.000 1.000 1.000 1.000 1.000 1.000 1.000 1.000 1.000 1.000 1.000 1.000 1.000 1.000 1.000 1.000 1.000 1.000 1.000 1.000 1.000 1.000 1.000 1.000 1.000 1.000 1.000 1.000 1.000 1.000 1.000 1.000 1.000 1.000 1.000 1.000 1.000 1.000 1.000 1.000 1.000 1.000 1.000 1.000 1.000 1.000 1.000 1.000 1.000 1.000 1.000 1.000 1.000 1.000 1.000 1.000 1.000 1.000 1.000 1.000 1.000 1.000 1.000 1.000 1.000 1.000 1.000 1.000 1.000 1.000 1.000 1.000 1.000 1.000 1.000 1.000 1.000 1.000 1.000 1.000 1.000 1.000 1.000 1.000 1.000 1.000 1.000 1.000 1.000 0.000 -1.000 -1.000 -1.000 -1.000 -1.000 -1.000 -1.000 -1.000 0.000 0.000 0.000 -0.500 0.500 -0.500 0.500 -0.500 0.500 0.500 0.500 0.500 -0.500 -0.500 0.500 -1.000 0.000 0.000 0.000 0.000 0.000 0.000 0.000 0.000 -1.000 -1.000 -1.000 0.500 -0.500 0.500 -0.500 0.500 -0.500 -0.500 -0.500 -0.500 0.500 0.500 -0.500 0.000 -1.000 -1.000 -1.000 -1.000 -1.000 -1.000 -1.000 -1.000 0.000 0.000 0.000 -0.500 0.500 -0.500 0.500 -0.500 0.500 0.500 0.500 0.500 -0.500 -0.500 0.500 -1.000 0.000 0.000 0.000 0.000 0.000 0.000 0.000 0.000 -1.000 -1.000 -1.000 0.500 -0.500 0.500 -0.500 0.500 -0.500 -0.500 -0.500 -0.500 0.500 0.500 -0.500
-R5  1   1.000 1.000 1.000 1.000 1.000 1.000 1.000 1.000 1.000 1.000 1.000 1.000 1.000 1.000 1.000 1.000 1.000 1.000 1.000 1.000 1.000 1.000 1.000 1.000 1.000 1.000 1.000 1.000 1.000 1.000 1.000 1.000 1.000 1.000 1.000 1.000 1.000 1.000 1.000 1.000 1.000 1.000 1.000 1.000 1.000 1.000 1.000 1.000 1.000 1.000 1.000 1.000 1.000 1.000 1.000 1.000 1.000 1.000 1.000 1.000 1.000 1.000 1.000 1.000 1.000 1.000 1.000 1.000 1.000 1.000 1.000 1.000 1.000 1.000 1.000 1.000 1.000 1.000 1.000 1.000 1.000 1.000 1.000 1.000 1.000 1.000 1.000 1.000 1.000 1.000 1.000 1.000 1.000 1.000 1.000 1.000 0.000 -1.000 -1.000 -1.000 -1.000 -1.000 -1.000 -1.000 -1.000 0.000 0.000 0.000 0.500 -0.500 0.500 -0.500 0.500 -0.500 -0.500 -0.500 -0.500 0.500 0.500 -0.500 -1.000 0.000 0.000 0.000 0.000 0.000 0.000 0.000 0.000 -1.000 -1.000 -1.000 -0.500 0.500 -0.500 0.500 -0.500 0.500 0.500 0.500 0.500 -0.500 -0.500 0.500 0.000 -1.000 -1.000 -1.000 -1.000 -1.000 -1.000 -1.000 -1.000 0.000 0.000 0.000 0.500 -0.500 0.500 -0.500 0.500 -0.500 -0.500 -0.500 -0.500 0.500 0.500 -0.500 -1.000 0.000 0.000 0.000 0.000 0.000 0.000 0.000 0.000 -1.000 -1.000 -1.000 -0.500 0.500 -0.500 0.500 -0.500 0.500 0.500 0.500 0.500 -0.500 -0.500 0.500
-R6  2   2.000 2.000 2.000 2.000 1.000 1.000 1.000 1.000 1.000 1.000 1.000 1.000 0.000 0.000 0.000 0.000 0.000 0.000 0.000 0.000 0.000 0.000 0.000 0.000 2.000 2.000 2.000 2.000 1.000 1.000 1.000 1.000 1.000 1.000 1.000 1.000 0.000 0.000 0.000 0.000 0.000 0.000 0.000 0.000 0.000 0.000 0.000 0.000 0.000 0.000 0.000 0.000 0.000 0.000 0.000 0.000 0.000 0.000 0.000 0.000 0.000 0.000 0.000 0.000 1.732 1.732 1.732 1.732 1.732 1.732 1.732 1.732 0.000 0.000 0.000 0.000 0.000 0.000 0.000 0.000 0.000 0.000 0.000 0.000 0.000 0.000 0.000 0.000 1.732 1.732 1.732 1.732 1.732 1.732 1.732 1.732 0.000 -1.000 -1.000 -1.000 0.000 0.000 0.000 0.000 0.000 1.000 1.000 1.000 0.000 0.000 0.000 0.000 0.000 0.000 0.000 0.000 0.000 0.000 0.000 0.000 -1.000 0.000 0.000 0.000 1.000 1.000 1.000 1.000 1.000 0.000 0.000 0.000 0.000 0.000 0.000 0.000 0.000 0.000 0.000 0.000 0.000 0.000 0.000 0.000 0.000 0.000 0.000 0.000 0.000 0.000 0.000 0.000 0.000 0.000 0.000 0.000 0.000 0.000 0.000 0.000 0.000 1.000 1.000 1.000 0.000 1.000 1.000 0.000 0.000 0.000 0.000 0.000 0.000 0.000 0.000 0.000 0.000 0.000 0.000 0.000 0.000 0.000 0.000 0.000 1.000 0.000 0.000 0.000 1.000 0.000 0.000 1.000
-R7  3   3.000 1.000 1.000 1.000 0.000 0.000 0.000 0.000 0.000 0.000 0.000 0.000 1.000 1.000 1.000 1.000 1.000 1.000 1.000 1.000 1.000 1.000 1.000 1.000 3.000 1.000 1.000 1.000 0.000 0.000 0.000 0.000 0.000 0.000 0.000 0.000 1.000 1.000 1.000 1.000 1.000 1.000 1.000 1.000 1.000 1.000 1.000 1.000 3.000 1.000 1.000 1.000 0.000 0.000 0.000 0.000 0.000 0.000 0.000 0.000 1.000 1.000 1.000 1.000 1.000 1.000 1.000 1.000 1.000 1.000 1.000 1.000 3.000 1.000 1.000 1.000 0.000 0.000 0.000 0.000 0.000 0.000 0.000 0.000 1.000 1.000 1.000 1.000 1.000 1.000 1.000 1.000 1.000 1.000 1.000 1.000 0.000 -0.000 -0.000 -0.000 0.000 0.000 0.000 0.000 0.000 0.000 0.000 0.000 -0.500 0.500 0.500 -0.500 0.500 0.500 0.500 -0.500 -0.500 -0.500 0.500 0.500 -1.000 -1.000 -1.000 -1.000 0.000 0.000 0.000 0.000 0.000 0.000 0.000 0.000 0.500 -0.500 -0.500 0.500 -0.500 -0.500 -0.500 0.500 0.500 0.500 -0.500 -0.500 0.000 -0.000 -0.000 -0.000 0.000 0.000 0.000 0.000 0.000 0.000 0.000 0.000 -0.500 0.500 0.500 -0.500 0.500 0.500 0.500 -0.500 -0.500 -0.500 0.500 0.500 -1.000 -1.000 -1.000 -1.000 0.000 0.000 0.000 0.000 0.000 0.000 0.000 0.000 0.500 -0.500 -0.500 0.500 -0.500 -0.500 -0.500 0.500 0.500 0.500 -0.500 -0.500
-R8  3   3.000 1.000 1.000 1.000 0.000 0.000 0.000 0.000 0.000 0.000 0.000 0.000 1.000 1.000 1.000 1.000 1.000 1.000 1.000 1.000 1.000 1.000 1.000 1.000 3.000 1.000 1.000 1.000 0.000 0.000 0.000 0.000 0.000 0.000 0.000 0.000 1.000 1.000 1.000 1.000 1.000 1.000 1.000 1.000 1.000 1.000 1.000 1.000 3.000 1.000 1.000 1.000 0.000 0.000 0.000 0.000 0.000 0.000 0.000 0.000 1.000 1.000 1.000 1.000 1.000 1.000 1.000 1.000 1.000 1.000 1.000 1.000 3.000 1.000 1.000 1.000 0.000 0.000 0.000 0.000 0.000 0.000 0.000 0.000 1.000 1.000 1.000 1.000 1.000 1.000 1.000 1.000 1.000 1.000 1.000 1.000 0.000 -0.000 -0.000 -0.000 0.000 0.000 0.000 0.000 0.000 0.000 0.000 0.000 0.500 -0.500 -0.500 0.500 -0.500 -0.500 -0.500 0.500 0.500 0.500 -0.500 -0.500 -1.000 -1.000 -1.000 -1.000 0.000 0.000 0.000 0.000 0.000 0.000 0.000 0.000 -0.500 0.500 0.500 -0.500 0.500 0.500 0.500 -0.500 -0.500 -0.500 0.500 0.500 0.000 -0.000 -0.000 -0.000 0.000 0.000 0.000 0.000 0.000 0.000 0.000 0.000 0.500 -0.500 -0.500 0.500 -0.500 -0.500 -0.500 0.500 0.500 0.500 -0.500 -0.500 -1.000 -1.000 -1.000 -1.000 0.000 0.000 0.000 0.000 0.000 0.000 0.000 0.000 -0.500 0.500 0.500 -0.500 0.500 0.500 0.500 -0.500 -0.500 -0.500 0.500 0.500



kpoint  X : 0.000000 0.500000 0.000000 :  1 2 3 4 5 6 7 8
-X3  1   1.000 1.000 1.000 1.000 1.000 1.000 1.000 1.000 1.000 1.000 1.000 1.000 1.000 1.000 1.000 1.000 1.000 1.000 1.000 1.000 1.000 1.000 1.000 1.000 1.000 1.000 1.000 1.000 1.000 1.000 1.000 1.000 0.000 -0.500 0.000 -0.500 0.000 -0.500 -1.000 -0.500 -1.000 0.500 -1.000 0.500 -1.000 0.500 0.000 0.500 0.000 0.500 -1.000 -0.500 0.000 0.500 0.000 -0.500 -1.000 -0.500 0.000 0.500 -1.000 -0.500 -1.000 0.500
-X4  1   1.000 1.000 1.000 1.000 1.000 1.000 1.000 1.000 1.000 1.000 1.000 1.000 1.000 1.000 1.000 1.000 1.000 1.000 1.000 1.000 1.000 1.000 1.000 1.000 1.000 1.000 1.000 1.000 1.000 1.000 1.000 1.000 0.000 0.500 0.000 0.500 -1.000 -0.500 0.000 -0.500 -1.000 -0.500 -1.000 -0.500 0.000 0.500 -1.000 0.500 0.000 -0.500 -1.000 0.500 -1.000 0.500 -1.000 -0.500 -1.000 0.500 0.000 -0.500 0.000 -0.500 0.000 0.500
-X5  1   1.000 1.000 1.000 1.000 1.000 1.000 1.000 1.000 1.000 1.000 1.000 1.000 1.000 1.000 1.000 1.000 1.000 1.000 1.000 1.000 1.000 1.000 1.000 1.000 1.000 1.000 1.000 1.000 1.000 1.000 1.000 1.000 0.000 -0.500 0.000 -0.500 -1.000 0.500 0.000 0.500 -1.000 0.500 -1.000 0.500 0.000 -0.500 -1.000 -0.500 0.000 0.500 -1.000 -0.500 -1.000 -0.500 -1.000 0.500 -1.000 -0.500 0.000 0.500 0.000 0.500 0.000 -0.500
-X6  1   1.000 1.000 1.000 1.000 1.000 1.000 1.000 1.000 1.000 1.000 1.000 1.000 1.000 1.000 1.000 1.000 1.000 1.000 1.000 1.000 1.000 1.000 1.000 1.000 1.000 1.000 1.000 1.000 1.000 1.000 1.000 1.000 0.000 0.500 0.000 0.500 0.000 0.500 -1.000 0.500 -1.000 -0.500 -1.000 -0.500 -1.000 -0.500 0.000 -0.500 0.000 -0.500 -1.000 0.500 0.000 -0.500 0.000 0.500 -1.000 0.500 0.000 -0.500 -1.000 0.500 -1.000 -0.500
-X7  2   2.000 0.000 2.000 0.000 0.000 0.000 0.000 0.000 2.000 0.000 2.000 0.000 0.000 0.000 0.000 0.000 0.000 0.000 0.000 0.000 0.000 2.000 0.000 2.000 0.000 0.000 0.000 0.000 0.000 2.000 0.000 2.000 0.000 0.000 -1.000 0.000 0.000 0.000 0.000 0.000 -1.000 0.000 0.000 0.000 0.000 0.000 0.000 0.000 0.000 0.000 0.000 0.000 0.000 0.000 0.000 0.000 0.000 0.000 0.000 0.000 0.000 -1.000 0.000 -1.000
