SG=P-62m1'
 name=189.222
 nsym=12
 spinor=False
symmetries=
    1 0 0   0 1 0   0 0 1   0 0 0
  0 -1 0   1 -1 0   0 0 1   0 0 0
  -1 1 0   -1 0 0   0 0 1   0 0 0
   1 0 0   0 1 0   0 0 -1   0 0 0
 0 -1 0   1 -1 0   0 0 -1   0 0 0
 -1 1 0   -1 0 0   0 0 -1   0 0 0
   0 1 0   1 0 0   0 0 -1   0 0 0
 1 -1 0   0 -1 0   0 0 -1   0 0 0
 -1 0 0   -1 1 0   0 0 -1   0 0 0
    0 1 0   1 0 0   0 0 1   0 0 0
  1 -1 0   0 -1 0   0 0 1   0 0 0
  -1 0 0   -1 1 0   0 0 1   0 0 0


 kpoint  GM : 0.000000 0.000000 0.000000  : 1 2 3 4 5 6 7 8 9 10 11 12
GM1  1    1.000 1.000 1.000 1.000 1.000 1.000 1.000 1.000 1.000 1.000 1.000 1.000 1.000 1.000 1.000 1.000 1.000 1.000 1.000 1.000 1.000 1.000 1.000 1.000
GM2  1    1.000 1.000 1.000 -1.000 -1.000 -1.000 1.000 1.000 1.000 -1.000 -1.000 -1.000 1.000 1.000 1.000 -1.000 -1.000 -1.000 1.000 1.000 1.000 -1.000 -1.000 -1.000
GM3  1    1.000 1.000 1.000 -1.000 -1.000 -1.000 -1.000 -1.000 -1.000 1.000 1.000 1.000 1.000 1.000 1.000 -1.000 -1.000 -1.000 -1.000 -1.000 -1.000 1.000 1.000 1.000
GM4  1    1.000 1.000 1.000 1.000 1.000 1.000 -1.000 -1.000 -1.000 -1.000 -1.000 -1.000 1.000 1.000 1.000 1.000 1.000 1.000 -1.000 -1.000 -1.000 -1.000 -1.000 -1.000
GM5  2    2.000 1.000 1.000 2.000 1.000 1.000 0.000 0.000 0.000 0.000 0.000 0.000 0.000 0.000 0.000 0.000 0.000 0.000 2.000 1.000 1.000 2.000 1.000 1.000 0.000 1.000 1.000 0.000 1.000 1.000 0.000 0.000 0.000 0.000 0.000 0.000 0.000 0.000 0.000 0.000 0.000 0.000 -0.500 0.500 0.500 -0.500 0.500 0.500
GM6  2    2.000 1.000 1.000 2.000 1.000 1.000 0.000 0.000 0.000 0.000 0.000 0.000 0.000 0.000 0.000 0.000 0.000 0.000 2.000 1.000 1.000 2.000 1.000 1.000 0.000 1.000 1.000 -1.000 0.000 0.000 0.000 0.000 0.000 0.000 0.000 0.000 0.000 0.000 0.000 0.000 0.000 0.000 -0.500 0.500 0.500 0.500 -0.500 -0.500



 kpoint  A : 0.000000 0.000000 0.500000  : 1 2 3 4 5 6 7 8 9 10 11 12
A1  1    1.000 1.000 1.000 1.000 1.000 1.000 1.000 1.000 1.000 1.000 1.000 1.000 1.000 1.000 1.000 1.000 1.000 1.000 1.000 1.000 1.000 1.000 1.000 1.000
A2  1    1.000 1.000 1.000 -1.000 -1.000 -1.000 1.000 1.000 1.000 -1.000 -1.000 -1.000 1.000 1.000 1.000 -1.000 -1.000 -1.000 1.000 1.000 1.000 -1.000 -1.000 -1.000
A3  1    1.000 1.000 1.000 -1.000 -1.000 -1.000 -1.000 -1.000 -1.000 1.000 1.000 1.000 1.000 1.000 1.000 -1.000 -1.000 -1.000 -1.000 -1.000 -1.000 1.000 1.000 1.000
A4  1    1.000 1.000 1.000 1.000 1.000 1.000 -1.000 -1.000 -1.000 -1.000 -1.000 -1.000 1.000 1.000 1.000 1.000 1.000 1.000 -1.000 -1.000 -1.000 -1.000 -1.000 -1.000
A5  2    2.000 1.000 1.000 2.000 1.000 1.000 0.000 0.000 0.000 0.000 0.000 0.000 0.000 0.000 0.000 0.000 0.000 0.000 2.000 1.000 1.000 2.000 1.000 1.000 0.000 1.000 1.000 0.000 1.000 1.000 0.000 0.000 0.000 0.000 0.000 0.000 0.000 0.000 0.000 0.000 0.000 0.000 -0.500 0.500 0.500 -0.500 0.500 0.500
A6  2    2.000 1.000 1.000 2.000 1.000 1.000 0.000 0.000 0.000 0.000 0.000 0.000 0.000 0.000 0.000 0.000 0.000 0.000 2.000 1.000 1.000 2.000 1.000 1.000 0.000 1.000 1.000 -1.000 0.000 0.000 0.000 0.000 0.000 0.000 0.000 0.000 0.000 0.000 0.000 0.000 0.000 0.000 -0.500 0.500 0.500 0.500 -0.500 -0.500



 kpoint  H : 0.333333 0.333333 0.500000  : 1 2 3 4 5 6 7 8 9 10 11 12
H1  1    1.000 1.000 1.000 1.000 1.000 1.000 1.000 1.000 1.000 1.000 1.000 1.000
H2  1    1.000 1.000 1.000 -1.000 -1.000 -1.000 1.000 1.000 1.000 -1.000 -1.000 -1.000
H3  1    1.000 1.000 1.000 -1.000 -1.000 -1.000 -1.000 -1.000 -1.000 1.000 1.000 1.000
H4  1    1.000 1.000 1.000 1.000 1.000 1.000 -1.000 -1.000 -1.000 -1.000 -1.000 -1.000
H5  2    2.000 -1.000 -1.000 2.000 -1.000 -1.000 0.000 0.000 0.000 0.000 0.000 0.000
H6  2    2.000 -1.000 -1.000 -2.000 1.000 1.000 0.000 0.000 0.000 0.000 0.000 0.000



 kpoint  HA : 0.666667 0.666667 0.500000  : 1 2 3 4 5 6 7 8 9 10 11 12
HA1  1    1.000 1.000 1.000 1.000 1.000 1.000 1.000 1.000 1.000 1.000 1.000 1.000
HA2  1    1.000 1.000 1.000 -1.000 -1.000 -1.000 1.000 1.000 1.000 -1.000 -1.000 -1.000
HA3  1    1.000 1.000 1.000 -1.000 -1.000 -1.000 -1.000 -1.000 -1.000 1.000 1.000 1.000
HA4  1    1.000 1.000 1.000 1.000 1.000 1.000 -1.000 -1.000 -1.000 -1.000 -1.000 -1.000
HA5  2    2.000 -1.000 -1.000 2.000 -1.000 -1.000 0.000 0.000 0.000 0.000 0.000 0.000
HA6  2    2.000 -1.000 -1.000 -2.000 1.000 1.000 0.000 0.000 0.000 0.000 0.000 0.000



 kpoint  K : 0.333333 0.333333 0.000000  : 1 2 3 4 5 6 7 8 9 10 11 12
K1  1    1.000 1.000 1.000 1.000 1.000 1.000 1.000 1.000 1.000 1.000 1.000 1.000
K2  1    1.000 1.000 1.000 -1.000 -1.000 -1.000 1.000 1.000 1.000 -1.000 -1.000 -1.000
K3  1    1.000 1.000 1.000 -1.000 -1.000 -1.000 -1.000 -1.000 -1.000 1.000 1.000 1.000
K4  1    1.000 1.000 1.000 1.000 1.000 1.000 -1.000 -1.000 -1.000 -1.000 -1.000 -1.000
K5  2    2.000 -1.000 -1.000 2.000 -1.000 -1.000 0.000 0.000 0.000 0.000 0.000 0.000
K6  2    2.000 -1.000 -1.000 -2.000 1.000 1.000 0.000 0.000 0.000 0.000 0.000 0.000



 kpoint  KA : 0.666667 0.666667 0.000000  : 1 2 3 4 5 6 7 8 9 10 11 12
KA1  1    1.000 1.000 1.000 1.000 1.000 1.000 1.000 1.000 1.000 1.000 1.000 1.000
KA2  1    1.000 1.000 1.000 -1.000 -1.000 -1.000 1.000 1.000 1.000 -1.000 -1.000 -1.000
KA3  1    1.000 1.000 1.000 -1.000 -1.000 -1.000 -1.000 -1.000 -1.000 1.000 1.000 1.000
KA4  1    1.000 1.000 1.000 1.000 1.000 1.000 -1.000 -1.000 -1.000 -1.000 -1.000 -1.000
KA5  2    2.000 -1.000 -1.000 2.000 -1.000 -1.000 0.000 0.000 0.000 0.000 0.000 0.000
KA6  2    2.000 -1.000 -1.000 -2.000 1.000 1.000 0.000 0.000 0.000 0.000 0.000 0.000



 kpoint  L : 0.500000 0.000000 0.500000  : 1 4 9 12
L1  1    1.000 1.000 1.000 1.000 1.000 1.000 1.000 1.000
L2  1    1.000 -1.000 1.000 -1.000 1.000 -1.000 1.000 -1.000
L3  1    1.000 -1.000 -1.000 1.000 1.000 -1.000 -1.000 1.000
L4  1    1.000 1.000 -1.000 -1.000 1.000 1.000 -1.000 -1.000



 kpoint  M : 0.500000 0.000000 0.000000  : 1 4 9 12
M1  1    1.000 1.000 1.000 1.000 1.000 1.000 1.000 1.000
M2  1    1.000 -1.000 1.000 -1.000 1.000 -1.000 1.000 -1.000
M3  1    1.000 -1.000 -1.000 1.000 1.000 -1.000 -1.000 1.000
M4  1    1.000 1.000 -1.000 -1.000 1.000 1.000 -1.000 -1.000
