SG=P_C4_2/mmc
 name=131.445
 nsym=16
 spinor=True
symmetries=
          1 0 0   0 1 0   0 0 1   0 0 0     1.0 0.0 0.0 1.0    0.0 0.0 0.0 0.0
        -1 0 0   0 -1 0   0 0 1   0 0 0    1.0 0.0 0.0 1.0    -0.5 0.0 0.0 0.5
   0 -1 0   1 0 0   0 0 1   0 0 0.50000   1.0 0.0 0.0 1.0    0.75 0.0 0.0 0.25
   0 1 0   -1 0 0   0 0 1   0 0 0.50000   1.0 0.0 0.0 1.0    0.25 0.0 0.0 0.75
        -1 0 0   0 1 0   0 0 -1   0 0 0     0.0 1.0 1.0 0.0    0.0 1.0 0.0 0.0
        1 0 0   0 -1 0   0 0 -1   0 0 0   0.0 1.0 1.0 0.0    0.0 -0.5 -0.5 0.0
   0 1 0   1 0 0   0 0 -1   0 0 0.50000  0.0 1.0 1.0 0.0    0.0 -0.75 0.75 0.0
 0 -1 0   -1 0 0   0 0 -1   0 0 0.50000   0.0 1.0 1.0 0.0    0.0 0.75 0.25 0.0
       -1 0 0   0 -1 0   0 0 -1   0 0 0     1.0 0.0 0.0 1.0    0.0 0.0 0.0 0.0
         1 0 0   0 1 0   0 0 -1   0 0 0    1.0 0.0 0.0 1.0    -0.5 0.0 0.0 0.5
  0 1 0   -1 0 0   0 0 -1   0 0 0.50000   1.0 0.0 0.0 1.0    0.75 0.0 0.0 0.25
  0 -1 0   1 0 0   0 0 -1   0 0 0.50000   1.0 0.0 0.0 1.0    0.25 0.0 0.0 0.75
         1 0 0   0 -1 0   0 0 1   0 0 0     0.0 1.0 1.0 0.0    0.0 1.0 0.0 0.0
         -1 0 0   0 1 0   0 0 1   0 0 0   0.0 1.0 1.0 0.0    0.0 -0.5 -0.5 0.0
  0 -1 0   -1 0 0   0 0 1   0 0 0.50000  0.0 1.0 1.0 0.0    0.0 -0.75 0.75 0.0
    0 1 0   1 0 0   0 0 1   0 0 0.50000   0.0 1.0 1.0 0.0    0.0 0.75 0.25 0.0


kpoint  GM : 0.000000 0.000000 0.000000 :  1 2 3 4 5 6 7 8 9 10 11 12 13 14 15 16
-GM6  2   2.000 0.000 1.414 1.414 0.000 0.000 0.000 0.000 2.000 0.000 1.414 1.414 0.000 0.000 0.000 0.000 2.000 0.000 1.414 1.414 0.000 0.000 0.000 0.000 2.000 0.000 1.414 1.414 0.000 0.000 0.000 0.000 0.000 0.000 0.000 0.000 1.414 1.414 2.000 0.000 0.000 0.000 0.000 0.000 1.414 1.414 2.000 0.000 0.000 0.000 0.000 0.000 1.414 1.414 2.000 0.000 0.000 0.000 0.000 0.000 1.414 1.414 2.000 0.000 0.000 0.000 1.000 1.000 0.000 0.000 0.000 0.000 0.000 0.000 1.000 1.000 0.000 0.000 0.000 0.000 -1.000 0.000 0.000 0.000 0.000 0.000 0.000 0.000 -1.000 0.000 0.000 0.000 0.000 0.000 0.000 0.000 0.000 0.000 0.000 0.000 1.000 1.000 0.000 0.000 0.000 0.000 0.000 0.000 1.000 1.000 0.000 0.000 0.000 0.000 0.000 0.000 0.000 0.000 -1.000 0.000 0.000 0.000 0.000 0.000 0.000 0.000 -1.000 0.000
-GM7  2   2.000 0.000 1.414 1.414 0.000 0.000 0.000 0.000 2.000 0.000 1.414 1.414 0.000 0.000 0.000 0.000 2.000 0.000 1.414 1.414 0.000 0.000 0.000 0.000 2.000 0.000 1.414 1.414 0.000 0.000 0.000 0.000 0.000 0.000 0.000 0.000 1.414 1.414 2.000 0.000 0.000 0.000 0.000 0.000 1.414 1.414 2.000 0.000 0.000 0.000 0.000 0.000 1.414 1.414 2.000 0.000 0.000 0.000 0.000 0.000 1.414 1.414 2.000 0.000 0.000 0.000 0.000 0.000 0.000 0.000 0.000 0.000 0.000 0.000 0.000 0.000 0.000 0.000 0.000 0.000 -1.000 0.000 1.000 1.000 0.000 0.000 0.000 0.000 -1.000 0.000 1.000 1.000 0.000 0.000 0.000 0.000 0.000 0.000 0.000 0.000 0.000 0.000 0.000 0.000 0.000 0.000 0.000 0.000 0.000 0.000 0.000 0.000 0.000 0.000 0.000 0.000 1.000 1.000 -1.000 0.000 0.000 0.000 0.000 0.000 1.000 1.000 -1.000 0.000
-GM8  2   2.000 0.000 1.414 1.414 0.000 0.000 0.000 0.000 2.000 0.000 1.414 1.414 0.000 0.000 0.000 0.000 2.000 0.000 1.414 1.414 0.000 0.000 0.000 0.000 2.000 0.000 1.414 1.414 0.000 0.000 0.000 0.000 0.000 0.000 0.000 0.000 1.414 1.414 2.000 0.000 0.000 0.000 0.000 0.000 1.414 1.414 2.000 0.000 0.000 0.000 0.000 0.000 1.414 1.414 2.000 0.000 0.000 0.000 0.000 0.000 1.414 1.414 2.000 0.000 0.000 0.000 1.000 1.000 0.000 0.000 0.000 0.000 -1.000 0.000 0.000 0.000 0.000 0.000 0.000 0.000 -1.000 0.000 0.000 0.000 0.000 0.000 0.000 0.000 0.000 0.000 1.000 1.000 0.000 0.000 0.000 0.000 0.000 0.000 0.000 0.000 0.000 0.000 -1.000 0.000 0.000 0.000 0.000 0.000 1.000 1.000 0.000 0.000 0.000 0.000 0.000 0.000 1.000 1.000 0.000 0.000 0.000 0.000 0.000 0.000 0.000 0.000 -1.000 0.000
-GM9  2   2.000 0.000 1.414 1.414 0.000 0.000 0.000 0.000 2.000 0.000 1.414 1.414 0.000 0.000 0.000 0.000 2.000 0.000 1.414 1.414 0.000 0.000 0.000 0.000 2.000 0.000 1.414 1.414 0.000 0.000 0.000 0.000 0.000 0.000 0.000 0.000 1.414 1.414 2.000 0.000 0.000 0.000 0.000 0.000 1.414 1.414 2.000 0.000 0.000 0.000 0.000 0.000 1.414 1.414 2.000 0.000 0.000 0.000 0.000 0.000 1.414 1.414 2.000 0.000 0.000 0.000 0.000 0.000 0.000 0.000 0.000 0.000 -1.000 0.000 1.000 1.000 0.000 0.000 0.000 0.000 -1.000 0.000 1.000 1.000 0.000 0.000 0.000 0.000 0.000 0.000 0.000 0.000 0.000 0.000 0.000 0.000 0.000 0.000 0.000 0.000 1.000 1.000 -1.000 0.000 0.000 0.000 0.000 0.000 0.000 0.000 0.000 0.000 0.000 0.000 0.000 0.000 0.000 0.000 0.000 0.000 0.000 0.000 0.000 0.000 1.000 1.000 -1.000 0.000



kpoint  A : 0.500000 0.500000 0.500000 :  1 2 3 4 5 6 7 8 9 10 11 12 13 14 15 16
-A5A5  8   8.000 0.000 0.000 0.000 0.000 0.000 0.000 0.000 0.000 0.000 0.000 0.000 0.000 0.000 0.000 0.000 8.000 0.000 0.000 0.000 0.000 0.000 0.000 0.000 0.000 0.000 0.000 0.000 0.000 0.000 0.000 0.000 0.000 0.000 0.000 0.000 0.000 0.000 0.000 0.000 0.000 0.000 0.000 0.000 0.000 0.000 0.000 0.000 0.000 0.000 0.000 0.000 0.000 0.000 0.000 0.000 0.000 0.000 0.000 0.000 0.000 0.000 0.000 0.000 0.000 0.000 0.000 0.000 0.000 0.000 0.000 0.000 0.000 0.000 0.000 0.000 0.000 0.000 0.000 0.000 -1.000 0.000 0.000 0.000 0.000 0.000 0.000 0.000 0.000 0.000 0.000 0.000 0.000 0.000 0.000 0.000 0.000 0.000 0.000 0.000 0.000 0.000 0.000 0.000 0.000 0.000 0.000 0.000 0.000 0.000 0.000 0.000 0.000 0.000 0.000 0.000 0.000 0.000 0.000 0.000 0.000 0.000 0.000 0.000 0.000 0.000 0.000 0.000



kpoint  M : 0.500000 0.500000 0.000000 :  1 2 3 4 5 6 7 8 9 10 11 12 13 14 15 16
-M6M7  4   4.000 0.000 0.000 0.000 0.000 0.000 0.000 0.000 4.000 0.000 0.000 0.000 0.000 0.000 0.000 0.000 4.000 0.000 0.000 0.000 0.000 0.000 0.000 0.000 4.000 0.000 0.000 0.000 0.000 0.000 0.000 0.000 0.000 0.000 0.000 0.000 0.000 0.000 0.000 0.000 0.000 0.000 0.000 0.000 0.000 0.000 0.000 0.000 0.000 0.000 0.000 0.000 0.000 0.000 0.000 0.000 0.000 0.000 0.000 0.000 0.000 0.000 0.000 0.000 0.000 0.000 0.000 0.000 0.000 0.000 0.000 0.000 0.000 0.000 0.000 0.000 0.000 0.000 0.000 0.000 -1.000 0.000 0.000 0.000 0.000 0.000 0.000 0.000 -1.000 0.000 0.000 0.000 0.000 0.000 0.000 0.000 0.000 0.000 0.000 0.000 0.000 0.000 0.000 0.000 0.000 0.000 0.000 0.000 0.000 0.000 0.000 0.000 0.000 0.000 0.000 0.000 0.000 0.000 0.000 0.000 0.000 0.000 0.000 0.000 0.000 0.000 0.000 0.000
-M8M9  4   4.000 0.000 0.000 0.000 0.000 0.000 0.000 0.000 4.000 0.000 0.000 0.000 0.000 0.000 0.000 0.000 4.000 0.000 0.000 0.000 0.000 0.000 0.000 0.000 4.000 0.000 0.000 0.000 0.000 0.000 0.000 0.000 0.000 0.000 0.000 0.000 0.000 0.000 0.000 0.000 0.000 0.000 0.000 0.000 0.000 0.000 0.000 0.000 0.000 0.000 0.000 0.000 0.000 0.000 0.000 0.000 0.000 0.000 0.000 0.000 0.000 0.000 0.000 0.000 0.000 0.000 0.000 0.000 0.000 0.000 0.000 0.000 -1.000 0.000 0.000 0.000 0.000 0.000 0.000 0.000 -1.000 0.000 0.000 0.000 0.000 0.000 0.000 0.000 0.000 0.000 0.000 0.000 0.000 0.000 0.000 0.000 0.000 0.000 0.000 0.000 0.000 0.000 0.000 0.000 0.000 0.000 0.000 0.000 0.000 0.000 0.000 0.000 0.000 0.000 0.000 0.000 0.000 0.000 0.000 0.000 0.000 0.000 0.000 0.000 0.000 0.000 0.000 0.000



kpoint  R : 0.000000 0.500000 0.500000 :  1 2 3 4 5 6 7 8
-R5R6  4   4.000 0.000 0.000 0.000 0.000 0.000 0.000 0.000 4.000 0.000 0.000 0.000 0.000 0.000 0.000 0.000 0.000 0.000 0.000 0.000 0.000 0.000 0.000 0.000 0.000 0.000 0.000 0.000 0.000 0.000 0.000 0.000 0.000 0.000 0.000 0.000 0.000 0.000 0.000 0.000 -1.000 0.000 0.000 0.000 0.000 0.000 0.000 0.000 0.000 0.000 0.000 0.000 0.000 0.000 0.000 0.000 0.000 0.000 0.000 0.000 0.000 0.000 0.000 0.000



kpoint  X : 0.000000 0.500000 0.000000 :  1 2 3 4 5 6 7 8
-X5X6  4   4.000 0.000 0.000 0.000 0.000 0.000 0.000 0.000 4.000 0.000 0.000 0.000 0.000 0.000 0.000 0.000 0.000 0.000 0.000 0.000 0.000 0.000 0.000 0.000 0.000 0.000 0.000 0.000 0.000 0.000 0.000 0.000 0.000 0.000 0.000 0.000 0.000 0.000 0.000 0.000 -1.000 0.000 0.000 0.000 0.000 0.000 0.000 0.000 0.000 0.000 0.000 0.000 0.000 0.000 0.000 0.000 0.000 0.000 0.000 0.000 0.000 0.000 0.000 0.000



kpoint  Z : 0.000000 0.000000 0.500000 :  1 2 3 4 5 6 7 8 9 10 11 12 13 14 15 16
-Z5  4   4.000 0.000 0.000 0.000 0.000 0.000 0.000 0.000 0.000 0.000 0.000 0.000 0.000 0.000 0.000 0.000 4.000 0.000 0.000 0.000 0.000 0.000 0.000 0.000 0.000 0.000 0.000 0.000 0.000 0.000 0.000 0.000 0.000 0.000 0.000 0.000 2.828 0.000 0.000 0.000 0.000 0.000 0.000 0.000 2.828 0.000 0.000 0.000 0.000 0.000 0.000 0.000 2.828 0.000 0.000 0.000 0.000 0.000 0.000 0.000 2.828 0.000 0.000 0.000 0.000 0.000 0.000 0.000 0.000 0.000 0.000 0.000 0.000 0.000 0.000 0.000 0.000 0.000 0.000 0.000 -1.000 0.000 0.000 0.000 0.000 0.000 0.000 0.000 0.000 0.000 0.000 0.000 0.000 0.000 0.000 0.000 0.000 0.000 0.000 0.000 0.000 0.000 0.000 0.000 0.000 0.000 0.000 0.000 0.500 0.000 0.000 0.000 0.000 0.000 0.000 0.000 1.000 0.000 0.000 0.000 0.000 0.000 0.000 0.000 -0.500 0.000 0.000 0.000
