SG=P4_2/n
 name=86.67
 nsym=8
 spinor=False
symmetries=
               1 0 0   0 1 0   0 0 1   0 0 0
 -1 0 0   0 -1 0   0 0 1   0.50000 0.50000 0
  0 -1 0   1 0 0   0 0 1   0 0.50000 0.50000
  0 1 0   -1 0 0   0 0 1   0.50000 0 0.50000
            -1 0 0   0 -1 0   0 0 -1   0 0 0
  1 0 0   0 1 0   0 0 -1   0.50000 0.50000 0
 0 1 0   -1 0 0   0 0 -1   0 0.50000 0.50000
 0 -1 0   1 0 0   0 0 -1   0.50000 0 0.50000


kpoint  GM : 0.000000 0.000000 0.000000 :  1 2 3 4 5 6 7 8
GM1+  1   1.000 1.000 1.000 1.000 1.000 1.000 1.000 1.000 1.000 1.000 1.000 1.000 1.000 1.000 1.000 1.000 1.000
GM1-  1   1.000 1.000 1.000 1.000 1.000 -1.000 -1.000 -1.000 -1.000 1.000 1.000 1.000 1.000 -1.000 -1.000 -1.000 -1.000 0.000 0.000 0.000 0.000 0.000 -1.000 -1.000 -1.000 -1.000 0.000 0.000 0.000 0.000 -1.000 -1.000 -1.000 -1.000
GM10  1   1.000 1.000 -0.000 0.707 0.707 -1.000 -0.000 -0.707 -0.707 -1.000 -0.000 -0.707 -0.707 1.000 -0.000 0.707 0.707 0.000 0.000 -0.500 -0.250 0.250 -1.000 0.500 0.750 -0.750 -1.000 0.500 0.750 -0.750 0.000 -0.500 -0.250 0.250
GM11  1   1.000 1.000 -0.000 -0.707 -0.707 -1.000 -0.000 0.707 0.707 -1.000 -0.000 0.707 0.707 1.000 -0.000 -0.707 -0.707 0.000 0.000 0.500 -0.750 0.750 -1.000 -0.500 0.250 -0.250 -1.000 -0.500 0.250 -0.250 0.000 0.500 -0.750 0.750
GM12  1   1.000 1.000 -0.000 0.707 0.707 -1.000 -0.000 -0.707 -0.707 -1.000 -0.000 -0.707 -0.707 1.000 -0.000 0.707 0.707 0.000 0.000 0.500 0.250 -0.250 -1.000 -0.500 -0.750 0.750 -1.000 -0.500 -0.750 0.750 0.000 0.500 0.250 -0.250
GM2+  1   1.000 1.000 1.000 -1.000 -1.000 1.000 1.000 -1.000 -1.000 1.000 1.000 -1.000 -1.000 1.000 1.000 -1.000 -1.000 0.000 0.000 0.000 -1.000 -1.000 0.000 0.000 -1.000 -1.000 0.000 0.000 -1.000 -1.000 0.000 0.000 -1.000 -1.000
GM2-  1   1.000 1.000 1.000 -1.000 -1.000 -1.000 -1.000 1.000 1.000 1.000 1.000 -1.000 -1.000 -1.000 -1.000 1.000 1.000 0.000 0.000 0.000 -1.000 -1.000 -1.000 -1.000 0.000 0.000 0.000 0.000 -1.000 -1.000 -1.000 -1.000 0.000 0.000
GM3+  1   1.000 1.000 -1.000 -0.000 -0.000 1.000 -1.000 -0.000 -0.000 1.000 -1.000 -0.000 -0.000 1.000 -1.000 -0.000 -0.000 0.000 0.000 -1.000 0.500 -0.500 0.000 -1.000 0.500 -0.500 0.000 -1.000 0.500 -0.500 0.000 -1.000 0.500 -0.500
GM3-  1   1.000 1.000 -1.000 -0.000 -0.000 -1.000 1.000 -0.000 -0.000 1.000 -1.000 -0.000 -0.000 -1.000 1.000 -0.000 -0.000 0.000 0.000 -1.000 0.500 -0.500 -1.000 0.000 -0.500 0.500 0.000 -1.000 0.500 -0.500 -1.000 0.000 -0.500 0.500
GM4+  1   1.000 1.000 -1.000 -0.000 -0.000 1.000 -1.000 -0.000 -0.000 1.000 -1.000 -0.000 -0.000 1.000 -1.000 -0.000 -0.000 0.000 0.000 -1.000 -0.500 0.500 0.000 -1.000 -0.500 0.500 0.000 -1.000 -0.500 0.500 0.000 -1.000 -0.500 0.500
GM4-  1   1.000 1.000 -1.000 -0.000 -0.000 -1.000 1.000 -0.000 -0.000 1.000 -1.000 -0.000 -0.000 -1.000 1.000 -0.000 -0.000 0.000 0.000 -1.000 -0.500 0.500 -1.000 0.000 0.500 -0.500 0.000 -1.000 -0.500 0.500 -1.000 0.000 0.500 -0.500
GM9  1   1.000 1.000 -0.000 -0.707 -0.707 -1.000 -0.000 0.707 0.707 -1.000 -0.000 0.707 0.707 1.000 -0.000 -0.707 -0.707 0.000 0.000 -0.500 0.750 -0.750 -1.000 0.500 -0.250 0.250 -1.000 0.500 -0.250 0.250 0.000 -0.500 0.750 -0.750



kpoint  A : 0.500000 0.500000 0.500000 :  1 2 3 4 5 6 7 8
A1+  1   1.000 1.000 1.000 1.000 1.000 1.000 1.000 1.000 1.000 1.000 1.000 1.000 1.000 1.000 1.000 1.000 1.000
A1-  1   1.000 1.000 1.000 1.000 1.000 -1.000 -1.000 -1.000 -1.000 1.000 1.000 1.000 1.000 -1.000 -1.000 -1.000 -1.000 0.000 0.000 0.000 0.000 0.000 -1.000 -1.000 -1.000 -1.000 0.000 0.000 0.000 0.000 -1.000 -1.000 -1.000 -1.000
A10  1   1.000 1.000 -0.000 0.707 0.707 -1.000 -0.000 -0.707 -0.707 -1.000 -0.000 -0.707 -0.707 1.000 -0.000 0.707 0.707 0.000 0.000 -0.500 -0.250 0.250 -1.000 0.500 0.750 -0.750 -1.000 0.500 0.750 -0.750 0.000 -0.500 -0.250 0.250
A11  1   1.000 1.000 -0.000 -0.707 -0.707 -1.000 -0.000 0.707 0.707 -1.000 -0.000 0.707 0.707 1.000 -0.000 -0.707 -0.707 0.000 0.000 0.500 -0.750 0.750 -1.000 -0.500 0.250 -0.250 -1.000 -0.500 0.250 -0.250 0.000 0.500 -0.750 0.750
A12  1   1.000 1.000 -0.000 0.707 0.707 -1.000 -0.000 -0.707 -0.707 -1.000 -0.000 -0.707 -0.707 1.000 -0.000 0.707 0.707 0.000 0.000 0.500 0.250 -0.250 -1.000 -0.500 -0.750 0.750 -1.000 -0.500 -0.750 0.750 0.000 0.500 0.250 -0.250
A2+  1   1.000 1.000 1.000 -1.000 -1.000 1.000 1.000 -1.000 -1.000 1.000 1.000 -1.000 -1.000 1.000 1.000 -1.000 -1.000 0.000 0.000 0.000 -1.000 -1.000 0.000 0.000 -1.000 -1.000 0.000 0.000 -1.000 -1.000 0.000 0.000 -1.000 -1.000
A2-  1   1.000 1.000 1.000 -1.000 -1.000 -1.000 -1.000 1.000 1.000 1.000 1.000 -1.000 -1.000 -1.000 -1.000 1.000 1.000 0.000 0.000 0.000 -1.000 -1.000 -1.000 -1.000 0.000 0.000 0.000 0.000 -1.000 -1.000 -1.000 -1.000 0.000 0.000
A3+  1   1.000 1.000 -1.000 -0.000 -0.000 1.000 -1.000 -0.000 -0.000 1.000 -1.000 -0.000 -0.000 1.000 -1.000 -0.000 -0.000 0.000 0.000 -1.000 0.500 -0.500 0.000 -1.000 0.500 -0.500 0.000 -1.000 0.500 -0.500 0.000 -1.000 0.500 -0.500
A3-  1   1.000 1.000 -1.000 -0.000 -0.000 -1.000 1.000 -0.000 -0.000 1.000 -1.000 -0.000 -0.000 -1.000 1.000 -0.000 -0.000 0.000 0.000 -1.000 0.500 -0.500 -1.000 0.000 -0.500 0.500 0.000 -1.000 0.500 -0.500 -1.000 0.000 -0.500 0.500
A4+  1   1.000 1.000 -1.000 -0.000 -0.000 1.000 -1.000 -0.000 -0.000 1.000 -1.000 -0.000 -0.000 1.000 -1.000 -0.000 -0.000 0.000 0.000 -1.000 -0.500 0.500 0.000 -1.000 -0.500 0.500 0.000 -1.000 -0.500 0.500 0.000 -1.000 -0.500 0.500
A4-  1   1.000 1.000 -1.000 -0.000 -0.000 -1.000 1.000 -0.000 -0.000 1.000 -1.000 -0.000 -0.000 -1.000 1.000 -0.000 -0.000 0.000 0.000 -1.000 -0.500 0.500 -1.000 0.000 0.500 -0.500 0.000 -1.000 -0.500 0.500 -1.000 0.000 0.500 -0.500
A9  1   1.000 1.000 -0.000 -0.707 -0.707 -1.000 -0.000 0.707 0.707 -1.000 -0.000 0.707 0.707 1.000 -0.000 -0.707 -0.707 0.000 0.000 -0.500 0.750 -0.750 -1.000 0.500 -0.250 0.250 -1.000 0.500 -0.250 0.250 0.000 -0.500 0.750 -0.750



kpoint  M : 0.500000 0.500000 0.000000 :  1 2 3 4 5 6 7 8
M1  2   2.000 2.000 2.000 0.000 0.000 0.000 0.000 0.000 0.000 2.000 2.000 0.000 0.000 0.000 0.000 0.000 0.000
M2  2   2.000 2.000 -2.000 0.000 0.000 0.000 0.000 0.000 0.000 2.000 -2.000 0.000 0.000 0.000 0.000 0.000 0.000 0.000 0.000 -1.000 0.000 0.000 0.000 0.000 0.000 0.000 0.000 -1.000 0.000 0.000 0.000 0.000 0.000 0.000



kpoint  R : 0.000000 0.500000 0.500000 :  1 2 3 4
R1  2   2.000 2.000 0.000 0.000 0.000 2.000 0.000 0.000 0.000



kpoint  X : 0.000000 0.500000 0.000000 :  1 2 3 4
X1  2   2.000 2.000 0.000 0.000 0.000 2.000 0.000 0.000 0.000



kpoint  Z : 0.000000 0.000000 0.500000 :  1 2 3 4 5 6 7 8
Z1  2   2.000 2.000 2.000 0.000 0.000 0.000 0.000 0.000 0.000 2.000 2.000 0.000 0.000 0.000 0.000 0.000 0.000
Z2  2   2.000 2.000 -2.000 0.000 0.000 0.000 0.000 0.000 0.000 2.000 -2.000 0.000 0.000 0.000 0.000 0.000 0.000 0.000 0.000 -1.000 0.000 0.000 0.000 0.000 0.000 0.000 0.000 -1.000 0.000 0.000 0.000 0.000 0.000 0.000
