SG=Pm'ma'
 name=51.296
 nsym=4
 spinor=False
symmetries=
    1 0 0   0 1 0   0 0 1   0 0 0
  -1 0 0   0 1 0   0 0 -1   0 0 0
 -1 0 0   0 -1 0   0 0 -1   0 0 0
   1 0 0   0 -1 0   0 0 1   0 0 0


kpoint  GM : 0.000000 0.000000 0.000000 :  1 2 3 4
GM1+  1   1.000 1.000 1.000 1.000 1.000 1.000 1.000 1.000 1.000 1.000 1.000 1.000 1.000 1.000 1.000 1.000 1.000
GM1-  1   1.000 1.000 1.000 -1.000 -1.000 1.000 1.000 -1.000 -1.000 1.000 1.000 -1.000 -1.000 1.000 1.000 -1.000 -1.000 0.000 0.000 0.000 -1.000 -1.000 0.000 0.000 -1.000 -1.000 0.000 0.000 -1.000 -1.000 0.000 0.000 -1.000 -1.000
GM2+  1   1.000 1.000 -1.000 1.000 -1.000 1.000 -1.000 1.000 -1.000 1.000 -1.000 1.000 -1.000 1.000 -1.000 1.000 -1.000 0.000 0.000 -1.000 0.000 -1.000 0.000 -1.000 0.000 -1.000 0.000 -1.000 0.000 -1.000 0.000 -1.000 0.000 -1.000
GM2-  1   1.000 1.000 -1.000 -1.000 1.000 1.000 -1.000 -1.000 1.000 1.000 -1.000 -1.000 1.000 1.000 -1.000 -1.000 1.000 0.000 0.000 -1.000 -1.000 0.000 0.000 -1.000 -1.000 0.000 0.000 -1.000 -1.000 0.000 0.000 -1.000 -1.000 0.000
GM5  1   1.000 1.000 -0.000 -1.000 -0.000 -1.000 -0.000 1.000 -0.000 1.000 -0.000 -1.000 -0.000 -1.000 -0.000 1.000 -0.000 0.000 0.000 -0.500 -1.000 0.500 -1.000 0.500 0.000 -0.500 0.000 -0.500 -1.000 0.500 -1.000 0.500 0.000 -0.500
GM6  1   1.000 1.000 -0.000 -1.000 -0.000 -1.000 -0.000 1.000 -0.000 1.000 -0.000 -1.000 -0.000 -1.000 -0.000 1.000 -0.000 0.000 0.000 0.500 -1.000 -0.500 -1.000 -0.500 0.000 0.500 0.000 0.500 -1.000 -0.500 -1.000 -0.500 0.000 0.500



kpoint  R : 0.500000 0.500000 0.500000 :  1 2 3 4
(R)E1+E2-  2   2.000 2.000 0.000 0.000 2.000 2.000 0.000 0.000 2.000 0.000 0.000 0.000 0.000 0.000 0.000 0.000 0.000
(R)E1-E2+  2   2.000 2.000 0.000 0.000 -2.000 2.000 0.000 0.000 -2.000 0.000 0.000 0.000 0.000 0.000 0.000 0.000 0.000 0.000 0.000 0.000 0.000 -1.000 0.000 0.000 0.000 -1.000 0.000 0.000 0.000 0.000 0.000 0.000 0.000 0.000



kpoint  S : 0.500000 0.500000 0.000000 :  1 2 3 4
(S)C1+C2-  2   2.000 2.000 0.000 0.000 2.000 2.000 0.000 0.000 2.000 0.000 0.000 0.000 0.000 0.000 0.000 0.000 0.000
(S)C1-C2+  2   2.000 2.000 0.000 0.000 -2.000 2.000 0.000 0.000 -2.000 0.000 0.000 0.000 0.000 0.000 0.000 0.000 0.000 0.000 0.000 0.000 0.000 -1.000 0.000 0.000 0.000 -1.000 0.000 0.000 0.000 0.000 0.000 0.000 0.000 0.000



kpoint  T : 0.000000 0.500000 0.500000 :  1 2 3 4
(T)D1+  1   1.000 1.000 1.000 1.000 1.000 1.000 1.000 1.000 1.000 1.000 1.000 1.000 1.000 1.000 1.000 1.000 1.000
(T)D1-  1   1.000 1.000 1.000 -1.000 -1.000 1.000 1.000 -1.000 -1.000 1.000 1.000 -1.000 -1.000 1.000 1.000 -1.000 -1.000 0.000 0.000 0.000 -1.000 -1.000 0.000 0.000 -1.000 -1.000 0.000 0.000 -1.000 -1.000 0.000 0.000 -1.000 -1.000
(T)D2+  1   1.000 1.000 -1.000 1.000 -1.000 1.000 -1.000 1.000 -1.000 1.000 -1.000 1.000 -1.000 1.000 -1.000 1.000 -1.000 0.000 0.000 -1.000 0.000 -1.000 0.000 -1.000 0.000 -1.000 0.000 -1.000 0.000 -1.000 0.000 -1.000 0.000 -1.000
(T)D2-  1   1.000 1.000 -1.000 -1.000 1.000 1.000 -1.000 -1.000 1.000 1.000 -1.000 -1.000 1.000 1.000 -1.000 -1.000 1.000 0.000 0.000 -1.000 -1.000 0.000 0.000 -1.000 -1.000 0.000 0.000 -1.000 -1.000 0.000 0.000 -1.000 -1.000 0.000
(T)D5  1   1.000 1.000 -0.000 -1.000 -0.000 -1.000 -0.000 1.000 -0.000 1.000 -0.000 -1.000 -0.000 -1.000 -0.000 1.000 -0.000 0.000 0.000 -0.500 -1.000 0.500 -1.000 0.500 0.000 -0.500 0.000 -0.500 -1.000 0.500 -1.000 0.500 0.000 -0.500
(T)D6  1   1.000 1.000 -0.000 -1.000 -0.000 -1.000 -0.000 1.000 -0.000 1.000 -0.000 -1.000 -0.000 -1.000 -0.000 1.000 -0.000 0.000 0.000 0.500 -1.000 -0.500 -1.000 -0.500 0.000 0.500 0.000 0.500 -1.000 -0.500 -1.000 -0.500 0.000 0.500



kpoint  U : 0.500000 0.000000 0.500000 :  1 2 3 4
(U)A1+A2-  2   2.000 2.000 0.000 0.000 2.000 2.000 0.000 0.000 2.000 0.000 0.000 0.000 0.000 0.000 0.000 0.000 0.000
(U)A1-A2+  2   2.000 2.000 0.000 0.000 -2.000 2.000 0.000 0.000 -2.000 0.000 0.000 0.000 0.000 0.000 0.000 0.000 0.000 0.000 0.000 0.000 0.000 -1.000 0.000 0.000 0.000 -1.000 0.000 0.000 0.000 0.000 0.000 0.000 0.000 0.000



kpoint  X : 0.500000 0.000000 0.000000 :  1 2 3 4
(X)Y1+Y2-  2   2.000 2.000 0.000 0.000 2.000 2.000 0.000 0.000 2.000 0.000 0.000 0.000 0.000 0.000 0.000 0.000 0.000
(X)Y1-Y2+  2   2.000 2.000 0.000 0.000 -2.000 2.000 0.000 0.000 -2.000 0.000 0.000 0.000 0.000 0.000 0.000 0.000 0.000 0.000 0.000 0.000 0.000 -1.000 0.000 0.000 0.000 -1.000 0.000 0.000 0.000 0.000 0.000 0.000 0.000 0.000



kpoint  Y : 0.000000 0.500000 0.000000 :  1 2 3 4
(Y)Z1+  1   1.000 1.000 1.000 1.000 1.000 1.000 1.000 1.000 1.000 1.000 1.000 1.000 1.000 1.000 1.000 1.000 1.000
(Y)Z1-  1   1.000 1.000 1.000 -1.000 -1.000 1.000 1.000 -1.000 -1.000 1.000 1.000 -1.000 -1.000 1.000 1.000 -1.000 -1.000 0.000 0.000 0.000 -1.000 -1.000 0.000 0.000 -1.000 -1.000 0.000 0.000 -1.000 -1.000 0.000 0.000 -1.000 -1.000
(Y)Z2+  1   1.000 1.000 -1.000 1.000 -1.000 1.000 -1.000 1.000 -1.000 1.000 -1.000 1.000 -1.000 1.000 -1.000 1.000 -1.000 0.000 0.000 -1.000 0.000 -1.000 0.000 -1.000 0.000 -1.000 0.000 -1.000 0.000 -1.000 0.000 -1.000 0.000 -1.000
(Y)Z2-  1   1.000 1.000 -1.000 -1.000 1.000 1.000 -1.000 -1.000 1.000 1.000 -1.000 -1.000 1.000 1.000 -1.000 -1.000 1.000 0.000 0.000 -1.000 -1.000 0.000 0.000 -1.000 -1.000 0.000 0.000 -1.000 -1.000 0.000 0.000 -1.000 -1.000 0.000
(Y)Z5  1   1.000 1.000 -0.000 -1.000 -0.000 -1.000 -0.000 1.000 -0.000 1.000 -0.000 -1.000 -0.000 -1.000 -0.000 1.000 -0.000 0.000 0.000 -0.500 -1.000 0.500 -1.000 0.500 0.000 -0.500 0.000 -0.500 -1.000 0.500 -1.000 0.500 0.000 -0.500
(Y)Z6  1   1.000 1.000 -0.000 -1.000 -0.000 -1.000 -0.000 1.000 -0.000 1.000 -0.000 -1.000 -0.000 -1.000 -0.000 1.000 -0.000 0.000 0.000 0.500 -1.000 -0.500 -1.000 -0.500 0.000 0.500 0.000 0.500 -1.000 -0.500 -1.000 -0.500 0.000 0.500



kpoint  Z : 0.000000 0.000000 0.500000 :  1 2 3 4
(Z)B1+  1   1.000 1.000 1.000 1.000 1.000 1.000 1.000 1.000 1.000 1.000 1.000 1.000 1.000 1.000 1.000 1.000 1.000
(Z)B1-  1   1.000 1.000 1.000 -1.000 -1.000 1.000 1.000 -1.000 -1.000 1.000 1.000 -1.000 -1.000 1.000 1.000 -1.000 -1.000 0.000 0.000 0.000 -1.000 -1.000 0.000 0.000 -1.000 -1.000 0.000 0.000 -1.000 -1.000 0.000 0.000 -1.000 -1.000
(Z)B2+  1   1.000 1.000 -1.000 1.000 -1.000 1.000 -1.000 1.000 -1.000 1.000 -1.000 1.000 -1.000 1.000 -1.000 1.000 -1.000 0.000 0.000 -1.000 0.000 -1.000 0.000 -1.000 0.000 -1.000 0.000 -1.000 0.000 -1.000 0.000 -1.000 0.000 -1.000
(Z)B2-  1   1.000 1.000 -1.000 -1.000 1.000 1.000 -1.000 -1.000 1.000 1.000 -1.000 -1.000 1.000 1.000 -1.000 -1.000 1.000 0.000 0.000 -1.000 -1.000 0.000 0.000 -1.000 -1.000 0.000 0.000 -1.000 -1.000 0.000 0.000 -1.000 -1.000 0.000
(Z)B5  1   1.000 1.000 -0.000 -1.000 -0.000 -1.000 -0.000 1.000 -0.000 1.000 -0.000 -1.000 -0.000 -1.000 -0.000 1.000 -0.000 0.000 0.000 -0.500 -1.000 0.500 -1.000 0.500 0.000 -0.500 0.000 -0.500 -1.000 0.500 -1.000 0.500 0.000 -0.500
(Z)B6  1   1.000 1.000 -0.000 -1.000 -0.000 -1.000 -0.000 1.000 -0.000 1.000 -0.000 -1.000 -0.000 -1.000 -0.000 1.000 -0.000 0.000 0.000 0.500 -1.000 -0.500 -1.000 -0.500 0.000 0.500 0.000 0.500 -1.000 -0.500 -1.000 -0.500 0.000 0.500
