SG=Pa-3
 name=205.33
 nsym=24
 spinor=False
symmetries=
               1 0 0   0 1 0   0 0 1   0 0 0
 -1 0 0   0 -1 0   0 0 1   0.50000 0 0.50000
 -1 0 0   0 1 0   0 0 -1   0 0.50000 0.50000
 1 0 0   0 -1 0   0 0 -1   0.50000 0.50000 0
               0 0 1   1 0 0   0 1 0   0 0 0
 0 0 1   -1 0 0   0 -1 0   0.50000 0.50000 0
 0 0 -1   -1 0 0   0 1 0   0.50000 0 0.50000
 0 0 -1   1 0 0   0 -1 0   0 0.50000 0.50000
               0 1 0   0 0 1   1 0 0   0 0 0
 0 -1 0   0 0 1   -1 0 0   0 0.50000 0.50000
 0 1 0   0 0 -1   -1 0 0   0.50000 0.50000 0
 0 -1 0   0 0 -1   1 0 0   0.50000 0 0.50000
            -1 0 0   0 -1 0   0 0 -1   0 0 0
  1 0 0   0 1 0   0 0 -1   0.50000 0 0.50000
  1 0 0   0 -1 0   0 0 1   0 0.50000 0.50000
  -1 0 0   0 1 0   0 0 1   0.50000 0.50000 0
            0 0 -1   -1 0 0   0 -1 0   0 0 0
  0 0 -1   1 0 0   0 1 0   0.50000 0.50000 0
  0 0 1   1 0 0   0 -1 0   0.50000 0 0.50000
  0 0 1   -1 0 0   0 1 0   0 0.50000 0.50000
            0 -1 0   0 0 -1   -1 0 0   0 0 0
  0 1 0   0 0 -1   1 0 0   0 0.50000 0.50000
  0 -1 0   0 0 1   1 0 0   0.50000 0.50000 0
  0 1 0   0 0 1   -1 0 0   0.50000 0 0.50000


kpoint  GM : 0.000000 0.000000 0.000000 :  1 2 3 4 5 6 7 8 9 10 11 12 13 14 15 16 17 18 19 20 21 22 23 24
GM1+  1   1.000 1.000 1.000 1.000 1.000 1.000 1.000 1.000 1.000 1.000 1.000 1.000 1.000 1.000 1.000 1.000 1.000 1.000 1.000 1.000 1.000 1.000 1.000 1.000 1.000 1.000 1.000 1.000 1.000 1.000 1.000 1.000 1.000 1.000 1.000 1.000 1.000 1.000 1.000 1.000 1.000 1.000 1.000 1.000 1.000 1.000 1.000 1.000 1.000
GM1-  1   1.000 1.000 1.000 1.000 1.000 1.000 1.000 1.000 1.000 1.000 1.000 1.000 1.000 -1.000 -1.000 -1.000 -1.000 -1.000 -1.000 -1.000 -1.000 -1.000 -1.000 -1.000 -1.000 1.000 1.000 1.000 1.000 1.000 1.000 1.000 1.000 1.000 1.000 1.000 1.000 -1.000 -1.000 -1.000 -1.000 -1.000 -1.000 -1.000 -1.000 -1.000 -1.000 -1.000 -1.000 0.000 0.000 0.000 0.000 0.000 0.000 0.000 0.000 0.000 0.000 0.000 0.000 0.000 -1.000 -1.000 -1.000 -1.000 -1.000 -1.000 -1.000 -1.000 -1.000 -1.000 -1.000 -1.000 0.000 0.000 0.000 0.000 0.000 0.000 0.000 0.000 0.000 0.000 0.000 0.000 -1.000 -1.000 -1.000 -1.000 -1.000 -1.000 -1.000 -1.000 -1.000 -1.000 -1.000 -1.000
GM10  2   2.000 2.000 0.000 0.000 0.000 -1.057 -1.057 -1.057 -1.057 -1.057 -1.057 -1.057 -1.057 -2.000 0.000 0.000 0.000 1.093 1.093 1.093 1.093 1.093 1.093 1.093 1.093 -2.000 0.000 0.000 0.000 1.093 1.093 1.093 1.093 1.093 1.093 1.093 1.093 2.000 0.000 0.000 0.000 -1.057 -1.057 -1.057 -1.057 -1.057 -1.057 -1.057 -1.057 0.000 0.000 0.000 0.000 0.000 0.906 0.906 0.906 0.906 -0.906 -0.906 -0.906 -0.906 -1.000 0.000 0.000 0.000 0.047 0.047 0.047 0.047 -0.047 -0.047 -0.047 -0.047 -1.000 0.000 0.000 0.000 0.047 0.047 0.047 0.047 -0.047 -0.047 -0.047 -0.047 0.000 0.000 0.000 0.000 0.906 0.906 0.906 0.906 -0.906 -0.906 -0.906 -0.906
GM2+  1   1.000 1.000 1.000 1.000 1.000 -0.500 -0.500 -0.500 -0.500 -0.500 -0.500 -0.500 -0.500 1.000 1.000 1.000 1.000 -0.500 -0.500 -0.500 -0.500 -0.500 -0.500 -0.500 -0.500 1.000 1.000 1.000 1.000 -0.500 -0.500 -0.500 -0.500 -0.500 -0.500 -0.500 -0.500 1.000 1.000 1.000 1.000 -0.500 -0.500 -0.500 -0.500 -0.500 -0.500 -0.500 -0.500 0.000 0.000 0.000 0.000 0.000 0.667 0.667 0.667 0.667 -0.667 -0.667 -0.667 -0.667 0.000 0.000 0.000 0.000 0.667 0.667 0.667 0.667 -0.667 -0.667 -0.667 -0.667 0.000 0.000 0.000 0.000 0.667 0.667 0.667 0.667 -0.667 -0.667 -0.667 -0.667 0.000 0.000 0.000 0.000 0.667 0.667 0.667 0.667 -0.667 -0.667 -0.667 -0.667
GM2-  1   1.000 1.000 1.000 1.000 1.000 -0.500 -0.500 -0.500 -0.500 -0.500 -0.500 -0.500 -0.500 -1.000 -1.000 -1.000 -1.000 0.500 0.500 0.500 0.500 0.500 0.500 0.500 0.500 1.000 1.000 1.000 1.000 -0.500 -0.500 -0.500 -0.500 -0.500 -0.500 -0.500 -0.500 -1.000 -1.000 -1.000 -1.000 0.500 0.500 0.500 0.500 0.500 0.500 0.500 0.500 0.000 0.000 0.000 0.000 0.000 0.667 0.667 0.667 0.667 -0.667 -0.667 -0.667 -0.667 -1.000 -1.000 -1.000 -1.000 -0.333 -0.333 -0.333 -0.333 0.333 0.333 0.333 0.333 0.000 0.000 0.000 0.000 0.667 0.667 0.667 0.667 -0.667 -0.667 -0.667 -0.667 -1.000 -1.000 -1.000 -1.000 -0.333 -0.333 -0.333 -0.333 0.333 0.333 0.333 0.333
GM3+  1   1.000 1.000 1.000 1.000 1.000 -0.500 -0.500 -0.500 -0.500 -0.500 -0.500 -0.500 -0.500 1.000 1.000 1.000 1.000 -0.500 -0.500 -0.500 -0.500 -0.500 -0.500 -0.500 -0.500 1.000 1.000 1.000 1.000 -0.500 -0.500 -0.500 -0.500 -0.500 -0.500 -0.500 -0.500 1.000 1.000 1.000 1.000 -0.500 -0.500 -0.500 -0.500 -0.500 -0.500 -0.500 -0.500 0.000 0.000 0.000 0.000 0.000 -0.667 -0.667 -0.667 -0.667 0.667 0.667 0.667 0.667 0.000 0.000 0.000 0.000 -0.667 -0.667 -0.667 -0.667 0.667 0.667 0.667 0.667 0.000 0.000 0.000 0.000 -0.667 -0.667 -0.667 -0.667 0.667 0.667 0.667 0.667 0.000 0.000 0.000 0.000 -0.667 -0.667 -0.667 -0.667 0.667 0.667 0.667 0.667
GM3-  1   1.000 1.000 1.000 1.000 1.000 -0.500 -0.500 -0.500 -0.500 -0.500 -0.500 -0.500 -0.500 -1.000 -1.000 -1.000 -1.000 0.500 0.500 0.500 0.500 0.500 0.500 0.500 0.500 1.000 1.000 1.000 1.000 -0.500 -0.500 -0.500 -0.500 -0.500 -0.500 -0.500 -0.500 -1.000 -1.000 -1.000 -1.000 0.500 0.500 0.500 0.500 0.500 0.500 0.500 0.500 0.000 0.000 0.000 0.000 0.000 -0.667 -0.667 -0.667 -0.667 0.667 0.667 0.667 0.667 -1.000 -1.000 -1.000 -1.000 0.333 0.333 0.333 0.333 -0.333 -0.333 -0.333 -0.333 0.000 0.000 0.000 0.000 -0.667 -0.667 -0.667 -0.667 0.667 0.667 0.667 0.667 -1.000 -1.000 -1.000 -1.000 0.333 0.333 0.333 0.333 -0.333 -0.333 -0.333 -0.333
GM4+  3   3.000 3.000 -1.000 -1.000 -1.000 0.000 0.000 0.000 0.000 0.000 0.000 0.000 0.000 3.000 -1.000 -1.000 -1.000 0.000 0.000 0.000 0.000 0.000 0.000 0.000 0.000 3.000 -1.000 -1.000 -1.000 0.000 0.000 0.000 0.000 0.000 0.000 0.000 0.000 3.000 -1.000 -1.000 -1.000 0.000 0.000 0.000 0.000 0.000 0.000 0.000 0.000 0.000 0.000 -1.000 -1.000 -1.000 0.000 0.000 0.000 0.000 0.000 0.000 0.000 0.000 0.000 -1.000 -1.000 -1.000 0.000 0.000 0.000 0.000 0.000 0.000 0.000 0.000 0.000 -1.000 -1.000 -1.000 0.000 0.000 0.000 0.000 0.000 0.000 0.000 0.000 0.000 -1.000 -1.000 -1.000 0.000 0.000 0.000 0.000 0.000 0.000 0.000 0.000
GM4-  3   3.000 3.000 -1.000 -1.000 -1.000 0.000 0.000 0.000 0.000 0.000 0.000 0.000 0.000 -3.000 1.000 1.000 1.000 0.000 0.000 0.000 0.000 0.000 0.000 0.000 0.000 3.000 -1.000 -1.000 -1.000 0.000 0.000 0.000 0.000 0.000 0.000 0.000 0.000 -3.000 1.000 1.000 1.000 0.000 0.000 0.000 0.000 0.000 0.000 0.000 0.000 0.000 0.000 -1.000 -1.000 -1.000 0.000 0.000 0.000 0.000 0.000 0.000 0.000 0.000 -1.000 -0.000 -0.000 -0.000 0.000 0.000 0.000 0.000 0.000 0.000 0.000 0.000 0.000 -1.000 -1.000 -1.000 0.000 0.000 0.000 0.000 0.000 0.000 0.000 0.000 -1.000 -0.000 -0.000 -0.000 0.000 0.000 0.000 0.000 0.000 0.000 0.000 0.000
GM8  2   2.000 2.000 0.000 0.000 0.000 -1.105 -1.105 -1.105 -1.105 -1.105 -1.105 -1.105 -1.105 -2.000 0.000 0.000 0.000 0.617 0.617 0.617 0.617 0.617 0.617 0.617 0.617 -2.000 0.000 0.000 0.000 0.617 0.617 0.617 0.617 0.617 0.617 0.617 0.617 2.000 0.000 0.000 0.000 -1.105 -1.105 -1.105 -1.105 -1.105 -1.105 -1.105 -1.105 0.000 0.000 0.000 0.000 0.000 1.000 1.000 1.000 1.000 1.000 1.000 1.000 1.000 -1.000 0.000 0.000 0.000 0.000 0.000 0.000 0.000 0.000 0.000 0.000 0.000 -1.000 0.000 0.000 0.000 0.000 0.000 0.000 0.000 0.000 0.000 0.000 0.000 0.000 0.000 0.000 0.000 1.000 1.000 1.000 1.000 1.000 1.000 1.000 1.000
GM9  2   2.000 2.000 0.000 0.000 0.000 -1.057 -1.057 -1.057 -1.057 -1.057 -1.057 -1.057 -1.057 -2.000 0.000 0.000 0.000 1.093 1.093 1.093 1.093 1.093 1.093 1.093 1.093 -2.000 0.000 0.000 0.000 1.093 1.093 1.093 1.093 1.093 1.093 1.093 1.093 2.000 0.000 0.000 0.000 -1.057 -1.057 -1.057 -1.057 -1.057 -1.057 -1.057 -1.057 0.000 0.000 0.000 0.000 0.000 -0.906 -0.906 -0.906 -0.906 0.906 0.906 0.906 0.906 -1.000 0.000 0.000 0.000 -0.047 -0.047 -0.047 -0.047 0.047 0.047 0.047 0.047 -1.000 0.000 0.000 0.000 -0.047 -0.047 -0.047 -0.047 0.047 0.047 0.047 0.047 0.000 0.000 0.000 0.000 -0.906 -0.906 -0.906 -0.906 0.906 0.906 0.906 0.906



kpoint  M : 0.500000 0.500000 0.000000 ; M  :  0.5 0.5 0.0 :  1 2 3 4 5 6 7 8
M1  2   2.000 2.000 0.000 0.000 -0.000 0.000 0.000 0.000 0.000 2.000 0.000 0.000 -0.000 0.000 0.000 0.000 0.000 0.000 0.000 0.000 0.000 0.500 0.000 0.000 0.000 0.000 0.000 0.000 0.000 0.500 0.000 0.000 0.000 0.000
M2  2   2.000 2.000 0.000 0.000 -0.000 0.000 0.000 0.000 0.000 2.000 0.000 0.000 -0.000 0.000 0.000 0.000 0.000 0.000 0.000 0.000 0.000 -0.500 0.000 0.000 0.000 0.000 0.000 0.000 0.000 -0.500 0.000 0.000 0.000 0.000



kpoint  R : 0.500000 0.500000 0.500000 ; R  :  0.5 0.5 0.5 :  1 2 3 4 5 6 7 8 9 10 11 12 13 14 15 16 17 18 19 20 21 22 23 24
R1+  2   2.000 2.000 0.000 0.000 0.000 1.093 1.093 1.093 1.093 1.093 -1.057 -1.057 -1.057 2.000 0.000 0.000 0.000 1.093 1.093 1.093 1.093 1.093 -1.057 -1.057 -1.057 2.000 0.000 0.000 0.000 1.093 1.093 1.093 1.093 1.093 -1.057 -1.057 -1.057 2.000 0.000 0.000 0.000 1.093 1.093 1.093 1.093 1.093 -1.057 -1.057 -1.057 0.000 0.000 0.000 0.000 0.000 0.047 0.047 0.047 0.047 -0.047 -0.906 -0.906 -0.906 0.000 0.000 0.000 0.000 0.047 0.047 0.047 0.047 -0.047 -0.906 -0.906 -0.906 0.000 0.000 0.000 0.000 0.047 0.047 0.047 0.047 -0.047 -0.906 -0.906 -0.906 0.000 0.000 0.000 0.000 0.047 0.047 0.047 0.047 -0.047 -0.906 -0.906 -0.906
R1-  2   2.000 2.000 0.000 0.000 0.000 1.093 1.093 1.093 1.093 1.093 -1.057 -1.057 -1.057 -2.000 0.000 0.000 0.000 -1.057 -1.057 -1.057 -1.057 -1.057 1.093 1.093 1.093 2.000 0.000 0.000 0.000 1.093 1.093 1.093 1.093 1.093 -1.057 -1.057 -1.057 -2.000 0.000 0.000 0.000 -1.057 -1.057 -1.057 -1.057 -1.057 1.093 1.093 1.093 0.000 0.000 0.000 0.000 0.000 0.047 0.047 0.047 0.047 -0.047 -0.906 -0.906 -0.906 -1.000 0.000 0.000 0.000 0.906 0.906 0.906 0.906 -0.906 -0.047 -0.047 -0.047 0.000 0.000 0.000 0.000 0.047 0.047 0.047 0.047 -0.047 -0.906 -0.906 -0.906 -1.000 0.000 0.000 0.000 0.906 0.906 0.906 0.906 -0.906 -0.047 -0.047 -0.047
R11  3   3.000 3.000 1.000 1.000 1.000 0.000 0.000 0.000 0.000 0.000 0.000 0.000 0.000 -3.000 -1.000 -1.000 -1.000 0.000 0.000 0.000 0.000 0.000 0.000 0.000 0.000 -3.000 -1.000 -1.000 -1.000 0.000 0.000 0.000 0.000 0.000 0.000 0.000 0.000 3.000 1.000 1.000 1.000 0.000 0.000 0.000 0.000 0.000 0.000 0.000 0.000 0.000 0.000 -0.000 -0.000 -0.000 0.000 0.000 0.000 0.000 0.000 0.000 0.000 0.000 -1.000 -1.000 -1.000 -1.000 0.000 0.000 0.000 0.000 0.000 0.000 0.000 0.000 -1.000 -1.000 -1.000 -1.000 0.000 0.000 0.000 0.000 0.000 0.000 0.000 0.000 0.000 -0.000 -0.000 -0.000 0.000 0.000 0.000 0.000 0.000 0.000 0.000 0.000
R2+  2   2.000 2.000 0.000 0.000 0.000 0.617 0.617 0.617 0.617 0.617 -1.105 -1.105 -1.105 2.000 0.000 0.000 0.000 0.617 0.617 0.617 0.617 0.617 -1.105 -1.105 -1.105 2.000 0.000 0.000 0.000 0.617 0.617 0.617 0.617 0.617 -1.105 -1.105 -1.105 2.000 0.000 0.000 0.000 0.617 0.617 0.617 0.617 0.617 -1.105 -1.105 -1.105
R2-  2   2.000 2.000 0.000 0.000 0.000 0.617 0.617 0.617 0.617 0.617 -1.105 -1.105 -1.105 -2.000 0.000 0.000 0.000 -1.105 -1.105 -1.105 -1.105 -1.105 0.617 0.617 0.617 2.000 0.000 0.000 0.000 0.617 0.617 0.617 0.617 0.617 -1.105 -1.105 -1.105 -2.000 0.000 0.000 0.000 -1.105 -1.105 -1.105 -1.105 -1.105 0.617 0.617 0.617 0.000 0.000 0.000 0.000 0.000 0.000 0.000 0.000 0.000 0.000 1.000 1.000 1.000 -1.000 0.000 0.000 0.000 1.000 1.000 1.000 1.000 1.000 0.000 0.000 0.000 0.000 0.000 0.000 0.000 0.000 0.000 0.000 0.000 0.000 1.000 1.000 1.000 -1.000 0.000 0.000 0.000 1.000 1.000 1.000 1.000 1.000 0.000 0.000 0.000
R3+  2   2.000 2.000 0.000 0.000 0.000 1.093 1.093 1.093 1.093 1.093 -1.057 -1.057 -1.057 2.000 0.000 0.000 0.000 1.093 1.093 1.093 1.093 1.093 -1.057 -1.057 -1.057 2.000 0.000 0.000 0.000 1.093 1.093 1.093 1.093 1.093 -1.057 -1.057 -1.057 2.000 0.000 0.000 0.000 1.093 1.093 1.093 1.093 1.093 -1.057 -1.057 -1.057 0.000 0.000 0.000 0.000 0.000 -0.047 -0.047 -0.047 -0.047 0.047 0.906 0.906 0.906 0.000 0.000 0.000 0.000 -0.047 -0.047 -0.047 -0.047 0.047 0.906 0.906 0.906 0.000 0.000 0.000 0.000 -0.047 -0.047 -0.047 -0.047 0.047 0.906 0.906 0.906 0.000 0.000 0.000 0.000 -0.047 -0.047 -0.047 -0.047 0.047 0.906 0.906 0.906
R3-  2   2.000 2.000 0.000 0.000 0.000 1.093 1.093 1.093 1.093 1.093 -1.057 -1.057 -1.057 -2.000 0.000 0.000 0.000 -1.057 -1.057 -1.057 -1.057 -1.057 1.093 1.093 1.093 2.000 0.000 0.000 0.000 1.093 1.093 1.093 1.093 1.093 -1.057 -1.057 -1.057 -2.000 0.000 0.000 0.000 -1.057 -1.057 -1.057 -1.057 -1.057 1.093 1.093 1.093 0.000 0.000 0.000 0.000 0.000 -0.047 -0.047 -0.047 -0.047 0.047 0.906 0.906 0.906 -1.000 0.000 0.000 0.000 -0.906 -0.906 -0.906 -0.906 0.906 0.047 0.047 0.047 0.000 0.000 0.000 0.000 -0.047 -0.047 -0.047 -0.047 0.047 0.906 0.906 0.906 -1.000 0.000 0.000 0.000 -0.906 -0.906 -0.906 -0.906 0.906 0.047 0.047 0.047
R7  1   1.000 1.000 -1.000 -1.000 -1.000 -1.000 -1.000 -1.000 -1.000 -1.000 1.000 1.000 1.000 -1.000 1.000 1.000 1.000 1.000 1.000 1.000 1.000 1.000 -1.000 -1.000 -1.000 -1.000 1.000 1.000 1.000 1.000 1.000 1.000 1.000 1.000 -1.000 -1.000 -1.000 1.000 -1.000 -1.000 -1.000 -1.000 -1.000 -1.000 -1.000 -1.000 1.000 1.000 1.000 0.000 0.000 -1.000 -1.000 -1.000 -1.000 -1.000 -1.000 -1.000 -1.000 0.000 0.000 0.000 -1.000 0.000 0.000 0.000 0.000 0.000 0.000 0.000 0.000 -1.000 -1.000 -1.000 -1.000 0.000 0.000 0.000 0.000 0.000 0.000 0.000 0.000 -1.000 -1.000 -1.000 0.000 -1.000 -1.000 -1.000 -1.000 -1.000 -1.000 -1.000 -1.000 0.000 0.000 0.000
R8  1   1.000 1.000 -1.000 -1.000 -1.000 0.500 0.500 0.500 0.500 0.500 -0.500 -0.500 -0.500 -1.000 1.000 1.000 1.000 -0.500 -0.500 -0.500 -0.500 -0.500 0.500 0.500 0.500 -1.000 1.000 1.000 1.000 -0.500 -0.500 -0.500 -0.500 -0.500 0.500 0.500 0.500 1.000 -1.000 -1.000 -1.000 0.500 0.500 0.500 0.500 0.500 -0.500 -0.500 -0.500 0.000 0.000 -1.000 -1.000 -1.000 -0.333 -0.333 -0.333 -0.333 0.333 -0.667 -0.667 -0.667 -1.000 0.000 0.000 0.000 0.667 0.667 0.667 0.667 -0.667 0.333 0.333 0.333 -1.000 0.000 0.000 0.000 0.667 0.667 0.667 0.667 -0.667 0.333 0.333 0.333 0.000 -1.000 -1.000 -1.000 -0.333 -0.333 -0.333 -0.333 0.333 -0.667 -0.667 -0.667
R9  1   1.000 1.000 -1.000 -1.000 -1.000 0.500 0.500 0.500 0.500 0.500 -0.500 -0.500 -0.500 -1.000 1.000 1.000 1.000 -0.500 -0.500 -0.500 -0.500 -0.500 0.500 0.500 0.500 -1.000 1.000 1.000 1.000 -0.500 -0.500 -0.500 -0.500 -0.500 0.500 0.500 0.500 1.000 -1.000 -1.000 -1.000 0.500 0.500 0.500 0.500 0.500 -0.500 -0.500 -0.500 0.000 0.000 -1.000 -1.000 -1.000 0.333 0.333 0.333 0.333 -0.333 0.667 0.667 0.667 -1.000 0.000 0.000 0.000 -0.667 -0.667 -0.667 -0.667 0.667 -0.333 -0.333 -0.333 -1.000 0.000 0.000 0.000 -0.667 -0.667 -0.667 -0.667 0.667 -0.333 -0.333 -0.333 0.000 -1.000 -1.000 -1.000 0.333 0.333 0.333 0.333 -0.333 0.667 0.667 0.667



kpoint  X : 0.000000 0.500000 0.000000 ; X  :  0.0 0.5 0.0 :  1 2 3 4 5 6 7 8
X1  2   2.000 2.000 0.000 0.000 0.000 0.000 -2.000 0.000 0.000 2.000 0.000 0.000 0.000 0.000 -2.000 0.000 0.000 0.000 0.000 0.000 0.000 0.000 0.000 -1.000 0.000 0.000 0.000 0.000 0.000 0.000 0.000 -1.000 0.000 0.000
X2  2   2.000 2.000 0.000 0.000 0.000 0.000 2.000 0.000 0.000 2.000 0.000 0.000 0.000 0.000 2.000 0.000 0.000
