SG=Im-3m'
 name=229.143
 nsym=24
 spinor=True
symmetries=
    1 0 0   0 1 0   0 0 1   0 0 0                                                                                                                            1.0 0.0 0.0 1.0    0.0 0.0 0.0 0.0
  -1 0 0   0 -1 0   0 0 1   0 0 0                                                                                                                           1.0 0.0 0.0 1.0    -0.5 0.0 0.0 0.5
  -1 0 0   0 1 0   0 0 -1   0 0 0                                                                                                                            0.0 1.0 1.0 0.0    0.0 1.0 0.0 0.0
  1 0 0   0 -1 0   0 0 -1   0 0 0                                                                                                                          0.0 1.0 1.0 0.0    0.0 -0.5 -0.5 0.0
    0 0 1   1 0 0   0 1 0   0 0 0  0.7071067811865476 0.7071067811865476 0.7071067811865476 0.7071067811865476    -0.7853981633974483 -2.356194490192345 -0.7853981633974483 0.7853981633974483
  0 0 1   -1 0 0   0 -1 0   0 0 0    0.7071067811865476 0.7071067811865476 0.7071067811865476 0.7071067811865476    0.7853981633974483 2.356194490192345 0.7853981633974483 -0.7853981633974483
  0 0 -1   -1 0 0   0 1 0   0 0 0  0.7071067811865476 0.7071067811865476 0.7071067811865476 0.7071067811865476    0.7853981633974483 -0.7853981633974483 -2.356194490192345 -0.7853981633974483
  0 0 -1   1 0 0   0 -1 0   0 0 0    0.7071067811865476 0.7071067811865476 0.7071067811865476 0.7071067811865476    -0.7853981633974483 0.7853981633974483 2.356194490192345 0.7853981633974483
    0 1 0   0 0 1   1 0 0   0 0 0    0.7071067811865476 0.7071067811865476 0.7071067811865476 0.7071067811865476    0.7853981633974483 0.7853981633974483 2.356194490192345 -0.7853981633974483
  0 -1 0   0 0 1   -1 0 0   0 0 0    0.7071067811865476 0.7071067811865476 0.7071067811865476 0.7071067811865476    -0.7853981633974483 2.356194490192345 0.7853981633974483 0.7853981633974483
  0 1 0   0 0 -1   -1 0 0   0 0 0  0.7071067811865476 0.7071067811865476 0.7071067811865476 0.7071067811865476    0.7853981633974483 -2.356194490192345 -0.7853981633974483 -0.7853981633974483
  0 -1 0   0 0 -1   1 0 0   0 0 0  0.7071067811865476 0.7071067811865476 0.7071067811865476 0.7071067811865476    -0.7853981633974483 -0.7853981633974483 -2.356194490192345 0.7853981633974483
 -1 0 0   0 -1 0   0 0 -1   0 0 0                                                                                                                            1.0 0.0 0.0 1.0    0.0 0.0 0.0 0.0
   1 0 0   0 1 0   0 0 -1   0 0 0                                                                                                                           1.0 0.0 0.0 1.0    -0.5 0.0 0.0 0.5
   1 0 0   0 -1 0   0 0 1   0 0 0                                                                                                                            0.0 1.0 1.0 0.0    0.0 1.0 0.0 0.0
   -1 0 0   0 1 0   0 0 1   0 0 0                                                                                                                          0.0 1.0 1.0 0.0    0.0 -0.5 -0.5 0.0
 0 0 -1   -1 0 0   0 -1 0   0 0 0  0.7071067811865476 0.7071067811865476 0.7071067811865476 0.7071067811865476    -0.7853981633974483 -2.356194490192345 -0.7853981633974483 0.7853981633974483
   0 0 -1   1 0 0   0 1 0   0 0 0    0.7071067811865476 0.7071067811865476 0.7071067811865476 0.7071067811865476    0.7853981633974483 2.356194490192345 0.7853981633974483 -0.7853981633974483
   0 0 1   1 0 0   0 -1 0   0 0 0  0.7071067811865476 0.7071067811865476 0.7071067811865476 0.7071067811865476    0.7853981633974483 -0.7853981633974483 -2.356194490192345 -0.7853981633974483
   0 0 1   -1 0 0   0 1 0   0 0 0    0.7071067811865476 0.7071067811865476 0.7071067811865476 0.7071067811865476    -0.7853981633974483 0.7853981633974483 2.356194490192345 0.7853981633974483
 0 -1 0   0 0 -1   -1 0 0   0 0 0    0.7071067811865476 0.7071067811865476 0.7071067811865476 0.7071067811865476    0.7853981633974483 0.7853981633974483 2.356194490192345 -0.7853981633974483
   0 1 0   0 0 -1   1 0 0   0 0 0    0.7071067811865476 0.7071067811865476 0.7071067811865476 0.7071067811865476    -0.7853981633974483 2.356194490192345 0.7853981633974483 0.7853981633974483
   0 -1 0   0 0 1   1 0 0   0 0 0  0.7071067811865476 0.7071067811865476 0.7071067811865476 0.7071067811865476    0.7853981633974483 -2.356194490192345 -0.7853981633974483 -0.7853981633974483
   0 1 0   0 0 1   -1 0 0   0 0 0  0.7071067811865476 0.7071067811865476 0.7071067811865476 0.7071067811865476    -0.7853981633974483 -0.7853981633974483 -2.356194490192345 0.7853981633974483


 kpoint  GM : 0.000000 0.000000 0.000000  : 1 2 3 4 5 6 7 8 9 10 11 12 13 14 15 16 17 18 19 20 21 22 23 24
-GM10  2    2.000 0.000 0.000 0.000 1.105 1.105 1.105 1.105 1.105 1.105 1.105 1.105 2.000 0.000 0.000 0.000 1.105 1.105 1.105 1.105 1.105 1.105 1.105 1.105 1.414 1.414 0.000 0.000 0.312 1.414 1.414 0.312 1.414 0.312 1.414 0.312 1.414 1.414 0.000 0.000 0.312 1.414 1.414 0.312 1.414 0.312 1.414 0.312 0.000 0.000 0.000 0.000 0.906 0.906 0.906 0.906 -0.906 -0.906 -0.906 -0.906 -1.000 0.000 0.000 0.000 0.047 0.047 0.047 0.047 -0.047 -0.047 -0.047 -0.047 1.000 1.000 0.000 0.000 0.953 0.094 0.094 0.953 -0.953 -0.953 -0.094 -0.953 0.000 0.000 0.000 0.000 0.953 0.953 0.953 0.953 -0.094 -0.953 -0.953 -0.953
-GM5  2    2.000 0.000 0.000 0.000 -1.105 -1.105 -1.105 -1.105 -1.105 -1.105 -1.105 -1.105 2.000 0.000 0.000 0.000 -1.105 -1.105 -1.105 -1.105 -1.105 -1.105 -1.105 -1.105 -1.414 -1.414 0.000 0.000 0.000 1.414 1.414 0.000 -1.414 0.000 1.414 0.000 -1.414 -1.414 0.000 0.000 0.000 1.414 1.414 0.000 -1.414 0.000 1.414 0.000
-GM6  2    2.000 0.000 0.000 0.000 1.105 1.105 1.105 1.105 1.105 1.105 1.105 1.105 2.000 0.000 0.000 0.000 1.105 1.105 1.105 1.105 1.105 1.105 1.105 1.105 1.414 1.414 0.000 0.000 0.312 1.414 1.414 0.312 1.414 0.312 1.414 0.312 1.414 1.414 0.000 0.000 0.312 1.414 1.414 0.312 1.414 0.312 1.414 0.312 0.000 0.000 0.000 0.000 -0.906 -0.906 -0.906 -0.906 0.906 0.906 0.906 0.906 0.000 0.000 0.000 0.000 -0.906 -0.906 -0.906 -0.906 0.906 0.906 0.906 0.906 1.000 1.000 0.000 0.000 -0.953 -0.094 -0.094 -0.953 0.953 0.953 0.094 0.953 1.000 1.000 0.000 0.000 -0.953 -0.094 -0.094 -0.953 0.953 0.953 0.094 0.953
-GM7  2    2.000 0.000 0.000 0.000 1.105 1.105 1.105 1.105 1.105 1.105 1.105 1.105 2.000 0.000 0.000 0.000 1.105 1.105 1.105 1.105 1.105 1.105 1.105 1.105 1.414 1.414 0.000 0.000 0.312 1.414 1.414 0.312 1.414 0.312 1.414 0.312 1.414 1.414 0.000 0.000 0.312 1.414 1.414 0.312 1.414 0.312 1.414 0.312 0.000 0.000 0.000 0.000 0.906 0.906 0.906 0.906 -0.906 -0.906 -0.906 -0.906 0.000 0.000 0.000 0.000 0.906 0.906 0.906 0.906 -0.906 -0.906 -0.906 -0.906 1.000 1.000 0.000 0.000 0.953 0.094 0.094 0.953 -0.953 -0.953 -0.094 -0.953 1.000 1.000 0.000 0.000 0.953 0.094 0.094 0.953 -0.953 -0.953 -0.094 -0.953
-GM8  2    2.000 0.000 0.000 0.000 -1.105 -1.105 -1.105 -1.105 -1.105 -1.105 -1.105 -1.105 -2.000 0.000 0.000 0.000 0.617 0.617 0.617 0.617 0.617 0.617 0.617 0.617 -1.414 -1.414 0.000 0.000 0.000 1.414 1.414 0.000 -1.414 0.000 1.414 0.000 1.414 1.414 0.000 0.000 0.000 -1.414 -1.414 0.000 1.414 0.000 -1.414 0.000
-GM9  2    2.000 0.000 0.000 0.000 1.105 1.105 1.105 1.105 1.105 1.105 1.105 1.105 2.000 0.000 0.000 0.000 1.105 1.105 1.105 1.105 1.105 1.105 1.105 1.105 1.414 1.414 0.000 0.000 0.312 1.414 1.414 0.312 1.414 0.312 1.414 0.312 1.414 1.414 0.000 0.000 0.312 1.414 1.414 0.312 1.414 0.312 1.414 0.312 0.000 0.000 0.000 0.000 -0.906 -0.906 -0.906 -0.906 0.906 0.906 0.906 0.906 -1.000 0.000 0.000 0.000 -0.047 -0.047 -0.047 -0.047 0.047 0.047 0.047 0.047 1.000 1.000 0.000 0.000 -0.953 -0.094 -0.094 -0.953 0.953 0.953 0.094 0.953 0.000 0.000 0.000 0.000 -0.953 -0.953 -0.953 -0.953 0.094 0.953 0.953 0.953



 kpoint  H : 0.500000 0.500000 0.500000  : 1 2 3 4 5 6 7 8 9 10 11 12 13 14 15 16 17 18 19 20 21 22 23 24
-H10  2    2.000 0.000 0.000 0.000 1.105 1.105 1.105 1.105 1.105 1.105 1.105 1.105 2.000 0.000 0.000 0.000 1.105 1.105 1.105 1.105 1.105 1.105 1.105 1.105 1.414 1.414 0.000 0.000 0.312 1.414 1.414 0.312 1.414 0.312 1.414 0.312 1.414 1.414 0.000 0.000 0.312 1.414 1.414 0.312 1.414 0.312 1.414 0.312 0.000 0.000 0.000 0.000 0.906 0.906 0.906 0.906 -0.906 -0.906 -0.906 -0.906 -1.000 0.000 0.000 0.000 0.047 0.047 0.047 0.047 -0.047 -0.047 -0.047 -0.047 1.000 1.000 0.000 0.000 0.953 0.094 0.094 0.953 -0.953 -0.953 -0.094 -0.953 0.000 0.000 0.000 0.000 0.953 0.953 0.953 0.953 -0.094 -0.953 -0.953 -0.953
-H5  2    2.000 0.000 0.000 0.000 -1.105 -1.105 -1.105 -1.105 -1.105 -1.105 -1.105 -1.105 2.000 0.000 0.000 0.000 -1.105 -1.105 -1.105 -1.105 -1.105 -1.105 -1.105 -1.105 -1.414 -1.414 0.000 0.000 0.000 1.414 1.414 0.000 -1.414 0.000 1.414 0.000 -1.414 -1.414 0.000 0.000 0.000 1.414 1.414 0.000 -1.414 0.000 1.414 0.000
-H6  2    2.000 0.000 0.000 0.000 1.105 1.105 1.105 1.105 1.105 1.105 1.105 1.105 2.000 0.000 0.000 0.000 1.105 1.105 1.105 1.105 1.105 1.105 1.105 1.105 1.414 1.414 0.000 0.000 0.312 1.414 1.414 0.312 1.414 0.312 1.414 0.312 1.414 1.414 0.000 0.000 0.312 1.414 1.414 0.312 1.414 0.312 1.414 0.312 0.000 0.000 0.000 0.000 -0.906 -0.906 -0.906 -0.906 0.906 0.906 0.906 0.906 0.000 0.000 0.000 0.000 -0.906 -0.906 -0.906 -0.906 0.906 0.906 0.906 0.906 1.000 1.000 0.000 0.000 -0.953 -0.094 -0.094 -0.953 0.953 0.953 0.094 0.953 1.000 1.000 0.000 0.000 -0.953 -0.094 -0.094 -0.953 0.953 0.953 0.094 0.953
-H7  2    2.000 0.000 0.000 0.000 1.105 1.105 1.105 1.105 1.105 1.105 1.105 1.105 2.000 0.000 0.000 0.000 1.105 1.105 1.105 1.105 1.105 1.105 1.105 1.105 1.414 1.414 0.000 0.000 0.312 1.414 1.414 0.312 1.414 0.312 1.414 0.312 1.414 1.414 0.000 0.000 0.312 1.414 1.414 0.312 1.414 0.312 1.414 0.312 0.000 0.000 0.000 0.000 0.906 0.906 0.906 0.906 -0.906 -0.906 -0.906 -0.906 0.000 0.000 0.000 0.000 0.906 0.906 0.906 0.906 -0.906 -0.906 -0.906 -0.906 1.000 1.000 0.000 0.000 0.953 0.094 0.094 0.953 -0.953 -0.953 -0.094 -0.953 1.000 1.000 0.000 0.000 0.953 0.094 0.094 0.953 -0.953 -0.953 -0.094 -0.953
-H8  2    2.000 0.000 0.000 0.000 -1.105 -1.105 -1.105 -1.105 -1.105 -1.105 -1.105 -1.105 -2.000 0.000 0.000 0.000 0.617 0.617 0.617 0.617 0.617 0.617 0.617 0.617 -1.414 -1.414 0.000 0.000 0.000 1.414 1.414 0.000 -1.414 0.000 1.414 0.000 1.414 1.414 0.000 0.000 0.000 -1.414 -1.414 0.000 1.414 0.000 -1.414 0.000
-H9  2    2.000 0.000 0.000 0.000 1.105 1.105 1.105 1.105 1.105 1.105 1.105 1.105 2.000 0.000 0.000 0.000 1.105 1.105 1.105 1.105 1.105 1.105 1.105 1.105 1.414 1.414 0.000 0.000 0.312 1.414 1.414 0.312 1.414 0.312 1.414 0.312 1.414 1.414 0.000 0.000 0.312 1.414 1.414 0.312 1.414 0.312 1.414 0.312 0.000 0.000 0.000 0.000 -0.906 -0.906 -0.906 -0.906 0.906 0.906 0.906 0.906 -1.000 0.000 0.000 0.000 -0.047 -0.047 -0.047 -0.047 0.047 0.047 0.047 0.047 1.000 1.000 0.000 0.000 -0.953 -0.094 -0.094 -0.953 0.953 0.953 0.094 0.953 0.000 0.000 0.000 0.000 -0.953 -0.953 -0.953 -0.953 0.094 0.953 0.953 0.953



 kpoint  N : 0.000000 0.000000 0.500000  : 1 2 13 14
-N3  1    1.000 1.000 1.000 1.000 1.000 1.000 1.000 1.000 0.000 -0.500 0.000 -0.500 0.750 0.250 0.750 0.250
-N4  1    1.000 1.000 1.000 1.000 1.000 1.000 1.000 1.000 0.000 0.500 0.000 0.500 -0.750 -0.250 -0.750 -0.250
-N5  1    1.000 1.000 1.000 1.000 1.000 1.000 1.000 1.000 0.000 -0.500 -1.000 0.500 0.750 0.250 -0.250 -0.750
-N6  1    1.000 1.000 1.000 1.000 1.000 1.000 1.000 1.000 0.000 0.500 -1.000 -0.500 -0.750 -0.250 0.250 0.750



 kpoint  P : 0.250000 0.250000 0.250000  : 1 2 3 4 5 6 7 8 9 10 11 12 13 17 18 19 20 21 22 23 24
-P5  2    2.000 0.000 0.000 0.000 -1.105 -1.105 -1.105 -1.105 -1.105 -1.105 -1.105 -1.105 -1.414 -1.414 0.000 0.000 0.000 1.414 1.414 0.000 -1.414 0.000 1.414 0.000
-P6  2    2.000 0.000 0.000 0.000 1.105 1.105 1.105 1.105 1.105 1.105 1.105 1.105 1.414 1.414 0.000 0.000 0.312 1.414 1.414 0.312 1.414 0.312 1.414 0.312 0.000 0.000 0.000 0.000 -0.906 -0.906 -0.906 -0.906 0.906 0.906 0.906 0.906 1.000 1.000 0.000 0.000 -0.953 -0.094 -0.094 -0.953 0.953 0.953 0.094 0.953
-P7  2    2.000 0.000 0.000 0.000 1.105 1.105 1.105 1.105 1.105 1.105 1.105 1.105 1.414 1.414 0.000 0.000 0.312 1.414 1.414 0.312 1.414 0.312 1.414 0.312 0.000 0.000 0.000 0.000 0.906 0.906 0.906 0.906 -0.906 -0.906 -0.906 -0.906 1.000 1.000 0.000 0.000 0.953 0.094 0.094 0.953 -0.953 -0.953 -0.094 -0.953
