SG=I231'
 name=197.8
 nsym=12
 spinor=True
symmetries=
   1 0 0   0 1 0   0 0 1   0 0 0                                                                                                                            1.0 0.0 0.0 1.0    0.0 0.0 0.0 0.0
 -1 0 0   0 -1 0   0 0 1   0 0 0                                                                                                                           1.0 0.0 0.0 1.0    -0.5 0.0 0.0 0.5
 -1 0 0   0 1 0   0 0 -1   0 0 0                                                                                                                            0.0 1.0 1.0 0.0    0.0 1.0 0.0 0.0
 1 0 0   0 -1 0   0 0 -1   0 0 0                                                                                                                          0.0 1.0 1.0 0.0    0.0 -0.5 -0.5 0.0
   0 0 1   1 0 0   0 1 0   0 0 0  0.7071067811865476 0.7071067811865476 0.7071067811865476 0.7071067811865476    -0.7853981633974483 -2.356194490192345 -0.7853981633974483 0.7853981633974483
 0 0 1   -1 0 0   0 -1 0   0 0 0    0.7071067811865476 0.7071067811865476 0.7071067811865476 0.7071067811865476    0.7853981633974483 2.356194490192345 0.7853981633974483 -0.7853981633974483
 0 0 -1   -1 0 0   0 1 0   0 0 0  0.7071067811865476 0.7071067811865476 0.7071067811865476 0.7071067811865476    0.7853981633974483 -0.7853981633974483 -2.356194490192345 -0.7853981633974483
 0 0 -1   1 0 0   0 -1 0   0 0 0    0.7071067811865476 0.7071067811865476 0.7071067811865476 0.7071067811865476    -0.7853981633974483 0.7853981633974483 2.356194490192345 0.7853981633974483
   0 1 0   0 0 1   1 0 0   0 0 0    0.7071067811865476 0.7071067811865476 0.7071067811865476 0.7071067811865476    0.7853981633974483 0.7853981633974483 2.356194490192345 -0.7853981633974483
 0 -1 0   0 0 1   -1 0 0   0 0 0    0.7071067811865476 0.7071067811865476 0.7071067811865476 0.7071067811865476    -0.7853981633974483 2.356194490192345 0.7853981633974483 0.7853981633974483
 0 1 0   0 0 -1   -1 0 0   0 0 0  0.7071067811865476 0.7071067811865476 0.7071067811865476 0.7071067811865476    0.7853981633974483 -2.356194490192345 -0.7853981633974483 -0.7853981633974483
 0 -1 0   0 0 -1   1 0 0   0 0 0  0.7071067811865476 0.7071067811865476 0.7071067811865476 0.7071067811865476    -0.7853981633974483 -0.7853981633974483 -2.356194490192345 0.7853981633974483


kpoint  GM : 0.000000 0.000000 0.000000 :  1 2 3 4 5 6 7 8 9 10 11 12
-GM5  2   2.000 2.000 0.000 0.000 0.000 -1.105 -1.105 -1.105 -1.105 -1.105 -1.105 -1.105 -1.105 -2.000 0.000 0.000 0.000 0.617 0.617 0.617 0.617 0.617 0.617 0.617 0.617 0.000 0.000 2.000 0.000 -1.105 -1.105 0.617 0.617 0.617 -1.105 -1.105 0.617 0.000 0.000 -2.000 0.000 0.617 0.617 -1.105 -1.105 -1.105 0.617 0.617 -1.105 0.000 0.000 0.000 0.000 0.000 1.000 1.000 1.000 1.000 1.000 1.000 1.000 1.000 -1.000 0.000 0.000 0.000 0.000 0.000 0.000 0.000 0.000 0.000 0.000 0.000 0.000 0.000 0.000 0.000 1.000 1.000 0.000 0.000 0.000 1.000 1.000 0.000 0.000 0.000 -1.000 0.000 0.000 0.000 1.000 1.000 1.000 0.000 0.000 1.000
-GM6GM7  4   4.000 4.000 0.000 0.000 0.000 -2.113 -2.113 -2.113 -2.113 -2.113 -2.113 -2.113 -2.113 -4.000 0.000 0.000 0.000 2.185 2.185 2.185 2.185 2.185 2.185 2.185 2.185 0.000 0.000 0.000 0.000 0.000 0.000 0.000 0.000 0.000 0.000 0.000 0.000 0.000 0.000 0.000 0.000 0.000 0.000 0.000 0.000 0.000 0.000 0.000 0.000 0.000 0.000 0.000 0.000 0.000 1.000 1.000 1.000 1.000 1.000 1.000 1.000 1.000 -1.000 0.000 0.000 0.000 0.000 0.000 0.000 0.000 0.000 0.000 0.000 0.000 0.000 0.000 0.000 0.000 0.000 0.000 0.000 0.000 0.000 0.000 0.000 0.000 0.000 0.000 0.000 0.000 0.000 0.000 0.000 0.000 0.000 0.000 0.000 0.000



kpoint  H : 0.500000 0.500000 0.500000 :  1 2 3 4 5 6 7 8 9 10 11 12
-H5  2   2.000 2.000 0.000 0.000 0.000 -1.105 -1.105 -1.105 -1.105 -1.105 -1.105 -1.105 -1.105 -2.000 0.000 0.000 0.000 0.617 0.617 0.617 0.617 0.617 0.617 0.617 0.617 0.000 0.000 2.000 0.000 -1.105 -1.105 0.617 0.617 0.617 -1.105 -1.105 0.617 0.000 0.000 -2.000 0.000 0.617 0.617 -1.105 -1.105 -1.105 0.617 0.617 -1.105 0.000 0.000 0.000 0.000 0.000 1.000 1.000 1.000 1.000 1.000 1.000 1.000 1.000 -1.000 0.000 0.000 0.000 0.000 0.000 0.000 0.000 0.000 0.000 0.000 0.000 0.000 0.000 0.000 0.000 1.000 1.000 0.000 0.000 0.000 1.000 1.000 0.000 0.000 0.000 -1.000 0.000 0.000 0.000 1.000 1.000 1.000 0.000 0.000 1.000
-H6H7  4   4.000 4.000 0.000 0.000 0.000 -2.113 -2.113 -2.113 -2.113 -2.113 -2.113 -2.113 -2.113 -4.000 0.000 0.000 0.000 2.185 2.185 2.185 2.185 2.185 2.185 2.185 2.185 0.000 0.000 0.000 0.000 0.000 0.000 0.000 0.000 0.000 0.000 0.000 0.000 0.000 0.000 0.000 0.000 0.000 0.000 0.000 0.000 0.000 0.000 0.000 0.000 0.000 0.000 0.000 0.000 0.000 1.000 1.000 1.000 1.000 1.000 1.000 1.000 1.000 -1.000 0.000 0.000 0.000 0.000 0.000 0.000 0.000 0.000 0.000 0.000 0.000 0.000 0.000 0.000 0.000 0.000 0.000 0.000 0.000 0.000 0.000 0.000 0.000 0.000 0.000 0.000 0.000 0.000 0.000 0.000 0.000 0.000 0.000 0.000 0.000



kpoint  N : 0.000000 0.000000 0.500000 :  1 2
-N3N4  2   2.000 2.000 0.000 -2.000 0.000 0.000 0.000 0.000 0.000 0.000 0.000 0.000 -1.000 0.000 0.000 0.000 0.000 0.000



kpoint  P : 0.250000 0.250000 0.250000 :  1 2 3 4 5 6 7 8 9 10 11 12
-P5  2   2.000 2.000 0.000 0.000 0.000 -1.105 -1.105 -1.105 -1.105 -1.105 -1.105 -1.105 -1.105 -2.000 0.000 0.000 0.000 0.617 0.617 0.617 0.617 0.617 0.617 0.617 0.617 0.000 0.000 0.000 0.000 0.000 1.000 1.000 1.000 1.000 1.000 1.000 1.000 1.000 -1.000 0.000 0.000 0.000 0.000 0.000 0.000 0.000 0.000 0.000 0.000 0.000
-P6  2   2.000 2.000 0.000 0.000 0.000 -1.057 -1.057 -1.057 -1.057 -1.057 -1.057 -1.057 -1.057 -2.000 0.000 0.000 0.000 1.093 1.093 1.093 1.093 1.093 1.093 1.093 1.093 0.000 0.000 0.000 0.000 0.000 -0.906 -0.906 -0.906 -0.906 0.906 0.906 0.906 0.906 -1.000 0.000 0.000 0.000 -0.047 -0.047 -0.047 -0.047 0.047 0.047 0.047 0.047
-P7  2   2.000 2.000 0.000 0.000 0.000 -1.057 -1.057 -1.057 -1.057 -1.057 -1.057 -1.057 -1.057 -2.000 0.000 0.000 0.000 1.093 1.093 1.093 1.093 1.093 1.093 1.093 1.093 0.000 0.000 0.000 0.000 0.000 0.906 0.906 0.906 0.906 -0.906 -0.906 -0.906 -0.906 -1.000 0.000 0.000 0.000 0.047 0.047 0.047 0.047 -0.047 -0.047 -0.047 -0.047



kpoint  PA : 0.750000 0.750000 0.750000 :  1 2 3 4 5 6 7 8 9 10 11 12
-PA5  2   2.000 2.000 0.000 0.000 0.000 -1.105 -1.105 -1.105 -1.105 -1.105 -1.105 -1.105 -1.105 -2.000 0.000 0.000 0.000 0.617 0.617 0.617 0.617 0.617 0.617 0.617 0.617 0.000 0.000 0.000 0.000 0.000 1.000 1.000 1.000 1.000 1.000 1.000 1.000 1.000 -1.000 0.000 0.000 0.000 0.000 0.000 0.000 0.000 0.000 0.000 0.000 0.000
-PA6  2   2.000 2.000 0.000 0.000 0.000 -1.057 -1.057 -1.057 -1.057 -1.057 -1.057 -1.057 -1.057 -2.000 0.000 0.000 0.000 1.093 1.093 1.093 1.093 1.093 1.093 1.093 1.093 0.000 0.000 0.000 0.000 0.000 0.906 0.906 0.906 0.906 -0.906 -0.906 -0.906 -0.906 -1.000 0.000 0.000 0.000 0.047 0.047 0.047 0.047 -0.047 -0.047 -0.047 -0.047
-PA7  2   2.000 2.000 0.000 0.000 0.000 -1.057 -1.057 -1.057 -1.057 -1.057 -1.057 -1.057 -1.057 -2.000 0.000 0.000 0.000 1.093 1.093 1.093 1.093 1.093 1.093 1.093 1.093 0.000 0.000 0.000 0.000 0.000 -0.906 -0.906 -0.906 -0.906 0.906 0.906 0.906 0.906 -1.000 0.000 0.000 0.000 -0.047 -0.047 -0.047 -0.047 0.047 0.047 0.047 0.047
