SG=Im-3
 name=204.30
 nsym=24
 spinor=False
symmetries=
    1 0 0   0 1 0   0 0 1   0 0 0
  -1 0 0   0 -1 0   0 0 1   0 0 0
  -1 0 0   0 1 0   0 0 -1   0 0 0
  1 0 0   0 -1 0   0 0 -1   0 0 0
    0 0 1   1 0 0   0 1 0   0 0 0
  0 0 1   -1 0 0   0 -1 0   0 0 0
  0 0 -1   -1 0 0   0 1 0   0 0 0
  0 0 -1   1 0 0   0 -1 0   0 0 0
    0 1 0   0 0 1   1 0 0   0 0 0
  0 -1 0   0 0 1   -1 0 0   0 0 0
  0 1 0   0 0 -1   -1 0 0   0 0 0
  0 -1 0   0 0 -1   1 0 0   0 0 0
 -1 0 0   0 -1 0   0 0 -1   0 0 0
   1 0 0   0 1 0   0 0 -1   0 0 0
   1 0 0   0 -1 0   0 0 1   0 0 0
   -1 0 0   0 1 0   0 0 1   0 0 0
 0 0 -1   -1 0 0   0 -1 0   0 0 0
   0 0 -1   1 0 0   0 1 0   0 0 0
   0 0 1   1 0 0   0 -1 0   0 0 0
   0 0 1   -1 0 0   0 1 0   0 0 0
 0 -1 0   0 0 -1   -1 0 0   0 0 0
   0 1 0   0 0 -1   1 0 0   0 0 0
   0 -1 0   0 0 1   1 0 0   0 0 0
   0 1 0   0 0 1   -1 0 0   0 0 0


kpoint  GM : 0.000000 0.000000 0.000000 :  1 2 3 4 5 6 7 8 9 10 11 12 13 14 15 16 17 18 19 20 21 22 23 24
GM1+  1   1.000 1.000 1.000 1.000 1.000 1.000 1.000 1.000 1.000 1.000 1.000 1.000 1.000 1.000 1.000 1.000 1.000 1.000 1.000 1.000 1.000 1.000 1.000 1.000 1.000 1.000 1.000 1.000 1.000 1.000 1.000 1.000 1.000 1.000 1.000 1.000 1.000 1.000 1.000 1.000 1.000 1.000 1.000 1.000 1.000 1.000 1.000 1.000
GM1-  1   1.000 1.000 1.000 1.000 1.000 1.000 1.000 1.000 1.000 1.000 1.000 1.000 1.000 1.000 1.000 1.000 1.000 1.000 1.000 1.000 1.000 1.000 1.000 1.000 1.000 1.000 1.000 1.000 1.000 1.000 1.000 1.000 1.000 1.000 1.000 1.000 1.000 1.000 1.000 1.000 1.000 1.000 1.000 1.000 1.000 1.000 1.000 1.000 0.000 0.000 0.000 0.000 0.000 0.000 0.000 0.000 0.000 0.000 0.000 0.000 -1.000 -1.000 -1.000 -1.000 -1.000 -1.000 -1.000 -1.000 -1.000 -1.000 -1.000 -1.000 0.000 0.000 0.000 0.000 0.000 0.000 0.000 0.000 0.000 0.000 0.000 0.000 -1.000 -1.000 -1.000 -1.000 -1.000 -1.000 -1.000 -1.000 -1.000 -1.000 -1.000 -1.000
GM2+  1   1.000 1.000 1.000 1.000 1.000 1.000 1.000 1.000 1.000 1.000 1.000 1.000 1.000 1.000 1.000 1.000 1.000 1.000 1.000 1.000 1.000 1.000 1.000 1.000 1.000 1.000 1.000 1.000 1.000 1.000 1.000 1.000 1.000 1.000 1.000 1.000 1.000 1.000 1.000 1.000 1.000 1.000 1.000 1.000 1.000 1.000 1.000 1.000 0.000 0.000 0.000 0.000 0.667 0.667 0.667 0.667 -0.667 -0.667 -0.667 -0.667 0.000 0.000 0.000 0.000 0.667 0.667 0.667 0.667 -0.667 -0.667 -0.667 -0.667 0.000 0.000 0.000 0.000 0.667 0.667 0.667 0.667 -0.667 -0.667 -0.667 -0.667 0.000 0.000 0.000 0.000 0.667 0.667 0.667 0.667 -0.667 -0.667 -0.667 -0.667
GM2-  1   1.000 1.000 1.000 1.000 1.000 1.000 1.000 1.000 1.000 1.000 1.000 1.000 1.000 1.000 1.000 1.000 1.000 1.000 1.000 1.000 1.000 1.000 1.000 1.000 1.000 1.000 1.000 1.000 1.000 1.000 1.000 1.000 1.000 1.000 1.000 1.000 1.000 1.000 1.000 1.000 1.000 1.000 1.000 1.000 1.000 1.000 1.000 1.000 0.000 0.000 0.000 0.000 0.667 0.667 0.667 0.667 -0.667 -0.667 -0.667 -0.667 -1.000 -1.000 -1.000 -1.000 -0.333 -0.333 -0.333 -0.333 0.333 0.333 0.333 0.333 0.000 0.000 0.000 0.000 0.667 0.667 0.667 0.667 -0.667 -0.667 -0.667 -0.667 -1.000 -1.000 -1.000 -1.000 -0.333 -0.333 -0.333 -0.333 0.333 0.333 0.333 0.333
GM3+  1   1.000 1.000 1.000 1.000 1.000 1.000 1.000 1.000 1.000 1.000 1.000 1.000 1.000 1.000 1.000 1.000 1.000 1.000 1.000 1.000 1.000 1.000 1.000 1.000 1.000 1.000 1.000 1.000 1.000 1.000 1.000 1.000 1.000 1.000 1.000 1.000 1.000 1.000 1.000 1.000 1.000 1.000 1.000 1.000 1.000 1.000 1.000 1.000 0.000 0.000 0.000 0.000 -0.667 -0.667 -0.667 -0.667 0.667 0.667 0.667 0.667 0.000 0.000 0.000 0.000 -0.667 -0.667 -0.667 -0.667 0.667 0.667 0.667 0.667 0.000 0.000 0.000 0.000 -0.667 -0.667 -0.667 -0.667 0.667 0.667 0.667 0.667 0.000 0.000 0.000 0.000 -0.667 -0.667 -0.667 -0.667 0.667 0.667 0.667 0.667
GM3-  1   1.000 1.000 1.000 1.000 1.000 1.000 1.000 1.000 1.000 1.000 1.000 1.000 1.000 1.000 1.000 1.000 1.000 1.000 1.000 1.000 1.000 1.000 1.000 1.000 1.000 1.000 1.000 1.000 1.000 1.000 1.000 1.000 1.000 1.000 1.000 1.000 1.000 1.000 1.000 1.000 1.000 1.000 1.000 1.000 1.000 1.000 1.000 1.000 0.000 0.000 0.000 0.000 -0.667 -0.667 -0.667 -0.667 0.667 0.667 0.667 0.667 -1.000 -1.000 -1.000 -1.000 0.333 0.333 0.333 0.333 -0.333 -0.333 -0.333 -0.333 0.000 0.000 0.000 0.000 -0.667 -0.667 -0.667 -0.667 0.667 0.667 0.667 0.667 -1.000 -1.000 -1.000 -1.000 0.333 0.333 0.333 0.333 -0.333 -0.333 -0.333 -0.333
GM4+  3   3.000 1.000 1.000 1.000 0.000 0.000 0.000 0.000 0.000 0.000 0.000 0.000 3.000 1.000 1.000 1.000 0.000 0.000 0.000 0.000 0.000 0.000 0.000 0.000 3.000 1.000 1.000 1.000 0.000 0.000 0.000 0.000 0.000 0.000 0.000 0.000 3.000 1.000 1.000 1.000 0.000 0.000 0.000 0.000 0.000 0.000 0.000 0.000 0.000 -1.000 -1.000 -1.000 0.000 0.000 0.000 0.000 0.000 0.000 0.000 0.000 0.000 -1.000 -1.000 -1.000 0.000 0.000 0.000 0.000 0.000 0.000 0.000 0.000 0.000 -1.000 -1.000 -1.000 0.000 0.000 0.000 0.000 0.000 0.000 0.000 0.000 0.000 -1.000 -1.000 -1.000 0.000 0.000 0.000 0.000 0.000 0.000 0.000 0.000
GM4-  3   3.000 1.000 1.000 1.000 0.000 0.000 0.000 0.000 0.000 0.000 0.000 0.000 3.000 1.000 1.000 1.000 0.000 0.000 0.000 0.000 0.000 0.000 0.000 0.000 3.000 1.000 1.000 1.000 0.000 0.000 0.000 0.000 0.000 0.000 0.000 0.000 3.000 1.000 1.000 1.000 0.000 0.000 0.000 0.000 0.000 0.000 0.000 0.000 0.000 -1.000 -1.000 -1.000 0.000 0.000 0.000 0.000 0.000 0.000 0.000 0.000 -1.000 -0.000 -0.000 -0.000 0.000 0.000 0.000 0.000 0.000 0.000 0.000 0.000 0.000 -1.000 -1.000 -1.000 0.000 0.000 0.000 0.000 0.000 0.000 0.000 0.000 -1.000 -0.000 -0.000 -0.000 0.000 0.000 0.000 0.000 0.000 0.000 0.000 0.000



kpoint  H : 0.500000 0.500000 0.500000 :  1 2 3 4 5 6 7 8 9 10 11 12 13 14 15 16 17 18 19 20 21 22 23 24
H1+  1   1.000 1.000 1.000 1.000 1.000 1.000 1.000 1.000 1.000 1.000 1.000 1.000 1.000 1.000 1.000 1.000 1.000 1.000 1.000 1.000 1.000 1.000 1.000 1.000 1.000 1.000 1.000 1.000 1.000 1.000 1.000 1.000 1.000 1.000 1.000 1.000 1.000 1.000 1.000 1.000 1.000 1.000 1.000 1.000 1.000 1.000 1.000 1.000
H1-  1   1.000 1.000 1.000 1.000 1.000 1.000 1.000 1.000 1.000 1.000 1.000 1.000 1.000 1.000 1.000 1.000 1.000 1.000 1.000 1.000 1.000 1.000 1.000 1.000 1.000 1.000 1.000 1.000 1.000 1.000 1.000 1.000 1.000 1.000 1.000 1.000 1.000 1.000 1.000 1.000 1.000 1.000 1.000 1.000 1.000 1.000 1.000 1.000 0.000 0.000 0.000 0.000 0.000 0.000 0.000 0.000 0.000 0.000 0.000 0.000 -1.000 -1.000 -1.000 -1.000 -1.000 -1.000 -1.000 -1.000 -1.000 -1.000 -1.000 -1.000 0.000 0.000 0.000 0.000 0.000 0.000 0.000 0.000 0.000 0.000 0.000 0.000 -1.000 -1.000 -1.000 -1.000 -1.000 -1.000 -1.000 -1.000 -1.000 -1.000 -1.000 -1.000
H2+  1   1.000 1.000 1.000 1.000 1.000 1.000 1.000 1.000 1.000 1.000 1.000 1.000 1.000 1.000 1.000 1.000 1.000 1.000 1.000 1.000 1.000 1.000 1.000 1.000 1.000 1.000 1.000 1.000 1.000 1.000 1.000 1.000 1.000 1.000 1.000 1.000 1.000 1.000 1.000 1.000 1.000 1.000 1.000 1.000 1.000 1.000 1.000 1.000 0.000 0.000 0.000 0.000 0.667 0.667 0.667 0.667 -0.667 -0.667 -0.667 -0.667 0.000 0.000 0.000 0.000 0.667 0.667 0.667 0.667 -0.667 -0.667 -0.667 -0.667 0.000 0.000 0.000 0.000 0.667 0.667 0.667 0.667 -0.667 -0.667 -0.667 -0.667 0.000 0.000 0.000 0.000 0.667 0.667 0.667 0.667 -0.667 -0.667 -0.667 -0.667
H2-  1   1.000 1.000 1.000 1.000 1.000 1.000 1.000 1.000 1.000 1.000 1.000 1.000 1.000 1.000 1.000 1.000 1.000 1.000 1.000 1.000 1.000 1.000 1.000 1.000 1.000 1.000 1.000 1.000 1.000 1.000 1.000 1.000 1.000 1.000 1.000 1.000 1.000 1.000 1.000 1.000 1.000 1.000 1.000 1.000 1.000 1.000 1.000 1.000 0.000 0.000 0.000 0.000 0.667 0.667 0.667 0.667 -0.667 -0.667 -0.667 -0.667 -1.000 -1.000 -1.000 -1.000 -0.333 -0.333 -0.333 -0.333 0.333 0.333 0.333 0.333 0.000 0.000 0.000 0.000 0.667 0.667 0.667 0.667 -0.667 -0.667 -0.667 -0.667 -1.000 -1.000 -1.000 -1.000 -0.333 -0.333 -0.333 -0.333 0.333 0.333 0.333 0.333
H3+  1   1.000 1.000 1.000 1.000 1.000 1.000 1.000 1.000 1.000 1.000 1.000 1.000 1.000 1.000 1.000 1.000 1.000 1.000 1.000 1.000 1.000 1.000 1.000 1.000 1.000 1.000 1.000 1.000 1.000 1.000 1.000 1.000 1.000 1.000 1.000 1.000 1.000 1.000 1.000 1.000 1.000 1.000 1.000 1.000 1.000 1.000 1.000 1.000 0.000 0.000 0.000 0.000 -0.667 -0.667 -0.667 -0.667 0.667 0.667 0.667 0.667 0.000 0.000 0.000 0.000 -0.667 -0.667 -0.667 -0.667 0.667 0.667 0.667 0.667 0.000 0.000 0.000 0.000 -0.667 -0.667 -0.667 -0.667 0.667 0.667 0.667 0.667 0.000 0.000 0.000 0.000 -0.667 -0.667 -0.667 -0.667 0.667 0.667 0.667 0.667
H3-  1   1.000 1.000 1.000 1.000 1.000 1.000 1.000 1.000 1.000 1.000 1.000 1.000 1.000 1.000 1.000 1.000 1.000 1.000 1.000 1.000 1.000 1.000 1.000 1.000 1.000 1.000 1.000 1.000 1.000 1.000 1.000 1.000 1.000 1.000 1.000 1.000 1.000 1.000 1.000 1.000 1.000 1.000 1.000 1.000 1.000 1.000 1.000 1.000 0.000 0.000 0.000 0.000 -0.667 -0.667 -0.667 -0.667 0.667 0.667 0.667 0.667 -1.000 -1.000 -1.000 -1.000 0.333 0.333 0.333 0.333 -0.333 -0.333 -0.333 -0.333 0.000 0.000 0.000 0.000 -0.667 -0.667 -0.667 -0.667 0.667 0.667 0.667 0.667 -1.000 -1.000 -1.000 -1.000 0.333 0.333 0.333 0.333 -0.333 -0.333 -0.333 -0.333
H4+  3   3.000 1.000 1.000 1.000 0.000 0.000 0.000 0.000 0.000 0.000 0.000 0.000 3.000 1.000 1.000 1.000 0.000 0.000 0.000 0.000 0.000 0.000 0.000 0.000 3.000 1.000 1.000 1.000 0.000 0.000 0.000 0.000 0.000 0.000 0.000 0.000 3.000 1.000 1.000 1.000 0.000 0.000 0.000 0.000 0.000 0.000 0.000 0.000 0.000 -1.000 -1.000 -1.000 0.000 0.000 0.000 0.000 0.000 0.000 0.000 0.000 0.000 -1.000 -1.000 -1.000 0.000 0.000 0.000 0.000 0.000 0.000 0.000 0.000 0.000 -1.000 -1.000 -1.000 0.000 0.000 0.000 0.000 0.000 0.000 0.000 0.000 0.000 -1.000 -1.000 -1.000 0.000 0.000 0.000 0.000 0.000 0.000 0.000 0.000
H4-  3   3.000 1.000 1.000 1.000 0.000 0.000 0.000 0.000 0.000 0.000 0.000 0.000 3.000 1.000 1.000 1.000 0.000 0.000 0.000 0.000 0.000 0.000 0.000 0.000 3.000 1.000 1.000 1.000 0.000 0.000 0.000 0.000 0.000 0.000 0.000 0.000 3.000 1.000 1.000 1.000 0.000 0.000 0.000 0.000 0.000 0.000 0.000 0.000 0.000 -1.000 -1.000 -1.000 0.000 0.000 0.000 0.000 0.000 0.000 0.000 0.000 -1.000 -0.000 -0.000 -0.000 0.000 0.000 0.000 0.000 0.000 0.000 0.000 0.000 0.000 -1.000 -1.000 -1.000 0.000 0.000 0.000 0.000 0.000 0.000 0.000 0.000 -1.000 -0.000 -0.000 -0.000 0.000 0.000 0.000 0.000 0.000 0.000 0.000 0.000



kpoint  N : 0.000000 0.000000 0.500000 :  1 2 3 4
N1+  1   1.000 1.000 1.000 1.000 1.000 1.000 1.000 1.000
N1-  1   1.000 1.000 1.000 1.000 1.000 1.000 1.000 1.000 0.000 0.000 -1.000 -1.000 0.000 0.000 -1.000 -1.000
N2+  1   1.000 1.000 1.000 1.000 1.000 1.000 1.000 1.000 0.000 -1.000 0.000 -1.000 0.000 -1.000 0.000 -1.000
N2-  1   1.000 1.000 1.000 1.000 1.000 1.000 1.000 1.000 0.000 -1.000 -1.000 0.000 0.000 -1.000 -1.000 0.000



kpoint  P : 0.250000 0.250000 0.250000 :  1 2 3 4 5 6 7 8 9 10 11 12
P1  1   1.000 1.000 1.000 1.000 1.000 1.000 1.000 1.000 1.000 1.000 1.000 1.000 1.000 1.000 1.000 1.000 1.000 1.000 1.000 1.000 1.000 1.000 1.000 1.000
P2  1   1.000 1.000 1.000 1.000 1.000 1.000 1.000 1.000 1.000 1.000 1.000 1.000 1.000 1.000 1.000 1.000 1.000 1.000 1.000 1.000 1.000 1.000 1.000 1.000 0.000 0.000 0.000 0.000 0.667 0.667 0.667 0.667 -0.667 -0.667 -0.667 -0.667 0.000 0.000 0.000 0.000 0.667 0.667 0.667 0.667 -0.667 -0.667 -0.667 -0.667
P3  1   1.000 1.000 1.000 1.000 1.000 1.000 1.000 1.000 1.000 1.000 1.000 1.000 1.000 1.000 1.000 1.000 1.000 1.000 1.000 1.000 1.000 1.000 1.000 1.000 0.000 0.000 0.000 0.000 -0.667 -0.667 -0.667 -0.667 0.667 0.667 0.667 0.667 0.000 0.000 0.000 0.000 -0.667 -0.667 -0.667 -0.667 0.667 0.667 0.667 0.667
P4  3   3.000 1.000 1.000 1.000 0.000 0.000 0.000 0.000 0.000 0.000 0.000 0.000 3.000 1.000 1.000 1.000 0.000 0.000 0.000 0.000 0.000 0.000 0.000 0.000 0.000 -1.000 -1.000 -1.000 0.000 0.000 0.000 0.000 0.000 0.000 0.000 0.000 0.000 -1.000 -1.000 -1.000 0.000 0.000 0.000 0.000 0.000 0.000 0.000 0.000
