GM:(0,0,0)  A:(1/2,1/2,1/2)  M:(1/2,1/2,0)  R:(0,1/2,1/2)  X:(0,1/2,0)  Z:(0,0,1/2)
GM:(0,0,0)  A:(1/2,1/2,1/2)  M:(1/2,1/2,0)  R:(0,1/2,1/2)  X:(0,1/2,0)  Z:(0,0,1/2)
GM1  GM2  GM3GM4  GM6GM8  GM5GM7  A1A2  A3  A4  A5A8  A6A7  M1  M2  M3M4  M6M8  M5M7  R1  R2  R3R4  X1  X2  X3X4  Z1Z2  Z3  Z4  Z5Z8  Z6Z7
1 1 2 2 2 2 1 1 2 2 1 1 2 2 2 1 1 2 1 1 2 2 1 1 2 2
2a (2/m',2) A 2 1,2a (2/m',2) B 2 1,2b (2/m',2) A 2 1,2b (2/m',2) B 2 1,2c (2/m',2) A 2 1,2c (2/m',2) B 2 1,2d (2/m',2) A 2 1,2d (2/m',2) B 2 1,2e (4,4) 1E 2 1,2e (4,4) 2E 2 1,2e (4,4) A 2 1,2e (4,4) B 2 1,2e (4,4) 1E1 2 1,2e (4,4) 1E2 2 1,2e (4,4) 2E1 2 1,2e (4,4) 2E2 2 1,2f (4,4) 1E 2 1,2f (4,4) 2E 2 1,2f (4,4) A 2 1,2f (4,4) B 2 1,2f (4,4) 1E1 2 1,2f (4,4) 1E2 2 1,2f (4,4) 2E1 2 1,2f (4,4) 2E2 2 1
1 1 0 0 0 1 0 0 0 0 1 1 0 0 0 2 0 0 2 0 0 1 0 0 0 0
0 0 1 0 0 0 1 1 0 0 0 0 1 0 0 0 2 0 0 2 0 0 1 1 0 0
1 1 0 0 0 1 0 0 0 0 1 1 0 0 0 0 2 0 0 2 0 1 0 0 0 0
0 0 1 0 0 0 1 1 0 0 0 0 1 0 0 2 0 0 2 0 0 0 1 1 0 0
1 1 0 0 0 0 1 1 0 0 0 0 1 0 0 1 1 0 1 1 0 1 0 0 0 0
0 0 1 0 0 1 0 0 0 0 1 1 0 0 0 1 1 0 1 1 0 0 1 1 0 0
1 1 0 0 0 0 1 1 0 0 0 0 1 0 0 1 1 0 1 1 0 1 0 0 0 0
0 0 1 0 0 1 0 0 0 0 1 1 0 0 0 1 1 0 1 1 0 0 1 1 0 0
0 0 1 0 0 0 0 2 0 0 0 0 1 0 0 0 2 0 0 2 0 0 0 2 0 0
0 0 1 0 0 0 2 0 0 0 0 0 1 0 0 0 2 0 0 2 0 0 2 0 0 0
2 0 0 0 0 1 0 0 0 0 2 0 0 0 0 2 0 0 2 0 0 1 0 0 0 0
0 2 0 0 0 1 0 0 0 0 0 2 0 0 0 2 0 0 2 0 0 1 0 0 0 0
0 0 0 1 0 0 0 0 1 0 0 0 0 1 0 0 0 1 0 0 1 0 0 0 1 0
0 0 0 0 1 0 0 0 0 1 0 0 0 0 1 0 0 1 0 0 1 0 0 0 0 1
0 0 0 1 0 0 0 0 0 1 0 0 0 1 0 0 0 1 0 0 1 0 0 0 0 1
0 0 0 0 1 0 0 0 1 0 0 0 0 0 1 0 0 1 0 0 1 0 0 0 1 0
0 0 1 0 0 0 2 0 0 0 0 0 1 0 0 2 0 0 2 0 0 0 0 2 0 0
0 0 1 0 0 0 0 2 0 0 0 0 1 0 0 2 0 0 2 0 0 0 2 0 0 0
2 0 0 0 0 1 0 0 0 0 0 2 0 0 0 0 2 0 0 2 0 1 0 0 0 0
0 2 0 0 0 1 0 0 0 0 2 0 0 0 0 0 2 0 0 2 0 1 0 0 0 0
0 0 0 1 0 0 0 0 0 1 0 0 0 0 1 0 0 1 0 0 1 0 0 0 1 0
0 0 0 0 1 0 0 0 1 0 0 0 0 1 0 0 0 1 0 0 1 0 0 0 0 1
0 0 0 1 0 0 0 0 1 0 0 0 0 0 1 0 0 1 0 0 1 0 0 0 0 1
0 0 0 0 1 0 0 0 0 1 0 0 0 1 0 0 0 1 0 0 1 0 0 0 1 0

-1 0 -1 0 0 2 0 0 0 0 0 0 1 0 0 0 0 0 0 0 0 0 0 0 0 0
0 0 0 0 0 0 0 0 0 0 0 0 0 0 0 0 0 0 0 0 0 0 1 0 0 0
0 0 0 0 -1 0 0 0 1 1 0 0 0 -1 0 0 0 0 0 0 0 0 0 0 0 0
1 0 0 0 -1 -2 -1 0 1 1 -1 0 0 -1 0 1 0 0 0 0 0 0 1 0 0 0
1 0 2 0 -1 -2 -1 0 1 1 -1 0 -1 -1 0 1 0 0 0 0 0 0 0 0 0 0
2 0 2 0 -1 -3 -2 -1 1 1 -1 0 0 -1 0 1 0 0 0 0 0 0 1 0 0 0
1 0 1 0 -1 -2 -1 0 2 1 -1 0 -1 -1 0 1 0 0 0 0 0 0 1 0 0 0
1 0 1 0 0 -2 -1 0 1 1 -1 0 -1 -1 0 1 0 0 0 0 0 0 1 0 0 0
1 0 1 0 -2 -2 -1 0 2 2 -1 0 -1 -1 0 1 0 0 0 0 0 0 1 0 -1 0
1 0 2 0 0 -2 -1 -1 0 0 -1 0 0 0 0 1 0 0 0 0 0 0 0 0 0 0
2 0 2 0 0 -2 -2 -1 0 0 -2 0 0 0 0 1 0 0 0 0 0 0 1 0 0 0
1 0 1 0 -2 -2 -1 0 2 2 -1 0 -1 -2 0 1 0 0 0 0 0 0 1 0 0 0
1 0 1 0 -1 -2 -1 0 2 1 -1 0 -1 -1 0 1 0 0 0 0 0 0 1 0 -1 0
0 0 0 0 0 -2 0 0 0 0 1 1 0 0 0 0 0 0 0 0 0 0 0 0 0 0
0 0 0 0 0 0 0 0 -1 -1 0 0 0 1 1 0 0 0 0 0 0 0 0 0 0 0
0 0 0 1 1 0 0 0 -1 -1 0 0 0 0 0 0 0 0 0 0 0 0 0 0 0 0
0 0 0 0 0 -2 -1 -1 0 0 0 0 0 0 0 1 1 0 0 0 0 0 0 0 0 0
0 0 0 0 0 0 0 0 -1 -1 0 0 0 0 0 0 0 1 0 0 0 0 0 0 0 0
0 0 0 0 0 0 0 0 0 0 0 0 0 0 0 -1 0 0 1 0 0 0 0 0 0 0
0 0 0 0 0 -2 -1 -1 0 0 0 0 0 0 0 1 0 0 0 1 0 0 0 0 0 0
0 0 0 0 0 0 0 0 -1 -1 0 0 0 0 0 0 0 0 0 0 1 0 0 0 0 0
0 0 1 0 0 -1 -1 -1 0 0 0 0 1 0 0 0 0 0 0 0 0 1 0 0 0 0
1 1 2 0 0 -2 -1 -1 0 0 0 0 0 0 0 0 0 0 0 0 0 0 0 0 0 0
0 0 -2 0 0 0 0 0 0 0 0 0 0 0 0 0 0 0 0 0 0 0 1 1 0 0
0 0 0 0 0 0 -1 -1 0 0 0 0 2 0 0 0 0 0 0 0 0 0 0 0 0 0
0 0 0 0 0 0 0 0 -1 -1 0 0 0 0 0 0 0 0 0 0 0 0 0 0 1 1

1 0 0 0 0 0 0 0 0 0 0 0 0 0 0 0 0 0 0 0 0 0 0 0
0 1 0 0 0 0 0 0 0 0 0 0 0 0 0 0 0 0 0 0 0 0 0 0
0 0 1 0 0 0 0 0 0 0 0 0 0 0 0 0 0 0 0 0 0 0 0 0
0 0 0 1 0 0 0 0 0 0 0 0 0 0 0 0 0 0 0 0 0 0 0 0
0 0 0 0 1 0 0 0 0 0 0 0 0 0 0 0 0 0 0 0 0 0 0 0
0 0 0 0 0 1 0 0 0 0 0 0 0 0 0 0 0 0 0 0 0 0 0 0
0 0 0 0 0 0 1 0 0 0 0 0 0 0 0 0 0 0 0 0 0 0 0 0
0 0 0 0 0 0 0 1 0 0 0 0 0 0 0 0 0 0 0 0 0 0 0 0
0 0 0 0 0 0 0 0 1 0 0 0 0 0 0 0 0 0 0 0 0 0 0 0
0 0 0 0 0 0 0 0 0 2 0 0 0 0 0 0 0 0 0 0 0 0 0 0
0 0 0 0 0 0 0 0 0 0 2 0 0 0 0 0 0 0 0 0 0 0 0 0
0 0 0 0 0 0 0 0 0 0 0 2 0 0 0 0 0 0 0 0 0 0 0 0
0 0 0 0 0 0 0 0 0 0 0 0 2 0 0 0 0 0 0 0 0 0 0 0
0 0 0 0 0 0 0 0 0 0 0 0 0 0 0 0 0 0 0 0 0 0 0 0
0 0 0 0 0 0 0 0 0 0 0 0 0 0 0 0 0 0 0 0 0 0 0 0
0 0 0 0 0 0 0 0 0 0 0 0 0 0 0 0 0 0 0 0 0 0 0 0
0 0 0 0 0 0 0 0 0 0 0 0 0 0 0 0 0 0 0 0 0 0 0 0
0 0 0 0 0 0 0 0 0 0 0 0 0 0 0 0 0 0 0 0 0 0 0 0
0 0 0 0 0 0 0 0 0 0 0 0 0 0 0 0 0 0 0 0 0 0 0 0
0 0 0 0 0 0 0 0 0 0 0 0 0 0 0 0 0 0 0 0 0 0 0 0
0 0 0 0 0 0 0 0 0 0 0 0 0 0 0 0 0 0 0 0 0 0 0 0
0 0 0 0 0 0 0 0 0 0 0 0 0 0 0 0 0 0 0 0 0 0 0 0
0 0 0 0 0 0 0 0 0 0 0 0 0 0 0 0 0 0 0 0 0 0 0 0
0 0 0 0 0 0 0 0 0 0 0 0 0 0 0 0 0 0 0 0 0 0 0 0
0 0 0 0 0 0 0 0 0 0 0 0 0 0 0 0 0 0 0 0 0 0 0 0
0 0 0 0 0 0 0 0 0 0 0 0 0 0 0 0 0 0 0 0 0 0 0 0

1 0 -1 0 0 0 0 0 0 0 0 1 0 -1 -1 0 0 -2 -1 0 -2 0 0 0
0 1 0 0 0 0 0 0 0 0 0 0 0 -1 -1 0 -2 -2 -1 0 0 0 0 0
0 0 1 0 0 0 0 0 0 0 0 -1 0 0 1 0 0 2 0 -2 0 0 0 0
0 0 0 0 0 0 0 0 0 0 0 0 0 0 1 0 0 0 0 0 0 0 0 0
0 0 1 1 0 0 0 0 0 0 0 -2 0 1 0 0 0 0 1 0 0 0 -1 0
0 0 0 0 0 0 0 0 0 0 0 0 0 0 0 0 0 0 1 0 0 0 0 0
0 0 0 0 0 0 0 0 0 0 0 0 0 0 0 0 0 0 0 0 0 0 1 0
0 0 0 0 0 0 0 0 0 0 0 0 0 1 0 0 0 0 0 0 0 0 0 0
0 0 0 0 1 0 0 0 0 -1 0 -1 0 0 0 0 1 0 0 0 0 0 0 0
0 0 0 0 0 0 0 0 0 0 0 0 0 0 0 0 1 0 0 0 0 0 0 0
0 0 0 0 0 1 0 0 0 0 -1 -1 0 0 0 0 0 0 0 0 1 0 0 0
0 0 0 0 0 0 0 0 0 0 0 0 0 0 0 0 0 0 0 0 1 0 0 0
0 0 0 0 0 0 1 0 0 0 0 -1 -1 0 0 -1 0 0 0 0 0 -1 0 -1
0 0 1 0 0 0 0 1 0 0 0 -2 0 0 0 -1 0 0 0 0 0 -1 0 -1
0 0 0 0 0 0 0 0 1 0 0 -1 -1 0 0 1 0 0 0 0 0 0 0 0
0 0 0 0 0 0 0 0 0 0 0 0 0 0 0 1 0 0 0 0 0 0 0 0
0 0 1 0 0 0 0 0 0 1 0 -1 0 0 0 0 0 1 0 0 0 0 0 0
0 0 0 0 0 0 0 0 0 0 0 0 0 0 0 0 0 1 0 0 0 0 0 0
0 0 1 0 0 0 0 0 0 0 1 -1 0 0 0 0 0 0 0 1 0 0 0 0
0 0 0 0 0 0 0 0 0 0 0 0 0 0 0 0 0 0 0 1 0 0 0 0
0 0 0 0 0 0 0 0 0 0 0 1 -1 0 0 0 0 0 0 0 0 1 0 0
0 0 0 0 0 0 0 0 0 0 0 0 0 0 0 0 0 0 0 0 0 1 0 0
0 0 1 0 0 0 0 0 0 0 0 -1 1 0 0 0 0 0 0 0 0 0 0 1
0 0 0 0 0 0 0 0 0 0 0 0 0 0 0 0 0 0 0 0 0 0 0 1
