GM:(0,0,0)  H:(1,1,1)  N:(1/2,1/2,0)  P:(1/2,1/2,1/2)  PA:(-1/2,-1/2,-1/2)
GM:(0,0,0)  H:(1,1,1)  N:(1/2,1/2,0)  P:(-1/2,-1/2,-1/2)  PA:(1/2,1/2,1/2)
GM4  GM5  GM1  GM3  GM2  GM6  GM8  GM7  H1H2  H3H3  H4H5  H6H7  H8H8  N1  N2N5  N3N4  P1  P2  P3  P4  P6  P7  P8  P5  PA1  PA2  PA3  PA4  PA6  PA7  PA8  PA5
3 3 1 2 1 2 4 2 2 4 6 4 8 2 2 2 2 2 4 1 2 3 3 1 2 2 4 1 2 3 3 1
12a (41',4) 1E2E 2 1;12a (41',4) A 6 1;12a (41',4) B 6 1;12a (41',4) 1E12E1 2 1;12a (41',4) 1E22E2 2 1;12b (41',4) 1E2E 2 1;12b (41',4) A 6 1;12b (41',4) B 6 1;12b (41',4) 1E12E1 2 1;12b (41',4) 1E22E2 2 1;16c (31',3) 1E2E 6 1;16c (31',3) A1 8 1;16c (31',3) 1E2E 6 1;16c (31',3) EE 6 0
2 2 0 0 0 0 0 0 1 1 1 0 0 6 0 0 1 1 2 0 0 0 0 0 1 1 2 0 0 0 0 0
0 1 1 1 0 0 0 0 0 0 1 0 0 3 0 0 1 0 1 0 0 0 0 0 1 0 1 0 0 0 0 0
1 0 0 1 1 0 0 0 0 0 1 0 0 3 0 0 0 1 1 0 0 0 0 0 0 1 1 0 0 0 0 0
0 0 0 0 0 2 2 0 0 0 0 1 1 0 3 3 0 0 0 1 1 2 1 0 0 0 0 1 1 2 1 0
0 0 0 0 0 0 2 2 0 0 0 1 1 0 3 3 0 0 0 0 1 1 2 1 0 0 0 0 1 1 2 1
2 2 0 0 0 0 0 0 1 1 1 0 0 6 0 0 1 1 2 0 0 0 0 0 1 1 2 0 0 0 0 0
0 1 1 1 0 0 0 0 0 0 1 0 0 3 0 0 0 1 1 0 0 0 0 0 0 1 1 0 0 0 0 0
1 0 0 1 1 0 0 0 0 0 1 0 0 3 0 0 1 0 1 0 0 0 0 0 1 0 1 0 0 0 0 0
0 0 0 0 0 2 2 0 0 0 0 1 1 0 3 3 0 0 0 0 1 1 2 1 0 0 0 0 1 1 2 1
0 0 0 0 0 0 2 2 0 0 0 1 1 0 3 3 0 0 0 1 1 2 1 0 0 0 0 1 1 2 1 0
2 2 0 2 0 0 0 0 0 1 2 0 0 8 0 0 2 2 2 0 0 0 0 0 2 2 2 0 0 0 0 0
1 1 1 0 1 0 0 0 1 0 1 0 0 4 0 0 0 0 2 0 0 0 0 0 0 0 2 0 0 0 0 0
0 0 0 0 0 2 2 2 0 0 0 2 1 0 4 4 0 0 0 0 2 2 2 0 0 0 0 0 2 2 2 0
0 0 0 0 0 0 4 0 0 0 0 0 2 0 4 4 0 0 0 2 0 2 2 2 0 0 0 2 0 2 2 2

0 0 0 0 0 0 0 0 1 0 0 0 0 0 0 0 0 0 0 0 0 0 0 0 0 0 0 0 0 0 0 0
-1 0 0 0 1 0 0 0 1 0 0 0 0 0 0 0 1 0 0 0 0 0 0 0 0 0 0 0 0 0 0 0
0 0 0 0 1 0 0 0 0 0 0 0 0 0 0 0 0 0 0 0 0 0 0 0 0 0 0 0 0 0 0 0
0 0 0 0 0 -1 -1 -1 0 0 0 0 0 0 0 0 0 0 0 0 0 2 0 0 0 0 0 0 0 0 1 0
0 0 0 0 0 0 1 0 0 0 0 0 0 0 0 0 0 0 0 0 0 -1 0 0 0 0 0 0 0 0 0 0
1 0 1 0 -1 0 0 0 -1 0 0 0 0 0 0 0 -1 0 0 0 0 0 0 0 0 0 0 0 0 0 0 0
0 0 0 0 0 0 -2 0 0 0 0 0 1 0 0 0 0 0 0 0 0 1 0 0 0 0 0 0 0 0 1 0
0 0 0 0 0 -1 -3 0 -1 1 0 0 1 0 0 0 0 0 0 0 0 3 0 0 0 0 0 0 0 0 1 0
0 0 0 0 0 -1 -5 0 0 0 0 0 2 0 0 0 0 0 0 0 0 4 0 0 0 0 0 0 0 0 2 0
-1 0 0 0 1 0 0 0 0 2 0 0 0 0 0 0 0 0 0 0 0 0 0 0 0 0 0 0 0 0 0 0
-1 0 -1 0 0 0 0 0 1 0 1 0 0 0 0 0 0 0 0 0 0 0 0 0 0 0 0 0 0 0 0 0
0 0 0 0 0 -1 -1 -1 0 0 0 1 0 0 0 0 0 0 0 0 0 1 0 0 0 0 0 0 0 0 1 0
0 0 0 0 0 0 -1 0 0 0 0 0 2 0 0 0 0 0 0 0 0 0 0 0 0 0 0 0 0 0 0 0
-4 0 -3 0 1 0 0 0 2 0 0 0 0 1 0 0 0 0 0 0 0 0 0 0 0 0 0 0 0 0 0 0
0 0 0 0 0 -1 -2 -1 0 0 0 0 0 0 1 0 0 0 0 0 0 1 0 0 0 0 0 0 0 0 1 0
0 0 0 0 0 -1 -2 -1 0 0 0 0 0 0 0 1 0 0 0 0 0 1 0 0 0 0 0 0 0 0 1 0
-1 0 -1 1 0 0 0 0 2 0 0 0 0 0 0 0 0 0 0 0 0 0 0 0 0 0 0 0 0 0 0 0
-2 0 -1 0 1 0 0 0 2 0 0 0 0 0 0 0 1 1 0 0 0 0 0 0 0 0 0 0 0 0 0 0
-1 0 -1 0 0 0 0 0 0 0 0 0 0 0 0 0 0 0 1 0 0 0 0 0 0 0 0 0 0 0 0 0
0 0 0 0 0 0 -1 0 0 0 0 0 0 0 0 0 0 0 0 1 0 0 0 0 0 0 0 0 0 0 1 0
0 0 0 0 0 -1 -1 -1 0 0 0 0 0 0 0 0 0 0 0 0 1 1 0 0 0 0 0 0 0 0 1 0
-1 1 -1 0 1 0 0 0 0 0 0 0 0 0 0 0 0 0 0 0 0 0 0 0 0 0 0 0 0 0 0 0
0 0 0 0 0 -1 -2 -1 0 0 0 0 0 0 0 0 0 0 0 0 0 2 1 0 0 0 0 0 0 0 1 0
0 0 0 0 0 0 -1 0 0 0 0 0 0 0 0 0 0 0 0 0 0 1 0 1 0 0 0 0 0 0 0 0
0 0 0 0 0 0 0 0 0 0 0 0 0 0 0 0 -1 0 0 0 0 0 0 0 1 0 0 0 0 0 0 0
-2 0 -1 0 1 0 0 0 2 0 0 0 0 0 0 0 1 0 0 0 0 0 0 0 0 1 0 0 0 0 0 0
-1 0 -1 0 0 0 0 0 0 0 0 0 0 0 0 0 0 0 0 0 0 0 0 0 0 0 1 0 0 0 0 0
0 0 0 0 0 0 -1 0 0 0 0 0 0 0 0 0 0 0 0 0 0 0 0 0 0 0 0 1 0 0 1 0
0 0 0 0 0 -1 -1 -1 0 0 0 0 0 0 0 0 0 0 0 0 0 1 0 0 0 0 0 0 1 0 1 0
0 0 0 0 0 0 0 0 0 0 0 0 0 0 0 0 0 0 0 0 0 -1 0 0 0 0 0 0 0 1 0 0
0 0 0 0 0 -1 -2 -1 0 0 0 0 0 0 0 0 0 0 0 0 0 2 0 0 0 0 0 0 0 0 2 0
0 0 0 0 0 0 -1 0 0 0 0 0 0 0 0 0 0 0 0 0 0 1 0 0 0 0 0 0 0 0 0 1

1 0 0 0 0 0 0 0 0 0 0 0 0 0
0 1 0 0 0 0 0 0 0 0 0 0 0 0
0 0 1 0 0 0 0 0 0 0 0 0 0 0
0 0 0 1 0 0 0 0 0 0 0 0 0 0
0 0 0 0 1 0 0 0 0 0 0 0 0 0
0 0 0 0 0 1 0 0 0 0 0 0 0 0
0 0 0 0 0 0 1 0 0 0 0 0 0 0
0 0 0 0 0 0 0 1 0 0 0 0 0 0
0 0 0 0 0 0 0 0 2 0 0 0 0 0
0 0 0 0 0 0 0 0 0 0 0 0 0 0
0 0 0 0 0 0 0 0 0 0 0 0 0 0
0 0 0 0 0 0 0 0 0 0 0 0 0 0
0 0 0 0 0 0 0 0 0 0 0 0 0 0
0 0 0 0 0 0 0 0 0 0 0 0 0 0
0 0 0 0 0 0 0 0 0 0 0 0 0 0
0 0 0 0 0 0 0 0 0 0 0 0 0 0
0 0 0 0 0 0 0 0 0 0 0 0 0 0
0 0 0 0 0 0 0 0 0 0 0 0 0 0
0 0 0 0 0 0 0 0 0 0 0 0 0 0
0 0 0 0 0 0 0 0 0 0 0 0 0 0
0 0 0 0 0 0 0 0 0 0 0 0 0 0
0 0 0 0 0 0 0 0 0 0 0 0 0 0
0 0 0 0 0 0 0 0 0 0 0 0 0 0
0 0 0 0 0 0 0 0 0 0 0 0 0 0
0 0 0 0 0 0 0 0 0 0 0 0 0 0
0 0 0 0 0 0 0 0 0 0 0 0 0 0
0 0 0 0 0 0 0 0 0 0 0 0 0 0
0 0 0 0 0 0 0 0 0 0 0 0 0 0
0 0 0 0 0 0 0 0 0 0 0 0 0 0
0 0 0 0 0 0 0 0 0 0 0 0 0 0
0 0 0 0 0 0 0 0 0 0 0 0 0 0
0 0 0 0 0 0 0 0 0 0 0 0 0 0

1 0 0 0 0 0 0 0 0 0 0 -1 -1 0
0 1 0 0 0 0 0 0 0 0 -1 -1 0 0
0 0 1 0 0 0 0 0 0 0 -1 -1 0 0
0 0 0 1 0 0 0 0 0 -1 0 0 0 -2
0 0 0 0 1 0 -1 0 1 -1 0 0 0 -2
0 0 0 0 0 0 0 0 0 0 0 0 1 0
0 0 0 0 0 1 0 0 0 0 1 0 0 0
0 0 0 0 0 0 0 0 0 0 1 0 0 0
0 0 0 0 0 0 1 0 -1 1 0 0 0 0
0 0 0 0 0 0 0 0 0 1 0 0 0 0
0 0 0 0 0 0 1 1 -2 0 0 1 0 0
0 0 0 0 0 0 0 0 0 0 0 1 0 0
0 0 0 0 0 0 1 0 0 0 0 0 0 2
0 0 0 0 0 0 0 0 0 0 0 0 0 1
