GM:(0,0,0)  R:(1/2,-1/2,1/2)  S:(1/2,-1/2,0)  T:(1,0,1/2)  Y:(1,0,0)  Z:(0,0,1/2)
GM:(0,0,0)  L:(1/2,1/2,1/2)  V:(1/2,1/2,0)  M:(0,1,1/2)  Y:(0,1,0)  A:(0,0,1/2)
GM1  GM2  GM4  GM3  (R)L1L1  (R)L2L2  (S)V1  (S)V2  (T)M1M1  (T)M2M2  (T)M4M4  (T)M3M3  Y1  Y2  Y4  Y3  (Z)A1A1  (Z)A2A2  (Z)A4A4  (Z)A3A3
1 1 1 1 2 2 1 1 2 2 2 2 1 1 1 1 2 2 2 2
4a (m,m) A' 2 1;4a (m,m) A'' 2 1;4a (m,m) 1E 2 1;4a (m,m) 2E 2 1
2 0 0 0 1 0 2 0 1 0 0 0 2 0 0 0 1 0 0 0
0 2 0 0 1 0 2 0 0 1 0 0 0 2 0 0 0 1 0 0
0 0 2 0 0 1 0 2 0 0 1 0 0 0 2 0 0 0 1 0
0 0 0 2 0 1 0 2 0 0 0 1 0 0 0 2 0 0 0 1

0 0 0 0 0 0 0 0 0 0 0 0 0 0 0 0 1 0 0 0
0 0 0 0 0 0 0 0 0 0 0 0 0 0 0 0 0 1 0 0
0 0 0 0 0 0 0 0 0 0 0 0 0 0 0 0 0 0 1 0
0 0 0 0 0 0 0 0 0 0 0 0 0 0 0 0 0 0 0 1
-1 -1 0 0 1 0 0 0 0 0 0 0 0 0 0 0 1 1 0 0
0 0 -1 -1 0 1 0 0 0 0 0 0 0 0 0 0 0 0 1 1
-1 -1 0 0 0 0 1 0 0 0 0 0 0 0 0 0 0 0 0 0
0 0 -1 -1 0 0 0 1 0 0 0 0 0 0 0 0 0 0 0 0
-1 0 0 0 0 0 0 0 1 0 0 0 0 0 0 0 1 0 0 0
0 -1 0 0 0 0 0 0 0 1 0 0 0 0 0 0 0 1 0 0
0 0 -1 0 0 0 0 0 0 0 1 0 0 0 0 0 0 0 1 0
0 0 0 -1 0 0 0 0 0 0 0 1 0 0 0 0 0 0 0 1
-1 0 0 0 0 0 0 0 0 0 0 0 1 0 0 0 0 0 0 0
0 -1 0 0 0 0 0 0 0 0 0 0 0 1 0 0 0 0 0 0
0 0 -1 0 0 0 0 0 0 0 0 0 0 0 1 0 0 0 0 0
0 0 0 -1 0 0 0 0 0 0 0 0 0 0 0 1 0 0 0 0
-1 0 0 0 0 0 0 0 0 0 0 0 0 0 0 0 2 0 0 0
0 -1 0 0 0 0 0 0 0 0 0 0 0 0 0 0 0 2 0 0
0 0 -1 0 0 0 0 0 0 0 0 0 0 0 0 0 0 0 2 0
0 0 0 -1 0 0 0 0 0 0 0 0 0 0 0 0 0 0 0 2

1 0 0 0
0 1 0 0
0 0 1 0
0 0 0 1
0 0 0 0
0 0 0 0
0 0 0 0
0 0 0 0
0 0 0 0
0 0 0 0
0 0 0 0
0 0 0 0
0 0 0 0
0 0 0 0
0 0 0 0
0 0 0 0
0 0 0 0
0 0 0 0
0 0 0 0
0 0 0 0

1 0 0 0
0 1 0 0
0 0 1 0
0 0 0 1
