GM:(0,0,0)  R:(1/2,1/2,1/2)  S:(1/2,1/2,0)  T:(1,0,1/2)  Y:(1,0,0)  Z:(0,0,1/2)
GM:(0,0,0)  R:(1/2,1/2,1/2)  S:(1/2,1/2,0)  T:(1,0,1/2)  Y:(1,0,0)  Z:(0,0,1/2)
GM1  GM3  GM2  GM4  GM5  R1  R2  R3R4  S1S2  S3  S4  T1  T4  T5  T2  T3  Y1  Y3  Y2  Y4  Y5  Z1  Z4  Z5  Z2  Z3
1 1 1 1 2 1 1 2 2 1 1 2 1 1 1 1 1 1 1 1 2 2 1 1 1 1
4a (2'2'2,2) A 2 1;4a (2'2'2,2) B 2 1;4a (2'2'2,2) 1E 2 1;4a (2'2'2,2) 2E 2 1;4b (2'2'2,2) A 2 1;4b (2'2'2,2) B 2 1;4b (2'2'2,2) 1E 2 1;4b (2'2'2,2) 2E 2 1;4c (2'2'2,2) A 2 1;4c (2'2'2,2) B 2 1;4c (2'2'2,2) 1E 2 1;4c (2'2'2,2) 2E 2 1;4d (2'2'2,2) A 2 1;4d (2'2'2,2) B 2 1;4d (2'2'2,2) 1E 2 1;4d (2'2'2,2) 2E 2 1
1 1 0 0 0 1 1 0 1 0 0 1 0 0 0 0 1 1 0 0 0 1 0 0 0 0
0 0 1 1 0 1 1 0 1 0 0 1 0 0 0 0 0 0 1 1 0 1 0 0 0 0
0 0 0 0 1 0 0 1 0 1 1 0 1 1 0 0 0 0 0 0 1 0 1 1 0 0
0 0 0 0 1 0 0 1 0 1 1 0 0 0 1 1 0 0 0 0 1 0 0 0 1 1
1 1 0 0 0 1 1 0 1 0 0 1 0 0 0 0 1 1 0 0 0 1 0 0 0 0
0 0 1 1 0 1 1 0 1 0 0 1 0 0 0 0 0 0 1 1 0 1 0 0 0 0
0 0 0 0 1 0 0 1 0 1 1 0 0 0 1 1 0 0 0 0 1 0 0 0 1 1
0 0 0 0 1 0 0 1 0 1 1 0 1 1 0 0 0 0 0 0 1 0 1 1 0 0
1 0 0 1 0 1 1 0 1 0 0 1 0 0 0 0 1 0 0 1 0 1 0 0 0 0
0 1 1 0 0 1 1 0 1 0 0 1 0 0 0 0 0 1 1 0 0 1 0 0 0 0
0 0 0 0 1 0 0 1 0 1 1 0 1 0 0 1 0 0 0 0 1 0 1 0 0 1
0 0 0 0 1 0 0 1 0 1 1 0 0 1 1 0 0 0 0 0 1 0 0 1 1 0
1 0 0 1 0 1 1 0 1 0 0 1 0 0 0 0 1 0 0 1 0 1 0 0 0 0
0 1 1 0 0 1 1 0 1 0 0 1 0 0 0 0 0 1 1 0 0 1 0 0 0 0
0 0 0 0 1 0 0 1 0 1 1 0 0 1 1 0 0 0 0 0 1 0 0 1 1 0
0 0 0 0 1 0 0 1 0 1 1 0 1 0 0 1 0 0 0 0 1 0 1 0 0 1

1 0 1 -1 0 0 0 0 0 0 0 0 0 0 0 0 0 0 0 0 0 0 0 0 0 0
0 0 1 0 0 0 0 0 0 0 0 0 0 0 0 0 0 0 0 0 0 0 0 0 0 0
0 0 0 0 0 0 0 0 0 0 0 0 0 1 0 0 0 0 0 0 0 0 0 0 0 0
0 0 0 0 1 0 0 0 0 0 0 0 -1 0 0 0 0 0 0 0 0 0 0 0 0 0
0 0 -1 1 0 0 0 0 0 0 0 0 0 0 0 0 0 0 0 0 0 0 0 0 0 0
0 0 0 0 0 0 0 0 0 0 0 0 1 -1 0 0 0 0 0 0 0 0 0 0 0 0
-1 0 -1 0 0 0 1 0 0 0 0 0 0 0 0 0 0 0 0 0 0 0 0 0 0 0
0 0 0 0 -1 0 0 1 0 0 0 0 0 0 0 0 0 0 0 0 0 0 0 0 0 0
-1 0 -1 0 0 0 0 0 1 0 0 0 0 0 0 0 0 0 0 0 0 0 0 0 0 0
0 0 0 0 -1 0 0 0 0 1 0 0 0 0 0 0 0 0 0 0 0 0 0 0 0 0
0 0 0 0 -1 0 0 0 0 0 1 0 0 0 0 0 0 0 0 0 0 0 0 0 0 0
-1 0 -1 0 0 0 0 0 0 0 0 1 0 0 0 0 0 0 0 0 0 0 0 0 0 0
-1 1 -1 1 0 0 0 0 0 0 0 0 0 0 0 0 0 0 0 0 0 0 0 0 0 0
-1 0 -1 0 0 1 0 0 0 0 0 0 0 0 0 0 0 0 0 0 0 0 0 0 0 0
0 0 0 0 -1 0 0 0 0 0 0 0 1 0 1 0 0 0 0 0 0 0 0 0 0 0
0 0 0 0 -1 0 0 0 0 0 0 0 0 1 0 1 0 0 0 0 0 0 0 0 0 0
-1 0 0 0 0 0 0 0 0 0 0 0 0 0 0 0 1 0 0 0 0 0 0 0 0 0
-1 0 -1 1 0 0 0 0 0 0 0 0 0 0 0 0 0 1 0 0 0 0 0 0 0 0
0 0 -1 0 0 0 0 0 0 0 0 0 0 0 0 0 0 0 1 0 0 0 0 0 0 0
0 0 0 -1 0 0 0 0 0 0 0 0 0 0 0 0 0 0 0 1 0 0 0 0 0 0
0 0 0 0 -1 0 0 0 0 0 0 0 0 0 0 0 0 0 0 0 1 0 0 0 0 0
-1 0 -1 0 0 0 0 0 0 0 0 0 0 0 0 0 0 0 0 0 0 1 0 0 0 0
0 0 0 0 0 0 0 0 0 0 0 0 -1 0 0 0 0 0 0 0 0 0 1 0 0 0
0 0 0 0 0 0 0 0 0 0 0 0 0 -1 0 0 0 0 0 0 0 0 0 1 0 0
0 0 0 0 -1 0 0 0 0 0 0 0 1 0 0 0 0 0 0 0 0 0 0 0 1 0
0 0 0 0 -1 0 0 0 0 0 0 0 0 1 0 0 0 0 0 0 0 0 0 0 0 1

1 0 0 0 0 0 0 0 0 0 0 0 0 0 0 0
0 1 0 0 0 0 0 0 0 0 0 0 0 0 0 0
0 0 1 0 0 0 0 0 0 0 0 0 0 0 0 0
0 0 0 1 0 0 0 0 0 0 0 0 0 0 0 0
0 0 0 0 1 0 0 0 0 0 0 0 0 0 0 0
0 0 0 0 0 1 0 0 0 0 0 0 0 0 0 0
0 0 0 0 0 0 0 0 0 0 0 0 0 0 0 0
0 0 0 0 0 0 0 0 0 0 0 0 0 0 0 0
0 0 0 0 0 0 0 0 0 0 0 0 0 0 0 0
0 0 0 0 0 0 0 0 0 0 0 0 0 0 0 0
0 0 0 0 0 0 0 0 0 0 0 0 0 0 0 0
0 0 0 0 0 0 0 0 0 0 0 0 0 0 0 0
0 0 0 0 0 0 0 0 0 0 0 0 0 0 0 0
0 0 0 0 0 0 0 0 0 0 0 0 0 0 0 0
0 0 0 0 0 0 0 0 0 0 0 0 0 0 0 0
0 0 0 0 0 0 0 0 0 0 0 0 0 0 0 0
0 0 0 0 0 0 0 0 0 0 0 0 0 0 0 0
0 0 0 0 0 0 0 0 0 0 0 0 0 0 0 0
0 0 0 0 0 0 0 0 0 0 0 0 0 0 0 0
0 0 0 0 0 0 0 0 0 0 0 0 0 0 0 0
0 0 0 0 0 0 0 0 0 0 0 0 0 0 0 0
0 0 0 0 0 0 0 0 0 0 0 0 0 0 0 0
0 0 0 0 0 0 0 0 0 0 0 0 0 0 0 0
0 0 0 0 0 0 0 0 0 0 0 0 0 0 0 0
0 0 0 0 0 0 0 0 0 0 0 0 0 0 0 0
0 0 0 0 0 0 0 0 0 0 0 0 0 0 0 0

1 0 0 0 0 0 0 0 -1 -1 0 0 0 -1 0 0
0 1 0 0 0 0 0 0 0 -1 -1 0 0 -1 0 0
0 0 1 0 0 0 0 -1 0 0 0 -1 0 0 -1 0
0 0 0 1 0 0 -1 0 0 0 0 -1 0 0 -1 0
0 0 0 0 0 0 0 0 1 0 0 0 0 0 0 0
0 0 0 0 0 0 0 0 0 0 1 0 0 0 0 0
0 0 0 0 0 0 1 0 0 0 0 0 0 0 0 0
0 0 0 0 0 0 0 1 0 0 0 0 0 0 0 0
0 0 0 0 1 0 0 0 0 1 0 0 -1 1 0 0
0 0 0 0 0 0 0 0 0 1 0 0 0 0 0 0
0 0 0 0 0 1 0 0 0 0 0 1 0 0 1 -1
0 0 0 0 0 0 0 0 0 0 0 1 0 0 0 0
0 0 0 0 0 0 0 0 0 0 0 0 1 0 0 0
0 0 0 0 0 0 0 0 0 0 0 0 0 1 0 0
0 0 0 0 0 0 0 0 0 0 0 0 0 0 1 0
0 0 0 0 0 0 0 0 0 0 0 0 0 0 0 1
