GM:(0,0,0)  L:(1/2,1/2,1/2)  W:(1/2,1,0)  X:(0,1,0)
GM:(0,0,0)  L:(1/2,1/2,1/2)  W:(1/2,1,0)  X:(0,1,0)
GM2GM3  GM1  GM4  GM6GM7  GM5  L2L3  L1  L4L4  L5L6  W1W2  W3W3  W4W4  X1X4  X2X3  X5X5
2 1 3 4 2 2 1 2 2 2 2 2 2 2 4
8a (23,23) 1E 2 1,8a (23,23) 2E 2 1,8a (23,23) A 2 1,8a (23,23) T 6 1,8a (23,23) 1F 4 1,8a (23,23) 2F 4 1,8a (23,23) E 4 1,8b (23,23) 1E 2 1,8b (23,23) 2E 2 1,8b (23,23) A 2 1,8b (23,23) T 6 1,8b (23,23) 1F 4 1,8b (23,23) 2F 4 1,8b (23,23) E 4 1,16c (3',3) A1 4 1,16d (3',3) A1 4 1
1 0 0 0 0 1 0 0 0 1 0 0 1 0 0
1 0 0 0 0 1 0 0 0 1 0 0 1 0 0
0 2 0 0 0 0 2 0 0 1 0 0 1 0 0
0 0 2 0 0 2 2 0 0 3 0 0 1 2 0
0 0 0 1 0 0 0 1 1 0 1 1 0 0 1
0 0 0 1 0 0 0 1 1 0 1 1 0 0 1
0 0 0 0 2 0 0 0 2 0 1 1 0 0 1
1 0 0 0 0 1 0 0 0 1 0 0 1 0 0
1 0 0 0 0 1 0 0 0 1 0 0 1 0 0
0 2 0 0 0 0 2 0 0 1 0 0 1 0 0
0 0 2 0 0 2 2 0 0 3 0 0 1 2 0
0 0 0 1 0 0 0 1 1 0 1 1 0 0 1
0 0 0 1 0 0 0 1 1 0 1 1 0 0 1
0 0 0 0 2 0 0 0 2 0 1 1 0 0 1
0 1 1 0 0 1 2 0 0 2 0 0 1 1 0
0 1 1 0 0 1 2 0 0 2 0 0 1 1 0

1 0 0 0 0 0 0 0 0 0 0 0 0 0 0
-1 0 0 0 0 0 0 0 0 0 0 0 1 0 0
0 0 1 0 0 0 0 0 0 0 0 0 0 0 0
0 0 0 1 0 0 0 0 0 0 0 0 0 0 0
0 0 0 -1 0 0 0 0 0 0 0 0 0 0 1
-1 0 -1 0 0 1 0 0 0 0 0 0 0 0 0
0 -1 -1 0 0 0 1 0 0 0 0 0 0 0 0
0 0 0 -1 0 0 0 1 0 0 0 0 0 0 0
0 0 0 -1 -1 0 0 0 1 0 0 0 0 0 0
-2 -1 -2 0 0 0 0 0 0 1 0 0 1 0 0
0 0 0 -2 -1 0 0 0 0 0 1 0 0 0 1
0 0 0 -2 -1 0 0 0 0 0 0 1 0 0 1
-2 -1 -1 0 0 0 0 0 0 0 0 0 2 0 0
0 0 -1 0 0 0 0 0 0 0 0 0 0 1 0
0 0 0 -2 -1 0 0 0 0 0 0 0 0 0 2

1 0 0 0 0 0 0 0 0 0 0 0 0 0 0 0
0 1 0 0 0 0 0 0 0 0 0 0 0 0 0 0
0 0 1 0 0 0 0 0 0 0 0 0 0 0 0 0
0 0 0 1 0 0 0 0 0 0 0 0 0 0 0 0
0 0 0 0 1 0 0 0 0 0 0 0 0 0 0 0
0 0 0 0 0 0 0 0 0 0 0 0 0 0 0 0
0 0 0 0 0 0 0 0 0 0 0 0 0 0 0 0
0 0 0 0 0 0 0 0 0 0 0 0 0 0 0 0
0 0 0 0 0 0 0 0 0 0 0 0 0 0 0 0
0 0 0 0 0 0 0 0 0 0 0 0 0 0 0 0
0 0 0 0 0 0 0 0 0 0 0 0 0 0 0 0
0 0 0 0 0 0 0 0 0 0 0 0 0 0 0 0
0 0 0 0 0 0 0 0 0 0 0 0 0 0 0 0
0 0 0 0 0 0 0 0 0 0 0 0 0 0 0 0
0 0 0 0 0 0 0 0 0 0 0 0 0 0 0 0

1 0 0 0 0 0 -1 -1 -1 0 0 0 0 0 0 0
0 0 0 0 0 0 1 0 0 0 0 0 0 0 0 0
0 1 -1 0 0 0 0 0 0 -1 0 0 0 0 -1 -1
0 0 0 0 0 0 0 0 0 0 -1 0 0 0 -1 -1
0 0 0 1 0 -1 0 0 0 0 0 -1 -1 0 0 0
0 0 0 0 0 1 0 0 0 0 0 0 0 0 0 0
0 0 0 0 1 0 0 0 0 0 0 0 0 -1 0 0
0 0 0 0 0 0 0 1 0 0 0 0 0 0 0 0
0 0 0 0 0 0 0 0 1 0 0 0 0 0 0 0
0 0 0 0 0 0 0 0 0 1 0 0 0 0 0 0
0 0 0 0 0 0 0 0 0 0 1 0 0 0 0 0
0 0 0 0 0 0 0 0 0 0 0 1 0 0 0 0
0 0 0 0 0 0 0 0 0 0 0 0 1 0 0 0
0 0 0 0 0 0 0 0 0 0 0 0 0 1 0 0
0 0 0 0 0 0 0 0 0 0 0 0 0 0 1 0
0 0 1 0 0 0 0 0 0 0 0 0 0 0 1 2
