GM:(0,0,0)  R:(1/2,1/2,1/2)  S:(1/2,1/2,0)  T:(0,1/2,1/2)  U:(1/2,0,1/2)  X:(1/2,0,0)  Y:(0,1/2,0)  Z:(0,0,1/2)
GM:(0,0,0)  R:(1/2,1/2,1/2)  S:(1/2,1/2,0)  T:(0,1/2,1/2)  U:(1/2,0,1/2)  X:(1/2,0,0)  Y:(0,1/2,0)  Z:(0,0,1/2)
GM1+  GM4+  GM1-  GM4-  GM2+  GM3+  GM2-  GM3-  GM5  GM6  R1R2  R3R4  S1S2  S4S4  S3S3  T1+T3+  T2+T4+  T1-T3-  T2-T4-  T5T5  T6T6  U1  U2  U3U4  X1  X2  X4  X3  Y1+Y4-  Y1-Y4+  Y2+Y3-  Y2-Y3+  Y5Y6  Z1+Z2-  Z3-Z4+  Z1-Z2+  Z3+Z4-  Z5Z6
1 1 1 1 1 1 1 1 2 2 4 4 4 4 4 2 2 2 2 4 4 2 2 4 2 2 2 2 2 2 2 2 4 2 2 2 2 4
4a (2/m,2/m) Ag 4 1;4a (2/m,2/m) Au 4 1;4a (2/m,2/m) Bg 4 1;4a (2/m,2/m) Bu 4 1;4a (2/m,2/m) 1Eg 4 1;4a (2/m,2/m) 1Eu 4 1;4a (2/m,2/m) 2Eg 4 1;4a (2/m,2/m) 2Eu 4 1;4b (2/m,2/m) Ag 4 1;4b (2/m,2/m) Au 4 1;4b (2/m,2/m) Bg 4 1;4b (2/m,2/m) Bu 4 1;4b (2/m,2/m) 1Eg 4 1;4b (2/m,2/m) 1Eu 4 1;4b (2/m,2/m) 2Eg 4 1;4b (2/m,2/m) 2Eu 4 1;4c (2'/m,m) A' 4 1;4c (2'/m,m) A'' 4 1;4d (2'/m,m) A' 4 1;4d (2'/m,m) A'' 4 1;4e (mm2,mm2) A1 4 1;4e (mm2,mm2) A2 4 1;4e (mm2,mm2) B1 4 1;4e (mm2,mm2) B2 4 1
2 2 0 0 0 0 0 0 0 0 1 0 1 0 0 1 1 0 0 0 0 2 0 0 2 0 0 0 1 1 0 0 0 1 1 0 0 0
0 0 2 2 0 0 0 0 0 0 1 0 1 0 0 0 0 1 1 0 0 0 2 0 0 2 0 0 1 1 0 0 0 0 0 1 1 0
0 0 0 0 2 2 0 0 0 0 1 0 1 0 0 1 1 0 0 0 0 0 2 0 0 2 0 0 0 0 1 1 0 0 0 1 1 0
0 0 0 0 0 0 2 2 0 0 1 0 1 0 0 0 0 1 1 0 0 2 0 0 2 0 0 0 0 0 1 1 0 1 1 0 0 0
0 0 0 0 0 0 0 0 2 0 0 1 0 1 0 0 0 0 0 1 0 0 0 1 0 0 2 0 0 0 0 0 1 0 0 0 0 1
0 0 0 0 0 0 0 0 0 2 0 1 0 1 0 0 0 0 0 0 1 0 0 1 0 0 2 0 0 0 0 0 1 0 0 0 0 1
0 0 0 0 0 0 0 0 2 0 0 1 0 0 1 0 0 0 0 1 0 0 0 1 0 0 0 2 0 0 0 0 1 0 0 0 0 1
0 0 0 0 0 0 0 0 0 2 0 1 0 0 1 0 0 0 0 0 1 0 0 1 0 0 0 2 0 0 0 0 1 0 0 0 0 1
2 2 0 0 0 0 0 0 0 0 1 0 1 0 0 0 0 1 1 0 0 2 0 0 2 0 0 0 1 1 0 0 0 1 1 0 0 0
0 0 2 2 0 0 0 0 0 0 1 0 1 0 0 1 1 0 0 0 0 0 2 0 0 2 0 0 1 1 0 0 0 0 0 1 1 0
0 0 0 0 2 2 0 0 0 0 1 0 1 0 0 0 0 1 1 0 0 0 2 0 0 2 0 0 0 0 1 1 0 0 0 1 1 0
0 0 0 0 0 0 2 2 0 0 1 0 1 0 0 1 1 0 0 0 0 2 0 0 2 0 0 0 0 0 1 1 0 1 1 0 0 0
0 0 0 0 0 0 0 0 2 0 0 1 0 1 0 0 0 0 0 0 1 0 0 1 0 0 2 0 0 0 0 0 1 0 0 0 0 1
0 0 0 0 0 0 0 0 0 2 0 1 0 1 0 0 0 0 0 1 0 0 0 1 0 0 2 0 0 0 0 0 1 0 0 0 0 1
0 0 0 0 0 0 0 0 2 0 0 1 0 0 1 0 0 0 0 0 1 0 0 1 0 0 0 2 0 0 0 0 1 0 0 0 0 1
0 0 0 0 0 0 0 0 0 2 0 1 0 0 1 0 0 0 0 1 0 0 0 1 0 0 0 2 0 0 0 0 1 0 0 0 0 1
1 0 0 1 0 1 1 0 0 0 1 0 1 0 0 1 0 0 1 0 0 1 1 0 1 1 0 0 1 0 0 1 0 1 0 0 1 0
0 1 1 0 1 0 0 1 0 0 1 0 1 0 0 0 1 1 0 0 0 1 1 0 1 1 0 0 0 1 1 0 0 0 1 1 0 0
1 0 0 1 0 1 1 0 0 0 1 0 1 0 0 1 0 0 1 0 0 1 1 0 1 1 0 0 1 0 0 1 0 1 0 0 1 0
0 1 1 0 1 0 0 1 0 0 1 0 1 0 0 0 1 1 0 0 0 1 1 0 1 1 0 0 0 1 1 0 0 0 1 1 0 0
2 0 0 0 0 0 2 0 0 0 1 0 1 0 0 1 0 0 1 0 0 2 0 0 2 0 0 0 1 0 0 1 0 2 0 0 0 0
0 0 2 0 2 0 0 0 0 0 1 0 1 0 0 0 1 1 0 0 0 0 2 0 0 2 0 0 0 1 1 0 0 0 0 2 0 0
0 2 0 0 0 0 0 2 0 0 1 0 1 0 0 0 1 1 0 0 0 2 0 0 2 0 0 0 0 1 1 0 0 0 2 0 0 0
0 0 0 2 0 2 0 0 0 0 1 0 1 0 0 1 0 0 1 0 0 0 2 0 0 2 0 0 1 0 0 1 0 0 0 0 2 0

-1 0 -1 0 0 -2 -1 0 0 0 2 0 0 0 0 1 0 0 0 0 0 0 0 0 0 0 0 0 0 0 0 1 0 0 0 0 0 0
0 0 1 0 0 0 0 0 0 0 -1 0 0 0 0 0 0 0 0 0 0 0 0 0 0 0 0 0 0 0 0 1 0 0 1 0 0 0
0 0 0 0 1 -1 0 0 0 0 -1 0 0 0 0 0 0 0 0 0 0 0 0 0 0 0 0 0 0 0 0 1 0 0 1 0 1 0
-1 0 -1 0 0 -1 0 0 0 0 2 0 0 0 0 0 0 0 0 0 0 0 0 0 0 0 0 0 0 0 0 0 0 0 0 0 0 0
0 0 0 0 0 0 0 0 -1 -1 0 0 0 1 0 0 0 0 0 1 0 0 0 0 0 0 0 0 0 0 0 0 0 0 0 0 0 1
0 0 0 0 0 0 0 0 0 0 0 0 0 0 0 0 0 0 0 -1 0 0 0 0 0 0 0 0 0 0 0 0 0 0 0 0 0 1
0 0 0 0 0 0 0 0 0 0 0 0 0 -1 0 0 0 0 0 0 0 0 0 0 0 0 0 0 0 0 0 0 0 0 0 0 0 1
1 0 1 0 0 1 0 0 0 0 -2 0 0 0 0 -1 0 0 0 0 0 0 0 0 0 0 0 0 0 0 0 1 0 0 1 0 0 0
1 0 1 0 1 0 1 0 0 0 -3 0 0 0 0 0 0 0 0 0 0 0 0 0 0 0 0 0 0 0 0 0 0 0 1 0 1 0
1 0 1 0 0 1 1 0 -1 0 -3 0 0 0 0 0 0 0 0 2 0 0 0 0 0 0 0 0 0 0 0 0 0 0 1 0 1 0
2 0 2 0 2 0 2 0 -1 0 -6 0 0 0 0 0 0 0 0 2 0 0 0 0 0 0 0 0 0 0 0 0 0 0 2 0 2 0
0 0 0 0 0 0 0 0 -1 -1 0 1 0 0 0 0 0 0 0 0 0 0 0 0 0 0 0 0 0 0 0 0 0 0 0 0 0 1
0 0 0 0 0 0 0 0 0 0 -1 0 1 0 0 0 0 0 0 0 0 0 0 0 0 0 0 0 0 0 0 0 0 0 0 0 0 0
0 0 -1 1 1 -1 0 0 0 0 0 0 0 0 0 0 0 0 0 0 0 0 0 0 0 0 0 0 0 0 0 0 0 0 0 0 0 0
0 0 0 0 0 0 0 0 -1 -1 0 0 0 1 1 0 0 0 0 0 0 0 0 0 0 0 0 0 0 0 0 0 0 0 0 0 0 1
1 0 1 0 0 1 0 1 0 0 -2 0 0 0 0 0 0 0 0 0 0 0 0 0 0 0 0 0 0 0 0 0 0 0 0 0 0 0
1 0 1 0 0 1 1 0 0 0 -3 0 0 0 0 -1 1 0 0 0 0 0 0 0 0 0 0 0 0 0 0 0 0 0 1 0 1 0
0 0 0 0 0 0 0 0 0 0 -1 0 0 0 0 1 0 1 0 0 0 0 0 0 0 0 0 0 0 0 0 0 0 0 0 0 0 0
0 0 0 0 1 -1 0 0 0 0 -2 0 0 0 0 1 0 0 1 0 0 0 0 0 0 0 0 0 0 0 0 0 0 0 1 0 1 0
0 1 1 0 0 1 1 0 0 0 -2 0 0 0 0 0 0 0 0 0 0 0 0 0 0 0 0 0 0 0 0 0 0 0 0 0 0 0
0 0 0 0 0 0 0 0 -1 -1 0 0 0 0 0 0 0 0 0 1 1 0 0 0 0 0 0 0 0 0 0 0 0 0 0 0 0 1
0 0 1 0 0 1 0 0 0 0 -2 0 0 0 0 0 0 0 0 0 0 1 0 0 0 0 0 0 0 0 0 0 0 0 0 0 0 0
0 0 -1 0 0 -1 0 0 0 0 0 0 0 0 0 0 0 0 0 0 0 0 1 0 0 0 0 0 0 0 0 0 0 0 0 0 0 0
0 0 0 0 0 0 0 0 -1 -1 0 0 0 0 0 0 0 0 0 0 0 0 0 1 0 0 0 0 0 0 0 0 0 0 0 0 0 1
0 0 1 0 0 1 0 0 0 0 -2 0 0 0 0 0 0 0 0 0 0 0 0 0 1 0 0 0 0 0 0 0 0 0 0 0 0 0
0 0 -1 0 0 -1 0 0 0 0 0 0 0 0 0 0 0 0 0 0 0 0 0 0 0 1 0 0 0 0 0 0 0 0 0 0 0 0
0 0 0 0 0 0 0 0 0 0 0 0 0 -2 0 0 0 0 0 0 0 0 0 0 0 0 1 0 0 0 0 0 0 0 0 0 0 0
0 0 0 0 0 0 0 0 -1 -1 0 0 0 2 0 0 0 0 0 0 0 0 0 0 0 0 0 1 0 0 0 0 0 0 0 0 0 0
0 0 0 0 1 -1 0 0 0 0 -2 0 0 0 0 0 0 0 0 0 0 0 0 0 0 0 0 0 1 0 0 1 0 0 1 0 1 0
0 0 0 0 0 0 0 0 0 0 -1 0 0 0 0 0 0 0 0 0 0 0 0 0 0 0 0 0 0 1 0 1 0 0 0 0 0 0
1 0 1 0 0 0 0 0 0 0 -3 0 0 0 0 0 0 0 0 0 0 0 0 0 0 0 0 0 0 0 1 1 0 0 1 0 1 0
0 0 0 0 0 -1 -1 0 0 0 0 0 0 0 0 0 0 0 0 0 0 0 0 0 0 0 0 0 0 0 0 2 0 0 0 0 0 0
0 0 0 0 0 0 0 0 -1 -1 0 0 0 0 0 0 0 0 0 0 0 0 0 0 0 0 0 0 0 0 0 0 1 0 0 0 0 1
0 0 1 0 0 1 0 0 0 0 -2 0 0 0 0 0 0 0 0 0 0 0 0 0 0 0 0 0 0 0 0 0 0 1 1 0 0 0
1 0 2 0 0 2 1 0 0 0 -4 0 0 0 0 0 0 0 0 0 0 0 0 0 0 0 0 0 0 0 0 0 0 0 2 0 0 0
0 0 -1 0 0 -1 0 0 0 0 0 0 0 0 0 0 0 0 0 0 0 0 0 0 0 0 0 0 0 0 0 0 0 0 0 1 1 0
0 0 -1 0 1 -2 0 0 0 0 0 0 0 0 0 0 0 0 0 0 0 0 0 0 0 0 0 0 0 0 0 0 0 0 0 0 2 0
0 0 0 0 0 0 0 0 -1 -1 0 0 0 0 0 0 0 0 0 0 0 0 0 0 0 0 0 0 0 0 0 0 0 0 0 0 0 2

1 0 0 0 0 0 0 0 0 0 0 0 0 0 0 0 0 0 0 0 0 0 0 0
0 1 0 0 0 0 0 0 0 0 0 0 0 0 0 0 0 0 0 0 0 0 0 0
0 0 1 0 0 0 0 0 0 0 0 0 0 0 0 0 0 0 0 0 0 0 0 0
0 0 0 1 0 0 0 0 0 0 0 0 0 0 0 0 0 0 0 0 0 0 0 0
0 0 0 0 1 0 0 0 0 0 0 0 0 0 0 0 0 0 0 0 0 0 0 0
0 0 0 0 0 1 0 0 0 0 0 0 0 0 0 0 0 0 0 0 0 0 0 0
0 0 0 0 0 0 1 0 0 0 0 0 0 0 0 0 0 0 0 0 0 0 0 0
0 0 0 0 0 0 0 1 0 0 0 0 0 0 0 0 0 0 0 0 0 0 0 0
0 0 0 0 0 0 0 0 1 0 0 0 0 0 0 0 0 0 0 0 0 0 0 0
0 0 0 0 0 0 0 0 0 1 0 0 0 0 0 0 0 0 0 0 0 0 0 0
0 0 0 0 0 0 0 0 0 0 2 0 0 0 0 0 0 0 0 0 0 0 0 0
0 0 0 0 0 0 0 0 0 0 0 0 0 0 0 0 0 0 0 0 0 0 0 0
0 0 0 0 0 0 0 0 0 0 0 0 0 0 0 0 0 0 0 0 0 0 0 0
0 0 0 0 0 0 0 0 0 0 0 0 0 0 0 0 0 0 0 0 0 0 0 0
0 0 0 0 0 0 0 0 0 0 0 0 0 0 0 0 0 0 0 0 0 0 0 0
0 0 0 0 0 0 0 0 0 0 0 0 0 0 0 0 0 0 0 0 0 0 0 0
0 0 0 0 0 0 0 0 0 0 0 0 0 0 0 0 0 0 0 0 0 0 0 0
0 0 0 0 0 0 0 0 0 0 0 0 0 0 0 0 0 0 0 0 0 0 0 0
0 0 0 0 0 0 0 0 0 0 0 0 0 0 0 0 0 0 0 0 0 0 0 0
0 0 0 0 0 0 0 0 0 0 0 0 0 0 0 0 0 0 0 0 0 0 0 0
0 0 0 0 0 0 0 0 0 0 0 0 0 0 0 0 0 0 0 0 0 0 0 0
0 0 0 0 0 0 0 0 0 0 0 0 0 0 0 0 0 0 0 0 0 0 0 0
0 0 0 0 0 0 0 0 0 0 0 0 0 0 0 0 0 0 0 0 0 0 0 0
0 0 0 0 0 0 0 0 0 0 0 0 0 0 0 0 0 0 0 0 0 0 0 0
0 0 0 0 0 0 0 0 0 0 0 0 0 0 0 0 0 0 0 0 0 0 0 0
0 0 0 0 0 0 0 0 0 0 0 0 0 0 0 0 0 0 0 0 0 0 0 0
0 0 0 0 0 0 0 0 0 0 0 0 0 0 0 0 0 0 0 0 0 0 0 0
0 0 0 0 0 0 0 0 0 0 0 0 0 0 0 0 0 0 0 0 0 0 0 0
0 0 0 0 0 0 0 0 0 0 0 0 0 0 0 0 0 0 0 0 0 0 0 0
0 0 0 0 0 0 0 0 0 0 0 0 0 0 0 0 0 0 0 0 0 0 0 0
0 0 0 0 0 0 0 0 0 0 0 0 0 0 0 0 0 0 0 0 0 0 0 0
0 0 0 0 0 0 0 0 0 0 0 0 0 0 0 0 0 0 0 0 0 0 0 0
0 0 0 0 0 0 0 0 0 0 0 0 0 0 0 0 0 0 0 0 0 0 0 0
0 0 0 0 0 0 0 0 0 0 0 0 0 0 0 0 0 0 0 0 0 0 0 0
0 0 0 0 0 0 0 0 0 0 0 0 0 0 0 0 0 0 0 0 0 0 0 0
0 0 0 0 0 0 0 0 0 0 0 0 0 0 0 0 0 0 0 0 0 0 0 0
0 0 0 0 0 0 0 0 0 0 0 0 0 0 0 0 0 0 0 0 0 0 0 0
0 0 0 0 0 0 0 0 0 0 0 0 0 0 0 0 0 0 0 0 0 0 0 0

1 0 0 -1 0 0 0 0 0 0 0 -1 0 0 0 0 -1 -1 0 -1 1 0 -1 0
0 1 0 -1 0 0 0 0 0 0 0 0 0 0 0 0 -1 -1 0 -1 0 -1 0 0
0 0 1 -1 0 0 0 0 0 0 0 0 0 0 0 0 0 -1 0 -1 -1 -1 0 0
0 0 0 0 0 0 0 0 0 0 0 -1 0 0 0 0 0 -1 0 -1 0 0 -1 0
0 0 0 0 1 0 0 0 0 0 0 0 1 -1 1 0 0 0 0 0 0 0 0 0
0 0 0 0 0 1 0 0 -1 0 1 0 -1 -1 0 -1 0 0 0 0 0 0 0 0
0 0 0 0 0 0 1 0 0 0 0 0 -1 0 -1 -1 0 0 0 0 0 0 0 0
0 0 0 0 0 0 0 0 0 0 0 0 1 0 0 0 0 0 0 0 0 0 0 0
0 0 0 0 0 0 0 1 0 0 0 1 0 0 0 0 1 0 0 0 -1 0 0 0
0 0 0 0 0 0 0 0 0 0 0 0 0 0 0 0 1 0 0 0 0 0 0 0
0 0 0 0 0 0 0 0 0 0 0 0 0 0 0 0 0 0 0 0 1 0 0 0
0 0 0 0 0 0 0 0 0 0 0 1 0 0 0 0 0 0 0 0 0 0 0 0
0 0 0 0 0 0 0 0 1 0 -1 0 0 1 -1 1 0 0 0 0 0 0 0 0
0 0 0 0 0 0 0 0 0 0 0 0 0 1 0 0 0 0 0 0 0 0 0 0
0 0 0 0 0 0 0 0 0 0 0 0 0 0 1 0 0 0 0 0 0 0 0 0
0 0 0 0 0 0 0 0 0 0 0 0 0 0 0 1 0 0 0 0 0 0 0 0
0 0 0 1 0 0 0 0 1 1 -2 0 0 0 0 0 0 2 -1 2 0 2 0 -2
0 0 0 0 0 0 0 0 0 0 0 0 0 0 0 0 0 1 0 0 0 0 0 0
0 0 0 0 0 0 0 0 0 0 0 0 0 0 0 0 0 0 1 0 0 0 0 0
0 0 0 1 0 0 0 0 0 0 0 0 0 0 0 0 0 1 0 2 0 0 0 0
0 0 0 0 0 0 0 0 1 0 0 0 0 0 0 0 0 0 0 0 0 -1 1 1
0 0 0 0 0 0 0 0 0 0 0 0 0 0 0 0 0 0 0 0 0 1 0 0
0 0 0 0 0 0 0 0 0 0 0 0 0 0 0 0 0 0 0 0 0 0 1 0
0 0 0 0 0 0 0 0 0 0 0 0 0 0 0 0 0 0 0 0 0 0 0 1
