GM:(0,0,0)  A:(1/2,1/2,1/2)  M:(1/2,1/2,0)  R:(0,1/2,1/2)  X:(0,1/2,0)  Z:(0,0,1/2)
GM:(0,0,0)  T:(1,0,1/2)  Y:(1,0,0)  R:(1/2,1/2,1/2)  S:(1/2,1/2,0)  Z:(0,0,1/2)
GM1  GM2  GM3GM4  GM5  (A)T3T4  (A)T1T1  (A)T2T2  (A)T5T5  (M)Y3Y4  (M)Y1Y1  (M)Y2Y2  (M)Y5Y5  R1R2  R3R4  (X)S1S2  (X)S3S4  Z1  Z2  Z3Z4  Z5
1 1 2 2 2 2 2 4 2 2 2 4 2 2 2 2 1 1 2 2
2a (4',2) A 2 1;2a (4',2) BB 4 1;2a (4',2) 1E2E 4 1;2b (mm2,mm2) A1 2 1;2b (mm2,mm2) A2 2 1;2b (mm2,mm2) B1 2 1;2b (mm2,mm2) B2 2 1;2b (mm2,mm2) E 4 1
1 1 0 0 1 0 0 0 1 0 0 0 1 0 1 0 1 1 0 0
0 0 2 0 0 1 1 0 0 1 1 0 2 0 2 0 0 0 2 0
0 0 0 2 0 0 0 1 0 0 0 1 0 2 0 2 0 0 0 2
2 0 0 0 0 1 0 0 0 1 0 0 1 0 1 0 2 0 0 0
0 2 0 0 0 0 1 0 0 0 1 0 1 0 1 0 0 2 0 0
0 0 1 0 1 0 0 0 1 0 0 0 1 0 1 0 0 0 1 0
0 0 1 0 1 0 0 0 1 0 0 0 1 0 1 0 0 0 1 0
0 0 0 2 0 0 0 1 0 0 0 1 0 2 0 2 0 0 0 2

0 0 0 0 1 0 0 0 0 0 0 0 0 0 0 0 0 0 0 0
0 0 0 0 -1 -1 0 0 0 0 0 0 0 0 1 0 0 0 0 0
0 0 0 0 0 0 0 0 0 0 0 1 0 0 0 0 0 0 0 0
1 0 0 0 -2 -2 0 0 0 0 0 0 0 0 1 0 0 0 0 0
0 1 0 0 -1 0 0 0 0 0 0 0 0 0 0 0 0 0 0 0
1 0 1 0 -1 -2 0 0 0 0 0 0 0 0 0 0 0 0 0 0
1 -1 0 0 -1 -3 1 0 0 0 0 0 0 0 1 0 0 0 0 0
0 0 0 -1 0 0 0 1 0 0 0 1 0 0 0 0 0 0 0 0
0 0 0 0 -1 0 0 0 1 0 0 0 0 0 0 0 0 0 0 0
0 0 0 0 0 -1 0 0 0 1 0 0 0 0 0 0 0 0 0 0
1 -1 0 0 -1 -3 0 0 0 0 1 0 0 0 1 0 0 0 0 0
0 0 0 -1 0 0 0 0 0 0 0 2 0 0 0 0 0 0 0 0
1 -1 0 0 -2 -4 0 0 0 0 0 0 1 0 1 0 0 0 0 0
0 0 0 -1 0 0 0 0 0 0 0 0 0 1 0 0 0 0 0 0
1 -1 0 0 -2 -4 0 0 0 0 0 0 0 0 2 0 0 0 0 0
0 0 0 -1 0 0 0 0 0 0 0 0 0 0 0 1 0 0 0 0
-1 0 0 0 0 0 0 0 0 0 0 0 0 0 0 0 1 0 0 0
0 -1 0 0 0 0 0 0 0 0 0 0 0 0 0 0 0 1 0 0
1 0 0 0 -1 -2 0 0 0 0 0 0 0 0 0 0 0 0 1 0
0 0 0 -1 0 0 0 0 0 0 0 0 0 0 0 0 0 0 0 1

1 0 0 0 0 0 0 0
0 1 0 0 0 0 0 0
0 0 1 0 0 0 0 0
0 0 0 1 0 0 0 0
0 0 0 0 1 0 0 0
0 0 0 0 0 0 0 0
0 0 0 0 0 0 0 0
0 0 0 0 0 0 0 0
0 0 0 0 0 0 0 0
0 0 0 0 0 0 0 0
0 0 0 0 0 0 0 0
0 0 0 0 0 0 0 0
0 0 0 0 0 0 0 0
0 0 0 0 0 0 0 0
0 0 0 0 0 0 0 0
0 0 0 0 0 0 0 0
0 0 0 0 0 0 0 0
0 0 0 0 0 0 0 0
0 0 0 0 0 0 0 0
0 0 0 0 0 0 0 0

1 0 0 0 -1 -2 -2 0
0 1 0 0 -1 -1 -1 0
0 0 1 0 0 0 0 -1
0 0 0 1 0 1 1 0
0 0 0 0 1 1 1 0
0 0 0 0 0 1 0 0
0 0 0 0 1 1 2 0
0 0 0 0 0 0 0 1
