GM:(0,0,0)  L:(1/2,1/2,1/2)  W:(1/2,1,0)  X:(0,1,0)
GM:(0,0,0)  L:(1/2,1/2,1/2)  W:(1/2,1,0)  X:(0,1,0)
GM2  GM3  GM1  GM4  GM7  GM6  GM5  L2  L3  L1  L4  L5  L6  W1  W2  W3  W4  X1  X2  X3  X4  X5
1 1 1 3 2 2 2 1 1 1 1 1 1 1 1 1 1 1 1 1 1 2
4a (23,23) 1E 1 1;4a (23,23) 2E 1 1;4a (23,23) A 1 1;4a (23,23) T 3 1;4a (23,23) 1F 2 1;4a (23,23) 2F 2 1;4a (23,23) E 2 1;4b (23,23) 1E 1 1;4b (23,23) 2E 1 1;4b (23,23) A 1 1;4b (23,23) T 3 1;4b (23,23) 1F 2 1;4b (23,23) 2F 2 1;4b (23,23) E 2 1;4c (23,23) 1E 1 1;4c (23,23) 2E 1 1;4c (23,23) A 1 1;4c (23,23) T 3 1;4c (23,23) 1F 2 1;4c (23,23) 2F 2 1;4c (23,23) E 2 1;4d (23,23) 1E 1 1;4d (23,23) 2E 1 1;4d (23,23) A 1 1;4d (23,23) T 3 1;4d (23,23) 1F 2 1;4d (23,23) 2F 2 1;4d (23,23) E 2 1
1 0 0 0 0 0 0 1 0 0 0 0 0 1 0 0 0 1 0 0 0 0
0 1 0 0 0 0 0 0 1 0 0 0 0 1 0 0 0 1 0 0 0 0
0 0 1 0 0 0 0 0 0 1 0 0 0 1 0 0 0 1 0 0 0 0
0 0 0 1 0 0 0 1 1 1 0 0 0 1 2 0 0 0 1 1 1 0
0 0 0 0 1 0 0 0 0 0 1 1 0 0 0 1 1 0 0 0 0 1
0 0 0 0 0 1 0 0 0 0 1 0 1 0 0 1 1 0 0 0 0 1
0 0 0 0 0 0 1 0 0 0 0 1 1 0 0 1 1 0 0 0 0 1
1 0 0 0 0 0 0 1 0 0 0 0 0 1 0 0 0 1 0 0 0 0
0 1 0 0 0 0 0 0 1 0 0 0 0 1 0 0 0 1 0 0 0 0
0 0 1 0 0 0 0 0 0 1 0 0 0 1 0 0 0 1 0 0 0 0
0 0 0 1 0 0 0 1 1 1 0 0 0 1 2 0 0 0 1 1 1 0
0 0 0 0 1 0 0 0 0 0 1 1 0 0 0 1 1 0 0 0 0 1
0 0 0 0 0 1 0 0 0 0 1 0 1 0 0 1 1 0 0 0 0 1
0 0 0 0 0 0 1 0 0 0 0 1 1 0 0 1 1 0 0 0 0 1
1 0 0 0 0 0 0 1 0 0 0 0 0 0 1 0 0 0 0 0 1 0
0 1 0 0 0 0 0 0 1 0 0 0 0 0 1 0 0 0 0 0 1 0
0 0 1 0 0 0 0 0 0 1 0 0 0 0 1 0 0 0 0 0 1 0
0 0 0 1 0 0 0 1 1 1 0 0 0 2 1 0 0 1 1 1 0 0
0 0 0 0 1 0 0 0 0 0 1 1 0 0 0 1 1 0 0 0 0 1
0 0 0 0 0 1 0 0 0 0 1 0 1 0 0 1 1 0 0 0 0 1
0 0 0 0 0 0 1 0 0 0 0 1 1 0 0 1 1 0 0 0 0 1
1 0 0 0 0 0 0 1 0 0 0 0 0 0 1 0 0 0 0 0 1 0
0 1 0 0 0 0 0 0 1 0 0 0 0 0 1 0 0 0 0 0 1 0
0 0 1 0 0 0 0 0 0 1 0 0 0 0 1 0 0 0 0 0 1 0
0 0 0 1 0 0 0 1 1 1 0 0 0 2 1 0 0 1 1 1 0 0
0 0 0 0 1 0 0 0 0 0 1 1 0 0 0 1 1 0 0 0 0 1
0 0 0 0 0 1 0 0 0 0 1 0 1 0 0 1 1 0 0 0 0 1
0 0 0 0 0 0 1 0 0 0 0 1 1 0 0 1 1 0 0 0 0 1

0 -1 -1 -1 0 0 0 0 0 0 0 0 0 1 0 0 0 0 0 0 0 0
0 1 0 0 0 0 0 0 0 0 0 0 0 0 0 0 0 0 0 0 0 0
0 0 1 0 0 0 0 0 0 0 0 0 0 0 0 0 0 0 0 0 0 0
0 0 0 1 0 0 0 0 0 0 0 0 0 0 0 0 0 0 0 0 0 0
0 0 0 0 1 0 0 0 0 0 0 0 0 0 0 0 0 0 0 0 0 0
0 0 0 0 0 1 0 0 0 0 0 0 0 0 0 0 0 0 0 0 0 0
0 0 0 0 0 0 1 0 0 0 0 0 0 0 0 0 0 0 0 0 0 0
1 1 1 1 0 0 0 0 0 0 0 0 0 -1 0 0 0 0 0 0 0 0
0 -1 0 -1 0 0 0 0 1 0 0 0 0 0 0 0 0 0 0 0 0 0
0 0 -1 -1 0 0 0 0 0 1 0 0 0 0 0 0 0 0 0 0 0 0
0 0 0 0 -1 -1 0 0 0 0 1 0 0 0 0 0 0 0 0 0 0 0
0 0 0 0 -1 0 -1 0 0 0 0 1 0 0 0 0 0 0 0 0 0 0
0 0 0 0 0 -1 -1 0 0 0 0 0 1 0 0 0 0 0 0 0 0 0
-1 0 0 -1 0 0 0 1 0 0 0 0 0 0 0 0 0 0 0 0 0 0
-1 -1 -1 -3 0 0 0 0 0 0 0 0 0 1 1 0 0 0 0 0 0 0
0 0 0 0 -1 -1 -1 0 0 0 0 0 0 0 0 1 0 0 0 0 0 0
0 0 0 0 -1 -1 -1 0 0 0 0 0 0 0 0 0 1 0 0 0 0 0
0 0 0 1 0 0 0 0 0 0 0 0 0 -1 0 0 0 1 0 0 0 0
0 0 0 -1 0 0 0 0 0 0 0 0 0 0 0 0 0 0 1 0 0 0
0 0 0 -1 0 0 0 0 0 0 0 0 0 0 0 0 0 0 0 1 0 0
-1 -1 -1 -2 0 0 0 0 0 0 0 0 0 1 0 0 0 0 0 0 1 0
0 0 0 0 -1 -1 -1 0 0 0 0 0 0 0 0 0 0 0 0 0 0 1

1 0 0 0 0 0 0 0 0 0 0 0 0 0 0 0 0 0 0 0 0 0 0 0 0 0 0 0
0 1 0 0 0 0 0 0 0 0 0 0 0 0 0 0 0 0 0 0 0 0 0 0 0 0 0 0
0 0 1 0 0 0 0 0 0 0 0 0 0 0 0 0 0 0 0 0 0 0 0 0 0 0 0 0
0 0 0 1 0 0 0 0 0 0 0 0 0 0 0 0 0 0 0 0 0 0 0 0 0 0 0 0
0 0 0 0 1 0 0 0 0 0 0 0 0 0 0 0 0 0 0 0 0 0 0 0 0 0 0 0
0 0 0 0 0 1 0 0 0 0 0 0 0 0 0 0 0 0 0 0 0 0 0 0 0 0 0 0
0 0 0 0 0 0 1 0 0 0 0 0 0 0 0 0 0 0 0 0 0 0 0 0 0 0 0 0
0 0 0 0 0 0 0 1 0 0 0 0 0 0 0 0 0 0 0 0 0 0 0 0 0 0 0 0
0 0 0 0 0 0 0 0 0 0 0 0 0 0 0 0 0 0 0 0 0 0 0 0 0 0 0 0
0 0 0 0 0 0 0 0 0 0 0 0 0 0 0 0 0 0 0 0 0 0 0 0 0 0 0 0
0 0 0 0 0 0 0 0 0 0 0 0 0 0 0 0 0 0 0 0 0 0 0 0 0 0 0 0
0 0 0 0 0 0 0 0 0 0 0 0 0 0 0 0 0 0 0 0 0 0 0 0 0 0 0 0
0 0 0 0 0 0 0 0 0 0 0 0 0 0 0 0 0 0 0 0 0 0 0 0 0 0 0 0
0 0 0 0 0 0 0 0 0 0 0 0 0 0 0 0 0 0 0 0 0 0 0 0 0 0 0 0
0 0 0 0 0 0 0 0 0 0 0 0 0 0 0 0 0 0 0 0 0 0 0 0 0 0 0 0
0 0 0 0 0 0 0 0 0 0 0 0 0 0 0 0 0 0 0 0 0 0 0 0 0 0 0 0
0 0 0 0 0 0 0 0 0 0 0 0 0 0 0 0 0 0 0 0 0 0 0 0 0 0 0 0
0 0 0 0 0 0 0 0 0 0 0 0 0 0 0 0 0 0 0 0 0 0 0 0 0 0 0 0
0 0 0 0 0 0 0 0 0 0 0 0 0 0 0 0 0 0 0 0 0 0 0 0 0 0 0 0
0 0 0 0 0 0 0 0 0 0 0 0 0 0 0 0 0 0 0 0 0 0 0 0 0 0 0 0
0 0 0 0 0 0 0 0 0 0 0 0 0 0 0 0 0 0 0 0 0 0 0 0 0 0 0 0
0 0 0 0 0 0 0 0 0 0 0 0 0 0 0 0 0 0 0 0 0 0 0 0 0 0 0 0

1 0 0 0 0 0 0 0 0 0 0 0 0 0 -1 1 1 -1 0 0 0 0 1 1 -1 0 0 0
0 1 0 0 0 0 0 0 -1 0 0 0 0 0 0 -1 0 0 0 0 0 0 -1 0 0 0 0 0
0 0 1 0 0 0 0 0 0 -1 0 0 0 0 0 0 -1 0 0 0 0 0 0 -1 0 0 0 0
0 0 0 1 0 0 0 0 0 0 -1 0 0 0 0 0 0 -1 0 0 0 0 0 0 -1 0 0 0
0 0 0 0 1 0 0 0 0 0 0 -1 0 0 0 0 0 0 -1 0 0 0 0 0 0 -1 0 0
0 0 0 0 0 1 0 0 0 0 0 0 -1 0 0 0 0 0 0 -1 0 0 0 0 0 0 -1 0
0 0 0 0 0 0 1 0 0 0 0 0 0 -1 0 0 0 0 0 0 -1 0 0 0 0 0 0 -1
0 0 0 0 0 0 0 0 0 0 0 0 0 0 1 0 0 0 0 0 0 0 0 0 0 0 0 0
0 0 0 0 0 0 0 0 1 0 0 0 0 0 0 0 0 0 0 0 0 0 0 0 0 0 0 0
0 0 0 0 0 0 0 0 0 1 0 0 0 0 0 0 0 0 0 0 0 0 0 0 0 0 0 0
0 0 0 0 0 0 0 0 0 0 1 0 0 0 0 0 0 0 0 0 0 0 0 0 0 0 0 0
0 0 0 0 0 0 0 0 0 0 0 1 0 0 0 0 0 0 0 0 0 0 0 0 0 0 0 0
0 0 0 0 0 0 0 0 0 0 0 0 1 0 0 0 0 0 0 0 0 0 0 0 0 0 0 0
0 0 0 0 0 0 0 0 0 0 0 0 0 1 0 0 0 0 0 0 0 0 0 0 0 0 0 0
0 0 0 0 0 0 0 1 0 0 0 0 0 0 0 -1 -1 1 0 0 0 -1 -1 -1 1 0 0 0
0 0 0 0 0 0 0 0 0 0 0 0 0 0 0 1 0 0 0 0 0 0 0 0 0 0 0 0
0 0 0 0 0 0 0 0 0 0 0 0 0 0 0 0 1 0 0 0 0 0 0 0 0 0 0 0
0 0 0 0 0 0 0 0 0 0 0 0 0 0 0 0 0 1 0 0 0 0 0 0 0 0 0 0
0 0 0 0 0 0 0 0 0 0 0 0 0 0 0 0 0 0 1 0 0 0 0 0 0 0 0 0
0 0 0 0 0 0 0 0 0 0 0 0 0 0 0 0 0 0 0 1 0 0 0 0 0 0 0 0
0 0 0 0 0 0 0 0 0 0 0 0 0 0 0 0 0 0 0 0 1 0 0 0 0 0 0 0
0 0 0 0 0 0 0 0 0 0 0 0 0 0 0 0 0 0 0 0 0 1 0 0 0 0 0 0
0 0 0 0 0 0 0 0 0 0 0 0 0 0 0 0 0 0 0 0 0 0 1 0 0 0 0 0
0 0 0 0 0 0 0 0 0 0 0 0 0 0 0 0 0 0 0 0 0 0 0 1 0 0 0 0
0 0 0 0 0 0 0 0 0 0 0 0 0 0 0 0 0 0 0 0 0 0 0 0 1 0 0 0
0 0 0 0 0 0 0 0 0 0 0 0 0 0 0 0 0 0 0 0 0 0 0 0 0 1 0 0
0 0 0 0 0 0 0 0 0 0 0 0 0 0 0 0 0 0 0 0 0 0 0 0 0 0 1 0
0 0 0 0 0 0 0 0 0 0 0 0 0 0 0 0 0 0 0 0 0 0 0 0 0 0 0 1
