GM:(0,0,0)  M:(1/2,1/2,0)  R:(1/2,1/2,1/2)  X:(0,1/2,0)
GM:(0,0,0)  M:(1/2,1/2,0)  R:(1/2,1/2,1/2)  X:(0,1/2,0)
GM1+  GM1-  GM2+  GM2-  GM3+  GM3-  GM4+  GM4-  GM5+  GM5-  GM6  GM8  GM7  GM9  GM10  GM11  M1  M2  M3  M4  M5  R1  R2R3  R4  R5  R6R7  X2  X1  X3X4  X5X7  X6X8
1 1 1 1 2 2 3 3 3 3 2 2 2 2 4 4 2 2 2 2 4 2 4 6 4 8 2 2 4 4 4
2a (4321',432) A1 2 1,2a (4321',432) A2 2 1,2a (4321',432) E 4 1,2a (4321',432) T1 6 1,2a (4321',432) T2 6 1,2a (4321',432) E1 4 1,2a (4321',432) E2 4 1,2a (4321',432) F 8 1,6b (4221',422) A1 6 1,6b (4221',422) A2 6 1,6b (4221',422) B1 6 1,6b (4221',422) B2 6 1,6b (4221',422) E 2 0,6b (4221',422) E1 2 0,6b (4221',422) E2 2 0,8c (31',3) 1Eg2Eg 6 1,8c (31',3) 1Eu2Eu 6 1,8c (31',3) Ag 8 1,8c (31',3) Au 8 1,8c (31',3) 1Eg2Eg 6 0,8c (31',3) 1Eu2Eu 6 0,8c (31',3) EgEg 6 0,8c (31',3) EuEu 6 0,12d (41',4) A 2 1,12d (41',4) B 2 1,12d (41',4) 1E12E1 4 0,12d (41',4) 1E22E2 4 0
1 1 0 0 0 0 0 0 0 0 0 0 0 0 0 0 1 0 0 0 0 1 0 0 0 0 1 0 0 0 0
0 0 1 1 0 0 0 0 0 0 0 0 0 0 0 0 0 1 0 0 0 1 0 0 0 0 0 1 0 0 0
0 0 0 0 1 1 0 0 0 0 0 0 0 0 0 0 1 1 0 0 0 0 1 0 0 0 1 1 0 0 0
0 0 0 0 0 0 1 1 0 0 0 0 0 0 0 0 0 1 1 1 0 0 0 1 0 0 1 0 1 0 0
0 0 0 0 0 0 0 0 1 1 0 0 0 0 0 0 1 0 1 1 0 0 0 1 0 0 0 1 1 0 0
0 0 0 0 0 0 0 0 0 0 1 1 0 0 0 0 0 0 0 0 1 0 0 0 1 0 0 0 0 1 0
0 0 0 0 0 0 0 0 0 0 0 0 1 1 0 0 0 0 0 0 1 0 0 0 1 0 0 0 0 0 1
0 0 0 0 0 0 0 0 0 0 0 0 0 0 1 1 0 0 0 0 2 0 0 0 0 1 0 0 0 1 1
1 1 0 0 1 1 0 0 0 0 0 0 0 0 0 0 1 0 1 1 0 0 0 1 0 0 2 1 0 0 0
0 0 0 0 0 0 1 1 0 0 0 0 0 0 0 0 1 2 0 0 0 1 1 0 0 0 1 0 1 0 0
0 0 1 1 1 1 0 0 0 0 0 0 0 0 0 0 0 1 1 1 0 0 0 1 0 0 1 2 0 0 0
0 0 0 0 0 0 0 0 1 1 0 0 0 0 0 0 2 1 0 0 0 1 1 0 0 0 0 1 1 0 0
0 0 0 0 0 0 1 1 1 1 0 0 0 0 0 0 1 1 2 2 0 0 0 2 0 0 1 1 2 0 0
0 0 0 0 0 0 0 0 0 0 1 1 0 0 1 1 0 0 0 0 3 0 0 0 1 1 0 0 0 2 1
0 0 0 0 0 0 0 0 0 0 0 0 1 1 1 1 0 0 0 0 3 0 0 0 1 1 0 0 0 1 2
0 0 0 0 2 0 2 0 2 0 0 0 0 0 0 0 2 2 2 2 0 0 1 2 0 0 2 2 2 0 0
0 0 0 0 0 2 0 2 0 2 0 0 0 0 0 0 2 2 2 2 0 0 1 2 0 0 2 2 2 0 0
1 0 1 0 0 0 1 0 1 0 0 0 0 0 0 0 1 1 1 1 0 1 0 1 0 0 1 1 1 0 0
0 1 0 1 0 0 0 1 0 1 0 0 0 0 0 0 1 1 1 1 0 1 0 1 0 0 1 1 1 0 0
0 0 0 0 0 0 0 0 0 0 2 0 2 0 2 0 0 0 0 0 4 0 0 0 2 1 0 0 0 2 2
0 0 0 0 0 0 0 0 0 0 0 2 0 2 0 2 0 0 0 0 4 0 0 0 2 1 0 0 0 2 2
0 0 0 0 0 0 0 0 0 0 0 0 0 0 4 0 0 0 0 0 4 0 0 0 0 2 0 0 0 2 2
0 0 0 0 0 0 0 0 0 0 0 0 0 0 0 4 0 0 0 0 4 0 0 0 0 2 0 0 0 2 2
1 0 0 1 1 1 1 0 0 1 0 0 0 0 0 0 1 1 2 2 0 0 0 2 0 0 2 2 1 0 0
0 1 1 0 1 1 0 1 1 0 0 0 0 0 0 0 1 1 2 2 0 0 0 2 0 0 2 2 1 0 0
0 0 0 0 0 0 0 0 0 0 2 0 0 2 2 2 0 0 0 0 6 0 0 0 2 2 0 0 0 3 3
0 0 0 0 0 0 0 0 0 0 0 2 2 0 2 2 0 0 0 0 6 0 0 0 2 2 0 0 0 3 3

0 0 0 0 0 -1 0 0 -1 0 0 0 0 0 0 0 1 0 0 0 0 0 0 0 0 0 0 0 0 0 0
0 0 1 0 1 -1 -1 0 -1 0 0 0 0 0 0 0 0 0 0 0 0 0 0 0 0 0 0 0 1 0 0
1 0 0 0 0 0 -1 0 0 0 0 0 0 0 0 0 -1 0 0 0 0 0 2 0 0 0 0 0 1 0 0
0 0 0 0 0 0 0 1 0 0 0 0 0 0 0 0 0 0 0 0 0 0 0 0 0 0 0 0 0 0 0
0 0 0 0 0 0 -1 0 0 0 0 0 0 0 0 0 0 0 0 0 0 0 0 0 0 0 0 0 1 0 0
0 0 0 0 0 0 0 0 0 0 -1 0 -1 -1 0 0 0 0 0 0 0 0 0 0 2 0 0 0 0 0 0
0 0 0 0 0 0 0 0 0 0 -1 0 0 0 0 0 0 0 0 0 0 0 0 0 1 0 0 0 0 0 0
0 0 0 0 0 0 0 0 0 0 -1 0 0 -1 0 1 0 0 0 0 0 0 0 0 1 0 0 0 0 0 0
1 0 0 0 1 0 -1 1 1 0 0 0 0 0 0 0 -1 0 0 0 0 0 0 0 0 0 0 0 0 0 0
1 0 0 0 1 -1 -1 0 0 0 0 0 0 0 0 0 -1 0 0 0 0 0 1 0 0 0 0 0 1 0 0
2 0 0 0 0 0 -1 0 1 0 0 0 0 0 0 0 -2 0 0 0 0 0 2 0 0 0 0 0 1 0 0
0 0 0 0 0 0 0 0 0 0 1 0 0 0 -1 -1 0 0 0 0 0 0 0 0 -1 1 0 0 0 0 1
0 0 0 0 0 0 0 0 0 0 0 0 -1 0 0 -1 0 0 0 0 0 0 0 0 0 0 0 0 0 0 1
0 0 0 0 0 0 0 -1 -1 0 0 0 0 0 0 0 0 0 0 0 0 0 0 0 0 0 0 0 1 0 0
0 0 0 0 0 0 0 0 0 0 1 0 2 1 0 2 0 0 0 0 0 0 0 0 -1 0 0 0 0 0 -2
2 0 -1 1 0 0 -1 1 2 0 0 0 0 0 0 0 -2 0 0 0 0 0 2 0 0 0 0 0 0 0 0
2 0 0 0 1 -1 -1 1 1 1 0 0 0 0 0 0 -2 0 0 0 0 0 2 0 0 0 0 0 0 0 0
1 0 -1 0 0 0 -1 0 1 0 0 0 0 0 0 0 -1 1 0 0 0 0 0 0 0 0 0 0 0 0 0
1 0 0 0 0 -1 -1 0 0 0 0 0 0 0 0 0 -1 0 1 0 0 0 2 0 0 0 0 0 0 0 0
1 0 0 0 0 -1 -1 0 0 0 0 0 0 0 0 0 -1 0 0 1 0 0 2 0 0 0 0 0 0 0 0
0 0 0 0 0 0 0 0 0 0 0 0 0 0 -1 -1 0 0 0 0 1 0 0 0 -1 0 0 0 0 0 0
0 0 -1 0 0 1 0 0 1 0 0 0 0 0 0 0 -1 0 0 0 0 1 0 0 0 0 0 0 0 0 0
-1 1 0 0 -1 1 1 -1 0 0 0 0 0 0 0 0 0 0 0 0 0 0 0 0 0 0 0 0 0 0 0
1 0 0 0 0 -1 -1 0 0 0 0 0 0 0 0 0 -1 0 0 0 0 0 2 1 0 0 0 0 0 0 0
0 0 0 0 0 0 0 0 0 0 1 1 1 1 0 0 0 0 0 0 0 0 0 0 -2 0 0 0 0 0 0
0 0 0 0 0 0 0 0 0 0 0 0 0 0 -1 -1 0 0 0 0 0 0 0 0 0 2 0 0 0 0 0
-1 0 0 0 -1 0 0 -1 0 0 0 0 0 0 0 0 0 0 0 0 0 0 0 0 0 0 1 0 0 0 0
2 0 -1 0 0 -1 -1 1 1 0 0 0 0 0 0 0 -2 0 0 0 0 0 2 0 0 0 0 1 0 0 0
2 0 0 0 1 -1 -2 0 0 0 0 0 0 0 0 0 -2 0 0 0 0 0 2 0 0 0 0 0 2 0 0
0 0 0 0 0 0 0 0 0 0 0 0 0 0 -1 -1 0 0 0 0 0 0 0 0 -1 0 0 0 0 1 1
0 0 0 0 0 0 0 0 0 0 0 0 -1 -1 -1 -1 0 0 0 0 0 0 0 0 0 0 0 0 0 0 2

1 0 0 0 0 0 0 0 0 0 0 0 0 0 0 0 0 0 0 0 0 0 0 0 0 0 0
0 1 0 0 0 0 0 0 0 0 0 0 0 0 0 0 0 0 0 0 0 0 0 0 0 0 0
0 0 1 0 0 0 0 0 0 0 0 0 0 0 0 0 0 0 0 0 0 0 0 0 0 0 0
0 0 0 1 0 0 0 0 0 0 0 0 0 0 0 0 0 0 0 0 0 0 0 0 0 0 0
0 0 0 0 1 0 0 0 0 0 0 0 0 0 0 0 0 0 0 0 0 0 0 0 0 0 0
0 0 0 0 0 1 0 0 0 0 0 0 0 0 0 0 0 0 0 0 0 0 0 0 0 0 0
0 0 0 0 0 0 1 0 0 0 0 0 0 0 0 0 0 0 0 0 0 0 0 0 0 0 0
0 0 0 0 0 0 0 1 0 0 0 0 0 0 0 0 0 0 0 0 0 0 0 0 0 0 0
0 0 0 0 0 0 0 0 1 0 0 0 0 0 0 0 0 0 0 0 0 0 0 0 0 0 0
0 0 0 0 0 0 0 0 0 1 0 0 0 0 0 0 0 0 0 0 0 0 0 0 0 0 0
0 0 0 0 0 0 0 0 0 0 1 0 0 0 0 0 0 0 0 0 0 0 0 0 0 0 0
0 0 0 0 0 0 0 0 0 0 0 1 0 0 0 0 0 0 0 0 0 0 0 0 0 0 0
0 0 0 0 0 0 0 0 0 0 0 0 1 0 0 0 0 0 0 0 0 0 0 0 0 0 0
0 0 0 0 0 0 0 0 0 0 0 0 0 1 0 0 0 0 0 0 0 0 0 0 0 0 0
0 0 0 0 0 0 0 0 0 0 0 0 0 0 4 0 0 0 0 0 0 0 0 0 0 0 0
0 0 0 0 0 0 0 0 0 0 0 0 0 0 0 0 0 0 0 0 0 0 0 0 0 0 0
0 0 0 0 0 0 0 0 0 0 0 0 0 0 0 0 0 0 0 0 0 0 0 0 0 0 0
0 0 0 0 0 0 0 0 0 0 0 0 0 0 0 0 0 0 0 0 0 0 0 0 0 0 0
0 0 0 0 0 0 0 0 0 0 0 0 0 0 0 0 0 0 0 0 0 0 0 0 0 0 0
0 0 0 0 0 0 0 0 0 0 0 0 0 0 0 0 0 0 0 0 0 0 0 0 0 0 0
0 0 0 0 0 0 0 0 0 0 0 0 0 0 0 0 0 0 0 0 0 0 0 0 0 0 0
0 0 0 0 0 0 0 0 0 0 0 0 0 0 0 0 0 0 0 0 0 0 0 0 0 0 0
0 0 0 0 0 0 0 0 0 0 0 0 0 0 0 0 0 0 0 0 0 0 0 0 0 0 0
0 0 0 0 0 0 0 0 0 0 0 0 0 0 0 0 0 0 0 0 0 0 0 0 0 0 0
0 0 0 0 0 0 0 0 0 0 0 0 0 0 0 0 0 0 0 0 0 0 0 0 0 0 0
0 0 0 0 0 0 0 0 0 0 0 0 0 0 0 0 0 0 0 0 0 0 0 0 0 0 0
0 0 0 0 0 0 0 0 0 0 0 0 0 0 0 0 0 0 0 0 0 0 0 0 0 0 0
0 0 0 0 0 0 0 0 0 0 0 0 0 0 0 0 0 0 0 0 0 0 0 0 0 0 0
0 0 0 0 0 0 0 0 0 0 0 0 0 0 0 0 0 0 0 0 0 0 0 0 0 0 0
0 0 0 0 0 0 0 0 0 0 0 0 0 0 0 0 0 0 0 0 0 0 0 0 0 0 0
0 0 0 0 0 0 0 0 0 0 0 0 0 0 0 0 0 0 0 0 0 0 0 0 0 0 0

1 0 0 0 0 0 0 0 0 0 0 0 0 0 0 -1 0 1 -1 -1 0 0 0 0 1 0 0
0 1 0 0 0 0 0 0 0 0 0 0 0 0 0 0 0 -1 -1 0 0 0 0 0 -1 0 0
0 0 1 0 0 0 0 0 0 0 0 0 0 0 0 -1 -2 0 0 -1 0 0 0 0 0 0 0
0 0 0 1 0 0 0 0 0 0 0 0 0 0 0 -1 -2 0 -1 0 0 -1 0 0 -1 0 0
0 0 0 0 1 0 0 0 0 0 0 0 0 0 0 0 -2 0 -1 -1 0 -1 0 0 -1 0 0
0 0 0 0 0 1 0 0 0 0 0 0 0 0 0 0 0 0 0 0 -2 0 0 -1 0 0 -2
0 0 0 0 0 0 1 0 0 0 0 0 0 0 0 0 0 0 0 0 -2 0 0 0 0 -1 -2
0 0 0 0 0 0 0 1 0 0 0 0 0 0 0 0 0 0 0 0 -2 0 -4 -1 0 -1 -4
0 0 0 0 0 0 0 0 1 0 0 0 0 0 0 1 0 -1 0 1 0 0 0 0 -2 0 0
0 0 0 0 0 0 0 0 0 0 0 0 0 0 0 1 0 0 0 0 0 0 0 0 0 0 0
0 0 0 0 0 0 0 0 0 0 0 0 0 0 0 0 0 1 0 0 0 0 0 0 0 0 0
0 0 0 0 0 0 0 0 0 0 0 0 0 0 0 0 0 0 0 1 0 0 0 0 0 0 0
0 0 0 0 0 0 0 0 0 0 0 0 0 0 0 0 0 0 0 0 0 1 0 0 0 0 0
0 0 0 0 0 0 0 0 0 0 0 0 0 0 0 0 0 0 0 0 0 0 0 1 0 0 0
0 0 0 0 0 0 0 0 0 0 0 0 0 0 0 0 0 0 0 0 0 0 0 0 0 1 0
0 0 0 0 0 0 0 0 0 1 0 0 0 0 0 0 1 0 0 0 0 0 0 0 0 0 0
0 0 0 0 0 0 0 0 0 0 0 0 0 0 0 0 1 0 0 0 0 0 0 0 0 0 0
0 0 0 0 0 0 0 0 0 0 1 0 0 0 0 0 0 0 1 0 0 0 0 0 0 0 0
0 0 0 0 0 0 0 0 0 0 0 0 0 0 0 0 0 0 1 0 0 0 0 0 0 0 0
0 0 0 0 0 0 0 0 0 0 0 1 -1 0 -2 0 0 0 0 0 1 0 0 0 0 0 0
0 0 0 0 0 0 0 0 0 0 0 0 0 0 0 0 0 0 0 0 1 0 0 0 0 0 0
0 0 0 0 0 0 0 0 0 0 0 0 0 0 -1 0 0 0 0 0 0 0 1 0 0 0 0
0 0 0 0 0 0 0 0 0 0 0 0 0 0 0 0 0 0 0 0 0 0 1 0 0 0 0
0 0 0 0 0 0 0 0 0 0 0 0 0 1 0 0 0 0 0 0 0 0 0 0 1 0 0
0 0 0 0 0 0 0 0 0 0 0 0 0 0 0 0 0 0 0 0 0 0 0 0 1 0 0
0 0 0 0 0 0 0 0 0 0 0 0 1 0 2 0 0 0 0 0 0 0 0 0 0 0 1
0 0 0 0 0 0 0 0 0 0 0 0 0 0 0 0 0 0 0 0 0 0 0 0 0 0 1
