GM:(0,0,0)  R:(1/2,1/2,1/2)  S:(1/2,1/2,0)  T:(1,0,1/2)  Y:(1,0,0)  Z:(0,0,1/2)
GM:(0,0,0)  R:(1/2,1/2,-1/2)  S:(0,1/2,-1/2)  T:(1/2,0,-1)  Y:(0,0,-1)  Z:(1/2,0,0)
GM1  GM2  GM3  GM4  GM5  R1  R2  R3R4  S1  S2  S3S4  T1  T3T5  T2T4  Y1  Y2  Y3  Y4  Y5  Z1  Z3Z5  Z2Z4
1 1 1 1 2 1 1 2 1 1 2 2 2 2 1 1 1 1 2 2 2 2
4a (2'2'2,2) A 2 1;4a (2'2'2,2) B 2 1;4a (2'2'2,2) 1E 2 1;4a (2'2'2,2) 2E 2 1;4b (2'2'2,2) A 2 1;4b (2'2'2,2) B 2 1;4b (2'2'2,2) 1E 2 1;4b (2'2'2,2) 2E 2 1;8c (1',1) A 4 0;8d (1',1) A 4 0;8h (2',1) A 4 0;8h (2',1) A 4 0
1 1 0 0 0 1 1 0 1 1 0 1 0 0 1 1 0 0 0 1 0 0
0 0 1 1 0 1 1 0 1 1 0 1 0 0 0 0 1 1 0 1 0 0
0 0 0 0 1 0 0 1 0 0 1 0 1 0 0 0 0 0 1 0 1 0
0 0 0 0 1 0 0 1 0 0 1 0 0 1 0 0 0 0 1 0 0 1
1 1 0 0 0 1 1 0 1 1 0 1 0 0 1 1 0 0 0 1 0 0
0 0 1 1 0 1 1 0 1 1 0 1 0 0 0 0 1 1 0 1 0 0
0 0 0 0 1 0 0 1 0 0 1 0 0 1 0 0 0 0 1 0 0 1
0 0 0 0 1 0 0 1 0 0 1 0 1 0 0 0 0 0 1 0 1 0
1 1 1 1 0 2 2 0 2 2 0 2 0 0 1 1 1 1 0 2 0 0
1 1 1 1 0 2 2 0 2 2 0 2 0 0 1 1 1 1 0 2 0 0
1 1 1 1 0 2 2 0 2 2 0 2 0 0 1 1 1 1 0 2 0 0
0 0 0 0 2 0 0 2 0 0 2 0 1 1 0 0 0 0 2 0 1 1

1 0 0 0 0 0 0 0 0 0 0 0 0 0 0 0 0 0 0 0 0 0
0 0 1 0 0 0 0 0 0 0 0 0 0 0 0 0 0 0 0 0 0 0
0 0 0 0 0 0 0 0 0 0 0 0 1 0 0 0 0 0 0 0 0 0
0 0 0 0 1 0 0 0 0 0 0 0 -1 0 0 0 0 0 0 0 0 0
0 0 -1 1 0 0 0 0 0 0 0 0 0 0 0 0 0 0 0 0 0 0
-1 0 -1 0 0 1 0 0 0 0 0 0 0 0 0 0 0 0 0 0 0 0
-1 0 -1 0 0 0 1 0 0 0 0 0 0 0 0 0 0 0 0 0 0 0
0 0 0 0 -1 0 0 1 0 0 0 0 0 0 0 0 0 0 0 0 0 0
-1 0 -1 0 0 0 0 0 1 0 0 0 0 0 0 0 0 0 0 0 0 0
-1 0 -1 0 0 0 0 0 0 1 0 0 0 0 0 0 0 0 0 0 0 0
0 0 0 0 -1 0 0 0 0 0 1 0 0 0 0 0 0 0 0 0 0 0
-1 0 -1 0 0 0 0 0 0 0 0 1 0 0 0 0 0 0 0 0 0 0
-1 1 0 0 0 0 0 0 0 0 0 0 0 0 0 0 0 0 0 0 0 0
0 0 0 0 -1 0 0 0 0 0 0 0 1 1 0 0 0 0 0 0 0 0
-1 0 0 0 0 0 0 0 0 0 0 0 0 0 1 0 0 0 0 0 0 0
-1 0 0 0 0 0 0 0 0 0 0 0 0 0 0 1 0 0 0 0 0 0
0 0 -1 0 0 0 0 0 0 0 0 0 0 0 0 0 1 0 0 0 0 0
0 0 -1 0 0 0 0 0 0 0 0 0 0 0 0 0 0 1 0 0 0 0
0 0 0 0 -1 0 0 0 0 0 0 0 0 0 0 0 0 0 1 0 0 0
-1 0 -1 0 0 0 0 0 0 0 0 0 0 0 0 0 0 0 0 1 0 0
0 0 0 0 0 0 0 0 0 0 0 0 -1 0 0 0 0 0 0 0 1 0
0 0 0 0 -1 0 0 0 0 0 0 0 1 0 0 0 0 0 0 0 0 1

1 0 0 0 0 0 0 0 0 0 0 0
0 1 0 0 0 0 0 0 0 0 0 0
0 0 1 0 0 0 0 0 0 0 0 0
0 0 0 1 0 0 0 0 0 0 0 0
0 0 0 0 0 0 0 0 0 0 0 0
0 0 0 0 0 0 0 0 0 0 0 0
0 0 0 0 0 0 0 0 0 0 0 0
0 0 0 0 0 0 0 0 0 0 0 0
0 0 0 0 0 0 0 0 0 0 0 0
0 0 0 0 0 0 0 0 0 0 0 0
0 0 0 0 0 0 0 0 0 0 0 0
0 0 0 0 0 0 0 0 0 0 0 0
0 0 0 0 0 0 0 0 0 0 0 0
0 0 0 0 0 0 0 0 0 0 0 0
0 0 0 0 0 0 0 0 0 0 0 0
0 0 0 0 0 0 0 0 0 0 0 0
0 0 0 0 0 0 0 0 0 0 0 0
0 0 0 0 0 0 0 0 0 0 0 0
0 0 0 0 0 0 0 0 0 0 0 0
0 0 0 0 0 0 0 0 0 0 0 0
0 0 0 0 0 0 0 0 0 0 0 0
0 0 0 0 0 0 0 0 0 0 0 0

1 0 0 0 -1 0 0 0 -1 -1 -1 0
0 1 0 0 0 -1 0 0 -1 -1 -1 0
0 0 1 0 0 0 0 -1 0 0 0 -1
0 0 0 1 0 0 -1 0 0 0 0 -1
0 0 0 0 1 0 0 0 0 0 0 0
0 0 0 0 0 1 0 0 0 0 0 0
0 0 0 0 0 0 1 0 0 0 0 0
0 0 0 0 0 0 0 1 0 0 0 0
0 0 0 0 0 0 0 0 1 0 0 0
0 0 0 0 0 0 0 0 0 1 0 0
0 0 0 0 0 0 0 0 0 0 1 0
0 0 0 0 0 0 0 0 0 0 0 1
