GM:(0,0,0)  A:(1/2,1/2,1/2)  M:(1/2,1/2,0)  R:(0,1/2,1/2)  X:(0,1/2,0)  Z:(0,0,1/2)
GM:(0,0,0)  A:(1/2,1/2,1/2)  M:(1/2,1/2,0)  R:(0,1/2,1/2)  X:(0,1/2,0)  Z:(0,0,1/2)
GM1  GM2  GM3  GM4  GM5  GM6  GM7  A5  A1A2  A3A4  A6A7  M1  M2  M3  M4  M5  M6  M7  R1  R2  R3  R4  R5  X1  X2  X3  X4  X5  Z5  Z1Z2  Z3Z4  Z6Z7
1 1 1 1 2 2 2 2 2 2 4 1 1 1 1 2 2 2 2 1 1 1 1 2 1 1 1 1 2 2 2 4
4a (2'2'2,2) A 4 0;4a (2'2'2,2) B 4 1;4a (2'2'2,2) 1E 4 1;4a (2'2'2,2) 2E 4 1;4b (2'2'2,2) A 4 1;4b (2'2'2,2) B 4 1;4b (2'2'2,2) 1E 4 1;4b (2'2'2,2) 2E 4 1;4c (4',2) A 4 0;4d (4,4) 1E 4 1;4d (4,4) 2E 4 1;4d (4,4) A 4 1;4d (4,4) B 4 1;4d (4,4) 1E1 4 1;4d (4,4) 1E2 4 1;4d (4,4) 2E1 4 1;4d (4,4) 2E2 4 1;8i (2',1) A 8 0;8i (2',1) A 8 0
1 1 1 1 0 0 0 2 0 0 0 1 1 1 1 0 0 0 2 0 0 0 0 2 0 0 0 0 2 0 0 0
0 0 0 0 2 0 0 0 1 1 0 0 0 0 0 2 0 0 2 0 0 0 0 2 0 0 0 0 0 1 1 0
0 0 0 0 0 1 1 0 0 0 1 0 0 0 0 0 1 1 0 1 1 1 1 0 1 1 1 1 0 0 0 1
0 0 0 0 0 1 1 0 0 0 1 0 0 0 0 0 1 1 0 1 1 1 1 0 1 1 1 1 0 0 0 1
1 1 1 1 0 0 0 0 1 1 0 0 0 0 0 2 0 0 2 0 0 0 0 2 0 0 0 0 2 0 0 0
0 0 0 0 2 0 0 2 0 0 0 1 1 1 1 0 0 0 2 0 0 0 0 2 0 0 0 0 0 1 1 0
0 0 0 0 0 1 1 0 0 0 1 0 0 0 0 0 1 1 0 2 0 2 0 0 2 0 2 0 0 0 0 1
0 0 0 0 0 1 1 0 0 0 1 0 0 0 0 0 1 1 0 0 2 0 2 0 0 2 0 2 0 0 0 1
1 1 1 1 0 0 0 2 0 0 0 1 1 1 1 0 0 0 2 0 0 0 0 2 0 0 0 0 2 0 0 0
0 0 0 0 2 0 0 2 0 0 0 2 0 0 2 0 0 0 2 0 0 0 0 2 0 0 0 0 0 1 1 0
0 0 0 0 2 0 0 2 0 0 0 0 2 2 0 0 0 0 2 0 0 0 0 2 0 0 0 0 0 1 1 0
2 0 0 2 0 0 0 0 1 1 0 0 0 0 0 2 0 0 2 0 0 0 0 2 0 0 0 0 2 0 0 0
0 2 2 0 0 0 0 0 1 1 0 0 0 0 0 2 0 0 2 0 0 0 0 2 0 0 0 0 2 0 0 0
0 0 0 0 0 0 2 0 0 0 1 0 0 0 0 0 0 2 0 2 0 2 0 0 2 0 2 0 0 0 0 1
0 0 0 0 0 2 0 0 0 0 1 0 0 0 0 0 2 0 0 2 0 2 0 0 2 0 2 0 0 0 0 1
0 0 0 0 0 0 2 0 0 0 1 0 0 0 0 0 2 0 0 0 2 0 2 0 0 2 0 2 0 0 0 1
0 0 0 0 0 2 0 0 0 0 1 0 0 0 0 0 0 2 0 0 2 0 2 0 0 2 0 2 0 0 0 1
1 1 1 1 2 0 0 2 1 1 0 1 1 1 1 2 0 0 4 0 0 0 0 4 0 0 0 0 2 1 1 0
0 0 0 0 0 2 2 0 0 0 2 0 0 0 0 0 2 2 0 2 2 2 2 0 2 2 2 2 0 0 0 2

0 0 0 0 0 0 0 1 0 0 0 -1 0 0 0 0 0 0 0 0 0 0 0 0 0 0 0 0 0 0 0 0
0 -1 0 0 0 0 0 1 1 0 0 -1 0 0 0 0 0 0 0 0 0 0 0 0 0 0 0 0 0 0 0 0
0 0 0 0 0 1 0 0 0 0 0 0 0 0 0 0 0 1 0 -1 0 0 0 0 0 0 0 0 0 0 0 0
0 1 0 0 0 0 0 -1 0 0 0 1 0 0 0 0 0 0 0 0 0 0 0 0 0 0 0 0 0 0 0 0
0 0 0 0 0 0 0 0 0 0 0 0 0 0 0 0 0 -1 0 1 0 0 0 0 0 0 0 0 0 0 0 0
0 -1 0 0 -1 0 0 0 1 0 0 1 0 0 0 0 0 0 0 0 0 0 0 0 0 0 0 0 0 0 1 0
0 0 0 0 0 -1 0 0 0 0 1 0 0 0 0 0 0 0 0 0 0 0 0 0 0 0 0 0 0 0 0 0
-1 1 0 0 0 -2 0 0 0 0 2 0 0 0 0 0 0 0 0 0 0 0 0 0 0 0 0 0 0 0 0 0
-1 1 0 0 0 -1 0 0 0 0 2 0 0 0 0 0 0 -1 0 0 0 0 0 0 0 0 0 0 0 0 0 0
-1 -1 0 0 -1 0 0 1 1 1 0 0 0 0 0 0 0 0 0 0 0 0 0 0 0 0 0 0 0 0 0 0
-1 -1 0 0 -1 0 0 1 2 0 0 0 0 0 0 0 0 0 0 0 0 0 0 0 0 0 0 0 0 0 0 0
-1 0 0 1 0 0 0 0 0 0 0 0 0 0 0 0 0 0 0 0 0 0 0 0 0 0 0 0 0 0 0 0
0 0 0 0 0 0 0 -1 0 0 0 1 1 0 0 0 0 0 0 0 0 0 0 0 0 0 0 0 0 0 0 0
0 0 0 0 0 0 0 -1 0 0 0 1 0 1 0 0 0 0 0 0 0 0 0 0 0 0 0 0 0 0 0 0
0 0 0 0 0 0 0 0 0 0 0 -1 0 0 1 0 0 0 0 0 0 0 0 0 0 0 0 0 0 0 0 0
-1 -1 0 0 -1 0 0 1 0 0 0 0 0 0 0 1 0 0 0 0 0 0 0 0 0 0 0 0 0 0 0 0
0 0 0 0 0 0 0 0 0 0 -2 0 0 0 0 0 1 1 0 0 0 0 0 0 0 0 0 0 0 0 0 0
0 0 0 0 0 1 1 0 0 0 -2 0 0 0 0 0 0 0 0 0 0 0 0 0 0 0 0 0 0 0 0 0
-1 -1 0 0 -1 0 0 0 0 0 0 0 0 0 0 0 0 0 1 0 0 0 0 0 0 0 0 0 0 0 0 0
0 -1 1 0 0 0 0 0 0 0 0 0 0 0 0 0 0 0 0 0 0 0 0 0 0 0 0 0 0 0 0 0
0 0 0 0 0 0 0 0 0 0 -2 0 0 0 0 0 0 0 0 1 1 0 0 0 0 0 0 0 0 0 0 0
0 0 0 0 0 0 0 0 0 0 0 0 0 0 0 0 0 0 0 -1 0 1 0 0 0 0 0 0 0 0 0 0
0 0 0 0 0 0 0 0 0 0 -2 0 0 0 0 0 0 0 0 1 0 0 1 0 0 0 0 0 0 0 0 0
-1 -1 0 0 -1 0 0 0 0 0 0 0 0 0 0 0 0 0 0 0 0 0 0 1 0 0 0 0 0 0 0 0
0 0 0 0 0 0 0 0 0 0 0 0 0 0 0 0 0 0 0 -1 0 0 0 0 1 0 0 0 0 0 0 0
0 0 0 0 0 0 0 0 0 0 -2 0 0 0 0 0 0 0 0 1 0 0 0 0 0 1 0 0 0 0 0 0
0 0 0 0 0 0 0 0 0 0 0 0 0 0 0 0 0 0 0 -1 0 0 0 0 0 0 1 0 0 0 0 0
0 0 0 0 0 0 0 0 0 0 -2 0 0 0 0 0 0 0 0 1 0 0 0 0 0 0 0 1 0 0 0 0
-1 -1 0 0 0 0 0 0 0 0 0 0 0 0 0 0 0 0 0 0 0 0 0 0 0 0 0 0 1 0 0 0
0 0 0 0 -1 0 0 0 0 0 0 0 0 0 0 0 0 0 0 0 0 0 0 0 0 0 0 0 0 1 1 0
0 0 0 0 -1 0 0 0 0 0 0 0 0 0 0 0 0 0 0 0 0 0 0 0 0 0 0 0 0 0 2 0
0 0 0 0 0 0 0 0 0 0 -1 0 0 0 0 0 0 0 0 0 0 0 0 0 0 0 0 0 0 0 0 1

1 0 0 0 0 0 0 0 0 0 0 0 0 0 0 0 0 0 0
0 1 0 0 0 0 0 0 0 0 0 0 0 0 0 0 0 0 0
0 0 1 0 0 0 0 0 0 0 0 0 0 0 0 0 0 0 0
0 0 0 1 0 0 0 0 0 0 0 0 0 0 0 0 0 0 0
0 0 0 0 1 0 0 0 0 0 0 0 0 0 0 0 0 0 0
0 0 0 0 0 1 0 0 0 0 0 0 0 0 0 0 0 0 0
0 0 0 0 0 0 1 0 0 0 0 0 0 0 0 0 0 0 0
0 0 0 0 0 0 0 2 0 0 0 0 0 0 0 0 0 0 0
0 0 0 0 0 0 0 0 2 0 0 0 0 0 0 0 0 0 0
0 0 0 0 0 0 0 0 0 0 0 0 0 0 0 0 0 0 0
0 0 0 0 0 0 0 0 0 0 0 0 0 0 0 0 0 0 0
0 0 0 0 0 0 0 0 0 0 0 0 0 0 0 0 0 0 0
0 0 0 0 0 0 0 0 0 0 0 0 0 0 0 0 0 0 0
0 0 0 0 0 0 0 0 0 0 0 0 0 0 0 0 0 0 0
0 0 0 0 0 0 0 0 0 0 0 0 0 0 0 0 0 0 0
0 0 0 0 0 0 0 0 0 0 0 0 0 0 0 0 0 0 0
0 0 0 0 0 0 0 0 0 0 0 0 0 0 0 0 0 0 0
0 0 0 0 0 0 0 0 0 0 0 0 0 0 0 0 0 0 0
0 0 0 0 0 0 0 0 0 0 0 0 0 0 0 0 0 0 0
0 0 0 0 0 0 0 0 0 0 0 0 0 0 0 0 0 0 0
0 0 0 0 0 0 0 0 0 0 0 0 0 0 0 0 0 0 0
0 0 0 0 0 0 0 0 0 0 0 0 0 0 0 0 0 0 0
0 0 0 0 0 0 0 0 0 0 0 0 0 0 0 0 0 0 0
0 0 0 0 0 0 0 0 0 0 0 0 0 0 0 0 0 0 0
0 0 0 0 0 0 0 0 0 0 0 0 0 0 0 0 0 0 0
0 0 0 0 0 0 0 0 0 0 0 0 0 0 0 0 0 0 0
0 0 0 0 0 0 0 0 0 0 0 0 0 0 0 0 0 0 0
0 0 0 0 0 0 0 0 0 0 0 0 0 0 0 0 0 0 0
0 0 0 0 0 0 0 0 0 0 0 0 0 0 0 0 0 0 0
0 0 0 0 0 0 0 0 0 0 0 0 0 0 0 0 0 0 0
0 0 0 0 0 0 0 0 0 0 0 0 0 0 0 0 0 0 0
0 0 0 0 0 0 0 0 0 0 0 0 0 0 0 0 0 0 0

1 0 0 0 0 0 0 0 0 -1 -2 0 0 0 0 -1 0 -1 0
0 1 0 0 0 0 -1 1 0 -1 -2 0 0 0 0 0 0 -1 0
0 0 1 0 0 0 0 0 0 0 0 -1 0 -2 0 0 -4 0 -2
0 0 0 0 0 0 0 0 0 0 0 1 0 0 0 0 0 0 0
0 0 0 1 0 0 0 0 0 1 2 0 -2 0 0 0 0 0 0
0 0 0 0 0 0 0 0 0 1 0 0 0 0 0 0 0 0 0
0 0 0 0 1 0 0 0 0 0 0 0 0 1 -2 0 2 0 0
0 0 0 0 0 0 0 0 0 0 0 0 0 1 0 0 0 0 0
0 0 0 0 0 0 0 0 0 0 0 0 0 0 0 1 0 0 0
0 0 0 0 0 1 -1 1 0 0 1 0 0 0 0 0 0 0 0
0 0 0 0 0 0 0 0 0 0 1 0 0 0 0 0 0 0 0
0 0 0 0 0 0 1 -1 0 0 0 0 1 0 0 0 0 0 0
0 0 0 0 0 0 0 0 0 0 0 0 1 0 0 0 0 0 0
0 0 0 0 0 0 0 1 -1 0 0 0 0 0 1 0 0 0 0
0 0 0 0 0 0 0 0 0 0 0 0 0 0 1 0 0 0 0
0 0 0 0 0 0 1 -1 1 0 0 0 0 0 0 0 1 0 0
0 0 0 0 0 0 0 0 0 0 0 0 0 0 0 0 1 0 0
0 0 0 0 0 0 0 0 0 0 0 0 0 0 0 0 0 1 0
0 0 0 0 0 0 0 0 0 0 0 0 0 0 0 0 0 0 1
