GM:(0,0,0)  R:(1/2,1/2,1/2)  S:(1/2,1/2,0)  T:(1,0,1/2)  Y:(1,0,0)  Z:(0,0,1/2)
GM:(0,0,0)  R:(1/2,1/2,1/2)  S:(1/2,1/2,0)  T:(1,0,1/2)  Y:(1,0,0)  Z:(0,0,1/2)
GM1  GM3  GM2  GM4  GM5  R1  R2  R3R4  S1  S2  S3S4  T1  T3T4  T2T5  Y1  Y3  Y2  Y4  Y5  Z1  Z3Z4  Z2Z5
1 1 1 1 2 1 1 2 1 1 2 2 2 2 1 1 1 1 2 2 2 2
4a (2/m',2) A 2 1;4a (2/m',2) B 2 1;4b (2/m',2) A 2 1;4b (2/m',2) B 2 1;4c (m'm'2,2) A 2 1;4c (m'm'2,2) B 2 1;4c (m'm'2,2) 1E 2 1;4c (m'm'2,2) 2E 2 1;8d (1',1) A 4 0
1 1 0 0 0 1 1 0 1 1 0 1 0 0 1 1 0 0 0 1 0 0
0 0 1 1 0 1 1 0 1 1 0 1 0 0 0 0 1 1 0 1 0 0
1 1 0 0 0 1 1 0 1 1 0 1 0 0 1 1 0 0 0 1 0 0
0 0 1 1 0 1 1 0 1 1 0 1 0 0 0 0 1 1 0 1 0 0
1 0 0 1 0 1 1 0 1 1 0 1 0 0 1 0 0 1 0 1 0 0
0 1 1 0 0 1 1 0 1 1 0 1 0 0 0 1 1 0 0 1 0 0
0 0 0 0 1 0 0 1 0 0 1 0 1 0 0 0 0 0 1 0 1 0
0 0 0 0 1 0 0 1 0 0 1 0 0 1 0 0 0 0 1 0 0 1
1 1 1 1 0 2 2 0 2 2 0 2 0 0 1 1 1 1 0 2 0 0

0 1 0 0 0 0 0 0 0 0 0 0 0 0 0 0 0 0 0 0 0 0
0 0 1 0 0 0 0 0 0 0 0 0 0 0 0 0 0 0 0 0 0 0
1 -1 0 0 0 0 0 0 0 0 0 0 0 0 0 0 0 0 0 0 0 0
0 0 0 0 0 0 0 0 0 0 0 0 1 0 0 0 0 0 0 0 0 0
0 0 0 0 1 0 0 0 0 0 0 0 -1 0 0 0 0 0 0 0 0 0
-1 0 -1 0 0 1 0 0 0 0 0 0 0 0 0 0 0 0 0 0 0 0
-1 0 -1 0 0 0 1 0 0 0 0 0 0 0 0 0 0 0 0 0 0 0
0 0 0 0 -1 0 0 1 0 0 0 0 0 0 0 0 0 0 0 0 0 0
-1 0 -1 0 0 0 0 0 1 0 0 0 0 0 0 0 0 0 0 0 0 0
-1 0 -1 0 0 0 0 0 0 1 0 0 0 0 0 0 0 0 0 0 0 0
0 0 0 0 -1 0 0 0 0 0 1 0 0 0 0 0 0 0 0 0 0 0
-1 0 -1 0 0 0 0 0 0 0 0 1 0 0 0 0 0 0 0 0 0 0
-1 1 -1 1 0 0 0 0 0 0 0 0 0 0 0 0 0 0 0 0 0 0
0 0 0 0 -1 0 0 0 0 0 0 0 1 1 0 0 0 0 0 0 0 0
-1 0 0 0 0 0 0 0 0 0 0 0 0 0 1 0 0 0 0 0 0 0
0 -1 0 0 0 0 0 0 0 0 0 0 0 0 0 1 0 0 0 0 0 0
0 0 -1 0 0 0 0 0 0 0 0 0 0 0 0 0 1 0 0 0 0 0
-1 1 -1 0 0 0 0 0 0 0 0 0 0 0 0 0 0 1 0 0 0 0
0 0 0 0 -1 0 0 0 0 0 0 0 0 0 0 0 0 0 1 0 0 0
-1 0 -1 0 0 0 0 0 0 0 0 0 0 0 0 0 0 0 0 1 0 0
0 0 0 0 0 0 0 0 0 0 0 0 -1 0 0 0 0 0 0 0 1 0
0 0 0 0 -1 0 0 0 0 0 0 0 1 0 0 0 0 0 0 0 0 1

1 0 0 0 0 0 0 0 0
0 1 0 0 0 0 0 0 0
0 0 1 0 0 0 0 0 0
0 0 0 1 0 0 0 0 0
0 0 0 0 1 0 0 0 0
0 0 0 0 0 0 0 0 0
0 0 0 0 0 0 0 0 0
0 0 0 0 0 0 0 0 0
0 0 0 0 0 0 0 0 0
0 0 0 0 0 0 0 0 0
0 0 0 0 0 0 0 0 0
0 0 0 0 0 0 0 0 0
0 0 0 0 0 0 0 0 0
0 0 0 0 0 0 0 0 0
0 0 0 0 0 0 0 0 0
0 0 0 0 0 0 0 0 0
0 0 0 0 0 0 0 0 0
0 0 0 0 0 0 0 0 0
0 0 0 0 0 0 0 0 0
0 0 0 0 0 0 0 0 0
0 0 0 0 0 0 0 0 0
0 0 0 0 0 0 0 0 0

1 0 0 0 0 -1 0 -1 -1
0 1 0 0 0 -1 -1 0 -1
0 0 0 0 0 0 0 1 0
0 0 0 0 0 0 1 0 0
0 0 1 0 0 1 0 0 0
0 0 0 0 0 1 0 0 0
0 0 0 1 0 0 0 0 0
0 0 0 0 1 0 0 0 0
0 0 0 0 0 0 0 0 1
