GM:(0,0,0)  A:(0,0,1/2)  L:(1/2,1/2,1/2)  M:(0,1,1/2)  V:(1/2,1/2,0)  Y:(0,1,0)
GM:(0,0,0)  A:(0,0,1/2)  L:(1/2,1/2,1/2)  M:(0,1,1/2)  V:(1/2,1/2,0)  Y:(0,1,0)
GM1+  GM2+  GM1-  GM2-  GM3  GM4  GM5  GM6  A1  A2  L1+  L1-  L2  L3  M1  M2  V1+  V1-  V2  V3  Y1+  Y2+  Y1-  Y2-  Y3  Y4  Y5  Y6
1 1 1 1 1 1 1 1 2 2 1 1 1 1 2 2 1 1 1 1 1 1 1 1 1 1 1 1
4a (1,1) Ag 2 1,4a (1,1) Au 2 1,4a (1,1) Ag 2 1,4a (1,1) Au 2 1,4b (1,1) Ag 2 1,4b (1,1) Au 2 1,4b (1,1) Ag 2 1,4b (1,1) Au 2 1,4c (1,1) Ag 2 1,4c (1,1) Au 2 1,4c (1,1) Ag 2 1,4c (1,1) Au 2 1,4d (1,1) Ag 2 1,4d (1,1) Au 2 1,4d (1,1) Ag 2 1,4d (1,1) Au 2 1,4e (2,2) A 2 1,4e (2,2) B 2 1,4e (2,2) 1E 2 1,4e (2,2) 2E 2 1
1 1 0 0 0 0 0 0 1 0 1 1 0 0 1 0 2 0 0 0 1 1 0 0 0 0 0 0
0 0 1 1 0 0 0 0 1 0 1 1 0 0 1 0 0 2 0 0 0 0 1 1 0 0 0 0
0 0 0 0 1 1 0 0 0 1 0 0 1 1 0 1 0 0 2 0 0 0 0 0 1 1 0 0
0 0 0 0 0 0 1 1 0 1 0 0 1 1 0 1 0 0 0 2 0 0 0 0 0 0 1 1
1 1 0 0 0 0 0 0 1 0 1 1 0 0 1 0 0 2 0 0 1 1 0 0 0 0 0 0
0 0 1 1 0 0 0 0 1 0 1 1 0 0 1 0 2 0 0 0 0 0 1 1 0 0 0 0
0 0 0 0 1 1 0 0 0 1 0 0 1 1 0 1 0 0 0 2 0 0 0 0 1 1 0 0
0 0 0 0 0 0 1 1 0 1 0 0 1 1 0 1 0 0 2 0 0 0 0 0 0 0 1 1
1 1 0 0 0 0 0 0 1 0 0 2 0 0 1 0 1 1 0 0 0 0 1 1 0 0 0 0
0 0 1 1 0 0 0 0 1 0 2 0 0 0 1 0 1 1 0 0 1 1 0 0 0 0 0 0
0 0 0 0 1 1 0 0 0 1 0 0 0 2 0 1 0 0 1 1 0 0 0 0 0 0 1 1
0 0 0 0 0 0 1 1 0 1 0 0 2 0 0 1 0 0 1 1 0 0 0 0 1 1 0 0
1 1 0 0 0 0 0 0 1 0 2 0 0 0 1 0 1 1 0 0 0 0 1 1 0 0 0 0
0 0 1 1 0 0 0 0 1 0 0 2 0 0 1 0 1 1 0 0 1 1 0 0 0 0 0 0
0 0 0 0 1 1 0 0 0 1 0 0 2 0 0 1 0 0 1 1 0 0 0 0 0 0 1 1
0 0 0 0 0 0 1 1 0 1 0 0 0 2 0 1 0 0 1 1 0 0 0 0 1 1 0 0
1 0 1 0 0 0 0 0 1 0 1 1 0 0 1 0 1 1 0 0 1 0 1 0 0 0 0 0
0 1 0 1 0 0 0 0 1 0 1 1 0 0 1 0 1 1 0 0 0 1 0 1 0 0 0 0
0 0 0 0 0 1 0 1 0 1 0 0 1 1 0 1 0 0 1 1 0 0 0 0 0 1 0 1
0 0 0 0 1 0 1 0 0 1 0 0 1 1 0 1 0 0 1 1 0 0 0 0 1 0 1 0

-1 0 -1 0 0 0 0 0 1 0 0 0 0 0 0 0 0 0 0 0 1 0 0 0 0 0 0 0
-1 0 0 0 0 0 0 0 1 0 0 0 0 0 0 0 0 0 0 0 0 0 0 0 0 0 0 0
0 0 0 0 0 0 0 0 0 0 0 0 0 0 0 0 0 0 0 0 0 0 0 0 1 0 0 0
0 0 0 0 0 0 1 0 0 0 0 0 0 0 0 0 0 0 0 0 0 0 0 0 0 0 0 0
0 0 0 0 -1 0 -1 0 0 1 0 0 0 0 0 0 0 0 0 0 0 0 0 0 0 0 0 0
1 0 2 0 -1 0 -1 0 -2 1 0 0 0 0 0 0 1 0 0 0 -1 0 0 0 0 0 0 0
2 0 2 0 -2 0 -1 0 -2 1 0 0 0 0 0 0 1 0 1 0 -2 0 0 0 -1 0 0 0
1 0 2 0 -1 0 -1 0 -2 1 0 0 0 0 0 0 1 0 1 0 -1 0 0 0 -2 0 0 0
1 0 0 0 0 0 1 0 -1 -1 1 0 0 0 0 0 0 0 1 0 -1 0 0 0 -1 0 0 0
0 0 0 0 1 0 1 0 0 -2 0 0 1 0 0 0 0 0 1 0 0 0 0 0 -2 0 0 0
2 0 3 0 -2 0 -1 0 -3 1 0 0 0 0 0 0 1 0 1 0 -1 0 0 0 -1 0 0 0
0 0 0 0 -2 0 -1 0 0 1 0 0 0 0 0 0 0 0 1 0 0 0 0 0 -1 0 0 0
0 0 0 0 0 0 0 0 -2 0 1 1 0 0 0 0 0 0 0 0 0 0 0 0 0 0 0 0
0 0 0 0 0 0 0 0 0 -2 0 0 1 1 0 0 0 0 0 0 0 0 0 0 0 0 0 0
0 0 0 0 0 0 0 0 -1 0 0 0 0 0 1 0 0 0 0 0 0 0 0 0 0 0 0 0
0 0 0 0 0 0 0 0 0 -1 0 0 0 0 0 1 0 0 0 0 0 0 0 0 0 0 0 0
0 1 1 0 0 0 0 0 -1 0 0 0 0 0 0 0 0 0 0 0 0 0 0 0 0 0 0 0
0 0 0 0 0 0 0 0 -2 0 0 0 0 0 0 0 1 1 0 0 0 0 0 0 0 0 0 0
0 0 0 0 0 1 1 0 0 -1 0 0 0 0 0 0 0 0 0 0 0 0 0 0 0 0 0 0
0 0 0 0 0 0 0 0 0 -2 0 0 0 0 0 0 0 0 1 1 0 0 0 0 0 0 0 0
1 0 0 1 0 0 0 0 -1 0 0 0 0 0 0 0 0 0 0 0 0 0 0 0 0 0 0 0
1 0 1 0 0 0 0 0 -1 0 0 0 0 0 0 0 0 0 0 0 -1 1 0 0 0 0 0 0
-1 0 -1 0 0 0 0 0 0 0 0 0 0 0 0 0 0 0 0 0 1 0 1 0 0 0 0 0
0 0 0 0 0 0 0 0 -1 0 0 0 0 0 0 0 0 0 0 0 1 0 0 1 0 0 0 0
0 0 0 0 1 0 0 1 0 -1 0 0 0 0 0 0 0 0 0 0 0 0 0 0 0 0 0 0
0 0 0 0 1 0 1 0 0 -1 0 0 0 0 0 0 0 0 0 0 0 0 0 0 -1 1 0 0
0 0 0 0 -1 0 -1 0 0 0 0 0 0 0 0 0 0 0 0 0 0 0 0 0 1 0 1 0
0 0 0 0 0 0 0 0 0 -1 0 0 0 0 0 0 0 0 0 0 0 0 0 0 1 0 0 1

1 0 0 0 0 0 0 0 0 0 0 0 0 0 0 0 0 0 0 0
0 1 0 0 0 0 0 0 0 0 0 0 0 0 0 0 0 0 0 0
0 0 1 0 0 0 0 0 0 0 0 0 0 0 0 0 0 0 0 0
0 0 0 1 0 0 0 0 0 0 0 0 0 0 0 0 0 0 0 0
0 0 0 0 1 0 0 0 0 0 0 0 0 0 0 0 0 0 0 0
0 0 0 0 0 1 0 0 0 0 0 0 0 0 0 0 0 0 0 0
0 0 0 0 0 0 1 0 0 0 0 0 0 0 0 0 0 0 0 0
0 0 0 0 0 0 0 1 0 0 0 0 0 0 0 0 0 0 0 0
0 0 0 0 0 0 0 0 2 0 0 0 0 0 0 0 0 0 0 0
0 0 0 0 0 0 0 0 0 2 0 0 0 0 0 0 0 0 0 0
0 0 0 0 0 0 0 0 0 0 2 0 0 0 0 0 0 0 0 0
0 0 0 0 0 0 0 0 0 0 0 2 0 0 0 0 0 0 0 0
0 0 0 0 0 0 0 0 0 0 0 0 0 0 0 0 0 0 0 0
0 0 0 0 0 0 0 0 0 0 0 0 0 0 0 0 0 0 0 0
0 0 0 0 0 0 0 0 0 0 0 0 0 0 0 0 0 0 0 0
0 0 0 0 0 0 0 0 0 0 0 0 0 0 0 0 0 0 0 0
0 0 0 0 0 0 0 0 0 0 0 0 0 0 0 0 0 0 0 0
0 0 0 0 0 0 0 0 0 0 0 0 0 0 0 0 0 0 0 0
0 0 0 0 0 0 0 0 0 0 0 0 0 0 0 0 0 0 0 0
0 0 0 0 0 0 0 0 0 0 0 0 0 0 0 0 0 0 0 0
0 0 0 0 0 0 0 0 0 0 0 0 0 0 0 0 0 0 0 0
0 0 0 0 0 0 0 0 0 0 0 0 0 0 0 0 0 0 0 0
0 0 0 0 0 0 0 0 0 0 0 0 0 0 0 0 0 0 0 0
0 0 0 0 0 0 0 0 0 0 0 0 0 0 0 0 0 0 0 0
0 0 0 0 0 0 0 0 0 0 0 0 0 0 0 0 0 0 0 0
0 0 0 0 0 0 0 0 0 0 0 0 0 0 0 0 0 0 0 0
0 0 0 0 0 0 0 0 0 0 0 0 0 0 0 0 0 0 0 0
0 0 0 0 0 0 0 0 0 0 0 0 0 0 0 0 0 0 0 0

1 0 0 0 -1 1 0 0 0 0 -1 1 -1 -1 -1 0 0 -1 0 0
0 1 0 0 0 0 0 0 0 0 0 0 -1 -1 -1 0 0 -1 0 0
0 0 1 0 -1 0 0 0 0 0 0 1 0 0 0 -1 -1 0 -1 -1
0 0 0 1 0 0 0 0 0 0 0 0 0 0 0 -1 -1 0 -1 -1
0 0 0 0 1 -1 0 0 0 0 1 -1 1 0 0 0 0 0 0 0
0 0 0 0 0 0 0 0 0 0 0 0 1 0 0 0 0 0 0 0
0 0 0 0 1 0 0 0 0 0 0 -1 0 0 0 0 1 0 0 0
0 0 0 0 0 0 0 0 0 0 0 0 0 0 0 0 1 0 0 0
0 0 0 0 0 -1 1 0 -1 0 0 -1 0 0 1 0 0 0 0 0
0 0 0 0 0 0 0 0 0 0 0 0 0 0 1 0 0 0 0 0
0 0 0 0 0 -1 0 1 0 -1 0 -1 0 0 0 0 0 0 1 0
0 0 0 0 0 0 0 0 0 0 0 0 0 0 0 0 0 0 1 0
0 0 0 0 1 0 0 0 1 0 0 -1 0 1 0 0 0 0 0 0
0 0 0 0 0 0 0 0 0 0 0 0 0 1 0 0 0 0 0 0
0 0 0 0 1 0 0 0 0 1 0 -1 0 0 0 1 0 0 0 0
0 0 0 0 0 0 0 0 0 0 0 0 0 0 0 1 0 0 0 0
0 0 0 0 1 -1 0 0 0 0 2 -2 0 0 0 0 0 1 0 0
0 0 0 0 0 0 0 0 0 0 0 0 0 0 0 0 0 1 0 0
0 0 0 0 1 0 0 0 0 0 0 0 0 0 0 0 0 0 0 1
0 0 0 0 0 0 0 0 0 0 0 0 0 0 0 0 0 0 0 1
