GM:(0,0,0)  R:(1/2,1/2,1/2)  S:(1/2,1/2,0)  T:(0,1/2,1/2)  U:(1/2,0,1/2)  X:(1/2,0,0)  Y:(0,1/2,0)  Z:(0,0,1/2)
GM:(0,0,0)  E:(1/2,1/2,1/2)  C:(1/2,1/2,0)  A:(1/2,0,1/2)  D:(0,1/2,1/2)  Z:(0,1/2,0)  Y:(1/2,0,0)  B:(0,0,1/2)
GM1  GM2  GM3  GM4  (R)E1E2  (R)E3E4  (S)C1C2  (S)C3C4  (T)A1  (T)A2  (T)A3  (T)A4  (U)D1D2  (U)D3D4  (X)Z1Z2  (X)Z3Z4  Y1  Y2  Y3  Y4  (Z)B1  (Z)B2  (Z)B3  (Z)B4
1 1 1 1 2 2 2 2 1 1 1 1 2 2 2 2 1 1 1 1 1 1 1 1
2a (2',1) A 2 1,2a (2',1) A 2 1,2b (2',1) A 2 1,2b (2',1) A 2 1,2c (m,m) A' 2 1,2c (m,m) A'' 2 1,2c (m,m) 1E 2 1,2c (m,m) 2E 2 1
1 1 0 0 1 0 1 0 1 1 0 0 1 0 1 0 1 1 0 0 1 1 0 0
0 0 1 1 0 1 0 1 0 0 1 1 0 1 0 1 0 0 1 1 0 0 1 1
1 1 0 0 1 0 1 0 1 1 0 0 1 0 1 0 1 1 0 0 1 1 0 0
0 0 1 1 0 1 0 1 0 0 1 1 0 1 0 1 0 0 1 1 0 0 1 1
2 0 0 0 1 0 1 0 2 0 0 0 1 0 1 0 2 0 0 0 2 0 0 0
0 2 0 0 1 0 1 0 0 2 0 0 1 0 1 0 0 2 0 0 0 2 0 0
0 0 0 2 0 1 0 1 0 0 0 2 0 1 0 1 0 0 0 2 0 0 0 2
0 0 2 0 0 1 0 1 0 0 2 0 0 1 0 1 0 0 2 0 0 0 2 0

0 1 0 0 0 0 0 0 0 0 0 0 0 0 0 0 0 0 0 0 0 0 0 0
0 0 1 0 0 0 0 0 0 0 0 0 0 0 0 0 0 0 0 0 0 0 0 0
0 -1 0 0 0 0 0 0 0 0 0 0 0 0 1 0 0 0 0 0 0 0 0 0
0 0 -1 0 0 0 0 0 0 0 0 0 0 0 0 1 0 0 0 0 0 0 0 0
-1 -1 0 0 1 0 0 0 0 0 0 0 0 0 1 0 0 0 0 0 0 0 0 0
0 0 -1 -1 0 1 0 0 0 0 0 0 0 0 0 1 0 0 0 0 0 0 0 0
-1 -1 0 0 0 0 1 0 0 0 0 0 0 0 1 0 0 0 0 0 0 0 0 0
0 0 -1 -1 0 0 0 1 0 0 0 0 0 0 0 1 0 0 0 0 0 0 0 0
-1 0 0 0 0 0 0 0 1 0 0 0 0 0 0 0 0 0 0 0 0 0 0 0
0 -1 0 0 0 0 0 0 0 1 0 0 0 0 0 0 0 0 0 0 0 0 0 0
0 0 -1 0 0 0 0 0 0 0 1 0 0 0 0 0 0 0 0 0 0 0 0 0
0 0 0 -1 0 0 0 0 0 0 0 1 0 0 0 0 0 0 0 0 0 0 0 0
-1 -1 0 0 0 0 0 0 0 0 0 0 1 0 1 0 0 0 0 0 0 0 0 0
0 0 -1 -1 0 0 0 0 0 0 0 0 0 1 0 1 0 0 0 0 0 0 0 0
-1 -1 0 0 0 0 0 0 0 0 0 0 0 0 2 0 0 0 0 0 0 0 0 0
0 0 -1 -1 0 0 0 0 0 0 0 0 0 0 0 2 0 0 0 0 0 0 0 0
-1 0 0 0 0 0 0 0 0 0 0 0 0 0 0 0 1 0 0 0 0 0 0 0
0 -1 0 0 0 0 0 0 0 0 0 0 0 0 0 0 0 1 0 0 0 0 0 0
0 0 -1 0 0 0 0 0 0 0 0 0 0 0 0 0 0 0 1 0 0 0 0 0
0 0 0 -1 0 0 0 0 0 0 0 0 0 0 0 0 0 0 0 1 0 0 0 0
-1 0 0 0 0 0 0 0 0 0 0 0 0 0 0 0 0 0 0 0 1 0 0 0
0 -1 0 0 0 0 0 0 0 0 0 0 0 0 0 0 0 0 0 0 0 1 0 0
0 0 -1 0 0 0 0 0 0 0 0 0 0 0 0 0 0 0 0 0 0 0 1 0
0 0 0 -1 0 0 0 0 0 0 0 0 0 0 0 0 0 0 0 0 0 0 0 1

1 0 0 0 0 0 0 0
0 1 0 0 0 0 0 0
0 0 1 0 0 0 0 0
0 0 0 1 0 0 0 0
0 0 0 0 0 0 0 0
0 0 0 0 0 0 0 0
0 0 0 0 0 0 0 0
0 0 0 0 0 0 0 0
0 0 0 0 0 0 0 0
0 0 0 0 0 0 0 0
0 0 0 0 0 0 0 0
0 0 0 0 0 0 0 0
0 0 0 0 0 0 0 0
0 0 0 0 0 0 0 0
0 0 0 0 0 0 0 0
0 0 0 0 0 0 0 0
0 0 0 0 0 0 0 0
0 0 0 0 0 0 0 0
0 0 0 0 0 0 0 0
0 0 0 0 0 0 0 0
0 0 0 0 0 0 0 0
0 0 0 0 0 0 0 0
0 0 0 0 0 0 0 0
0 0 0 0 0 0 0 0

1 0 0 0 -1 -2 0 0
0 1 0 0 0 0 -1 -2
0 0 0 0 1 0 0 0
0 0 0 0 0 0 1 0
0 0 1 0 0 1 0 0
0 0 0 0 0 1 0 0
0 0 0 1 0 0 0 1
0 0 0 0 0 0 0 1
