GM:(0,0,0)  R:(1/2,1/2,1/2)  S:(1/2,1/2,0)  T:(0,1/2,1/2)  U:(1/2,0,1/2)  X:(1/2,0,0)  Y:(0,1/2,0)  Z:(0,0,1/2)
GM:(0,0,0)  C:(1/2,1/2,0)  Y:(1/2,0,0)  D:(0,1/2,1/2)  E:(1/2,1/2,1/2)  A:(1/2,0,1/2)  B:(0,0,1/2)  Z:(0,1/2,0)
GM1+  GM2+  GM1-  GM2-  GM3  GM4  GM5  GM6  (R)C1C1  (R)C2C2  (S)Y1+Y2+  (S)Y1-Y2-  (S)Y3Y4  (S)Y5Y6  (T)D1-D1+  (T)D2-D2+  (T)D3D5  (T)D4D6  (U)E1+E2-  (U)E1-E2+  (U)E3E6  (U)E4E5  (X)A1  (X)A2  (Y)B1  (Y)B2  Z1  Z2
1 1 1 1 1 1 1 1 4 4 2 2 2 2 2 2 2 2 2 2 2 2 2 2 2 2 2 2
4a (1,1) Ag 4 1,4a (1,1) Au 4 1,4a (1,1) Ag 4 1,4a (1,1) Au 4 1,4b (1,1) Ag 4 1,4b (1,1) Au 4 1,4b (1,1) Ag 4 1,4b (1,1) Au 4 1,4c (2',1) A 4 1,4c (2',1) A 4 1
2 2 0 0 0 0 0 0 1 0 2 0 0 0 1 1 0 0 1 1 0 0 2 0 2 0 2 0
0 0 2 2 0 0 0 0 1 0 0 2 0 0 1 1 0 0 1 1 0 0 2 0 2 0 2 0
0 0 0 0 2 2 0 0 0 1 0 0 2 0 0 0 1 1 0 0 1 1 0 2 0 2 0 2
0 0 0 0 0 0 2 2 0 1 0 0 0 2 0 0 1 1 0 0 1 1 0 2 0 2 0 2
2 2 0 0 0 0 0 0 1 0 0 2 0 0 1 1 0 0 1 1 0 0 2 0 2 0 2 0
0 0 2 2 0 0 0 0 1 0 2 0 0 0 1 1 0 0 1 1 0 0 2 0 2 0 2 0
0 0 0 0 2 2 0 0 0 1 0 0 0 2 0 0 1 1 0 0 1 1 0 2 0 2 0 2
0 0 0 0 0 0 2 2 0 1 0 0 2 0 0 0 1 1 0 0 1 1 0 2 0 2 0 2
1 1 1 1 0 0 0 0 1 0 1 1 0 0 1 1 0 0 1 1 0 0 2 0 2 0 2 0
0 0 0 0 1 1 1 1 0 1 0 0 1 1 0 0 1 1 0 0 1 1 0 2 0 2 0 2

0 0 0 0 0 0 0 0 0 0 0 0 0 0 0 0 0 0 0 1 0 0 0 0 0 0 0 0
0 0 1 0 0 0 0 0 0 0 0 0 0 0 0 0 0 0 0 0 0 0 0 0 0 0 0 0
0 0 0 0 0 0 0 0 0 0 0 0 0 0 0 0 0 0 0 0 0 1 0 0 0 0 0 0
0 0 0 0 0 0 1 0 0 0 0 0 0 0 0 0 0 0 0 0 0 0 0 0 0 0 0 0
1 0 0 0 0 0 0 0 0 0 -1 0 0 0 0 0 0 0 0 0 0 0 0 0 0 0 0 0
0 0 0 0 1 0 0 0 0 0 0 0 -1 0 0 0 0 0 0 0 0 0 0 0 0 0 0 0
0 0 -1 1 0 0 0 0 0 0 0 0 0 0 0 0 0 0 0 0 0 0 0 0 0 0 0 0
0 0 0 0 0 0 -1 1 0 0 0 0 0 0 0 0 0 0 0 0 0 0 0 0 0 0 0 0
-1 0 -1 0 0 0 0 0 1 0 0 0 0 0 0 0 0 0 0 1 0 0 0 0 0 0 0 0
0 0 0 0 -1 0 -1 0 0 1 0 0 0 0 0 0 0 0 0 0 0 1 0 0 0 0 0 0
-1 1 0 0 0 0 0 0 0 0 0 0 0 0 0 0 0 0 0 0 0 0 0 0 0 0 0 0
-1 0 -1 0 0 0 0 0 0 0 1 1 0 0 0 0 0 0 0 0 0 0 0 0 0 0 0 0
0 0 0 0 -1 1 0 0 0 0 0 0 0 0 0 0 0 0 0 0 0 0 0 0 0 0 0 0
0 0 0 0 -1 0 -1 0 0 0 0 0 1 1 0 0 0 0 0 0 0 0 0 0 0 0 0 0
-1 0 -1 0 0 0 0 0 0 0 0 0 0 0 1 0 0 0 0 1 0 0 0 0 0 0 0 0
-1 0 -1 0 0 0 0 0 0 0 0 0 0 0 0 1 0 0 0 1 0 0 0 0 0 0 0 0
0 0 0 0 -1 0 -1 0 0 0 0 0 0 0 0 0 1 0 0 0 0 1 0 0 0 0 0 0
0 0 0 0 -1 0 -1 0 0 0 0 0 0 0 0 0 0 1 0 0 0 1 0 0 0 0 0 0
-1 0 -1 0 0 0 0 0 0 0 0 0 0 0 0 0 0 0 1 1 0 0 0 0 0 0 0 0
-1 0 -1 0 0 0 0 0 0 0 0 0 0 0 0 0 0 0 0 2 0 0 0 0 0 0 0 0
0 0 0 0 -1 0 -1 0 0 0 0 0 0 0 0 0 0 0 0 0 1 1 0 0 0 0 0 0
0 0 0 0 -1 0 -1 0 0 0 0 0 0 0 0 0 0 0 0 0 0 2 0 0 0 0 0 0
-1 0 -1 0 0 0 0 0 0 0 0 0 0 0 0 0 0 0 0 0 0 0 1 0 0 0 0 0
0 0 0 0 -1 0 -1 0 0 0 0 0 0 0 0 0 0 0 0 0 0 0 0 1 0 0 0 0
-1 0 -1 0 0 0 0 0 0 0 0 0 0 0 0 0 0 0 0 0 0 0 0 0 1 0 0 0
0 0 0 0 -1 0 -1 0 0 0 0 0 0 0 0 0 0 0 0 0 0 0 0 0 0 1 0 0
-1 0 -1 0 0 0 0 0 0 0 0 0 0 0 0 0 0 0 0 0 0 0 0 0 0 0 1 0
0 0 0 0 -1 0 -1 0 0 0 0 0 0 0 0 0 0 0 0 0 0 0 0 0 0 0 0 1

1 0 0 0 0 0 0 0 0 0
0 1 0 0 0 0 0 0 0 0
0 0 1 0 0 0 0 0 0 0
0 0 0 1 0 0 0 0 0 0
0 0 0 0 2 0 0 0 0 0
0 0 0 0 0 2 0 0 0 0
0 0 0 0 0 0 0 0 0 0
0 0 0 0 0 0 0 0 0 0
0 0 0 0 0 0 0 0 0 0
0 0 0 0 0 0 0 0 0 0
0 0 0 0 0 0 0 0 0 0
0 0 0 0 0 0 0 0 0 0
0 0 0 0 0 0 0 0 0 0
0 0 0 0 0 0 0 0 0 0
0 0 0 0 0 0 0 0 0 0
0 0 0 0 0 0 0 0 0 0
0 0 0 0 0 0 0 0 0 0
0 0 0 0 0 0 0 0 0 0
0 0 0 0 0 0 0 0 0 0
0 0 0 0 0 0 0 0 0 0
0 0 0 0 0 0 0 0 0 0
0 0 0 0 0 0 0 0 0 0
0 0 0 0 0 0 0 0 0 0
0 0 0 0 0 0 0 0 0 0
0 0 0 0 0 0 0 0 0 0
0 0 0 0 0 0 0 0 0 0
0 0 0 0 0 0 0 0 0 0
0 0 0 0 0 0 0 0 0 0

1 -1 0 0 -1 0 -1 0 -1 0
0 0 0 0 0 0 -1 0 -1 0
0 0 1 -1 0 -1 0 -1 0 -1
0 0 0 0 0 0 0 -1 0 -1
0 0 0 0 1 0 1 0 0 0
0 0 0 0 0 0 1 0 0 0
0 0 0 0 0 1 0 1 0 0
0 0 0 0 0 0 0 1 0 0
0 1 0 0 0 0 0 0 2 0
0 0 0 1 0 0 0 0 0 2
