GM:(0,0,0)  A:(0,0,1/2)  L:(1/2,1/2,1/2)  M:(0,1,1/2)  V:(1/2,1/2,0)  Y:(0,1,0)
GM:(0,0,0)  A:(0,0,1/2)  L:(1/2,1/2,1/2)  M:(0,1,1/2)  V:(1/2,1/2,0)  Y:(0,1,0)
GM1  GM2  GM4  GM3  A1  A2  A4  A3  L1  L2  M1  M2  M4  M3  V1  V2  Y1  Y2  Y4  Y3
1 1 1 1 1 1 1 1 1 1 1 1 1 1 1 1 1 1 1 1
2a (m,m) A' 1 1;2a (m,m) A'' 1 1;2a (m,m) 1E 1 1;2a (m,m) 2E 1 1
1 0 0 0 1 0 0 0 1 0 1 0 0 0 1 0 1 0 0 0
0 1 0 0 0 1 0 0 1 0 0 1 0 0 1 0 0 1 0 0
0 0 1 0 0 0 1 0 0 1 0 0 1 0 0 1 0 0 1 0
0 0 0 1 0 0 0 1 0 1 0 0 0 1 0 1 0 0 0 1

1 0 0 0 0 0 0 0 0 0 0 0 0 0 0 0 0 0 0 0
0 1 0 0 0 0 0 0 0 0 0 0 0 0 0 0 0 0 0 0
0 0 1 0 0 0 0 0 0 0 0 0 0 0 0 0 0 0 0 0
0 0 0 1 0 0 0 0 0 0 0 0 0 0 0 0 0 0 0 0
-1 0 0 0 1 0 0 0 0 0 0 0 0 0 0 0 0 0 0 0
0 -1 0 0 0 1 0 0 0 0 0 0 0 0 0 0 0 0 0 0
0 0 -1 0 0 0 1 0 0 0 0 0 0 0 0 0 0 0 0 0
0 0 0 -1 0 0 0 1 0 0 0 0 0 0 0 0 0 0 0 0
-1 -1 0 0 0 0 0 0 1 0 0 0 0 0 0 0 0 0 0 0
0 0 -1 -1 0 0 0 0 0 1 0 0 0 0 0 0 0 0 0 0
-1 0 0 0 0 0 0 0 0 0 1 0 0 0 0 0 0 0 0 0
0 -1 0 0 0 0 0 0 0 0 0 1 0 0 0 0 0 0 0 0
0 0 -1 0 0 0 0 0 0 0 0 0 1 0 0 0 0 0 0 0
0 0 0 -1 0 0 0 0 0 0 0 0 0 1 0 0 0 0 0 0
-1 -1 0 0 0 0 0 0 0 0 0 0 0 0 1 0 0 0 0 0
0 0 -1 -1 0 0 0 0 0 0 0 0 0 0 0 1 0 0 0 0
-1 0 0 0 0 0 0 0 0 0 0 0 0 0 0 0 1 0 0 0
0 -1 0 0 0 0 0 0 0 0 0 0 0 0 0 0 0 1 0 0
0 0 -1 0 0 0 0 0 0 0 0 0 0 0 0 0 0 0 1 0
0 0 0 -1 0 0 0 0 0 0 0 0 0 0 0 0 0 0 0 1

1 0 0 0
0 1 0 0
0 0 1 0
0 0 0 1
0 0 0 0
0 0 0 0
0 0 0 0
0 0 0 0
0 0 0 0
0 0 0 0
0 0 0 0
0 0 0 0
0 0 0 0
0 0 0 0
0 0 0 0
0 0 0 0
0 0 0 0
0 0 0 0
0 0 0 0
0 0 0 0

1 0 0 0
0 1 0 0
0 0 1 0
0 0 0 1
