GM:(0,0,0)  L:(1/2,1/2,1/2)  W:(1/2,1,0)  X:(0,1,0)
GM:(0,0,0)  L:(1/2,1/2,1/2)  W:(1/2,1,0)  X:(0,1,0)
GM2+GM3+  GM2-GM3-  GM1+  GM1-  GM4+  GM4-  GM6GM7  GM10GM9  GM5  GM8  L2+L3-  L2-L3+  L1-L1+  L4L7  L5L9  L6L8  W1  W2W4  W3W5  X1  X2  X3X4
2 2 1 1 3 3 4 4 2 2 2 2 2 2 2 2 2 2 2 2 2 4
16a (23,23) 1E 4 1;16a (23,23) 2E 4 1;16a (23,23) A 4 0;16a (23,23) T 2 0;16a (23,23) 1F 8 0;16a (23,23) 2F 8 0;16a (23,23) E 8 0;32b (3,3) 1Eg 8 1;32b (3,3) 1Eu 8 1;32b (3,3) 2Eg 8 1;32b (3,3) 2Eu 8 1;32b (3,3) Ag 8 0;32b (3,3) Au 8 0;32b (3,3) 1Eg 8 0;32b (3,3) 1Eu 8 0;32b (3,3) 2Eg 8 0;32b (3,3) 2Eu 8 0;32b (3,3). Eg 8 0;32b (3,3). Eu 8 0;32c (3',3) A1 8 0;48d (2'2'2,2) A 2 0;48d (2'2'2,2) B 2 0;48d (2'2'2,2) 1E 2 0;48d (2'2'2,2) 2E 2 0
1 1 0 0 0 0 0 0 0 0 1 1 0 0 0 0 2 0 0 2 0 0
1 1 0 0 0 0 0 0 0 0 1 1 0 0 0 0 2 0 0 2 0 0
0 0 2 2 0 0 0 0 0 0 0 0 2 0 0 0 2 0 0 2 0 0
0 0 0 0 2 2 0 0 0 0 2 2 2 0 0 0 6 0 0 2 4 0
0 0 0 0 0 0 1 1 0 0 0 0 0 2 1 1 0 2 2 0 0 2
0 0 0 0 0 0 1 1 0 0 0 0 0 2 1 1 0 2 2 0 0 2
0 0 0 0 0 0 0 0 2 2 0 0 0 0 2 2 0 2 2 0 0 2
1 0 0 0 2 0 0 0 0 0 2 1 1 0 0 0 4 0 0 2 2 0
0 1 0 0 0 2 0 0 0 0 1 2 1 0 0 0 4 0 0 2 2 0
1 0 0 0 2 0 0 0 0 0 1 2 1 0 0 0 4 0 0 2 2 0
0 1 0 0 0 2 0 0 0 0 2 1 1 0 0 0 4 0 0 2 2 0
0 0 2 0 2 0 0 0 0 0 1 1 2 0 0 0 4 0 0 2 2 0
0 0 0 2 0 2 0 0 0 0 1 1 2 0 0 0 4 0 0 2 2 0
0 0 0 0 0 0 1 0 2 0 0 0 0 1 1 2 0 2 2 0 0 2
0 0 0 0 0 0 0 1 0 2 0 0 0 1 2 1 0 2 2 0 0 2
0 0 0 0 0 0 1 0 2 0 0 0 0 1 2 1 0 2 2 0 0 2
0 0 0 0 0 0 0 1 0 2 0 0 0 1 1 2 0 2 2 0 0 2
0 0 0 0 0 0 2 0 0 0 0 0 0 2 1 1 0 2 2 0 0 2
0 0 0 0 0 0 0 2 0 0 0 0 0 2 1 1 0 2 2 0 0 2
0 0 1 1 1 1 0 0 0 0 1 1 2 0 0 0 4 0 0 2 2 0
1 1 1 1 1 1 0 0 0 0 2 2 2 0 0 0 6 0 0 4 2 0
0 0 0 0 2 2 0 0 0 0 2 2 2 0 0 0 6 0 0 2 4 0
0 0 0 0 0 0 1 1 1 1 0 0 0 2 2 2 0 3 3 0 0 3
0 0 0 0 0 0 1 1 1 1 0 0 0 2 2 2 0 3 3 0 0 3

0 1 0 0 0 0 0 0 0 0 0 0 0 0 0 0 0 0 0 0 0 0
2 -2 1 0 -1 1 0 0 0 0 0 0 0 0 0 0 0 0 0 0 0 0
0 0 0 0 0 0 1 0 -1 -1 0 0 0 -2 1 0 0 0 0 0 0 1
2 -2 1 0 -1 0 0 0 -1 -1 0 0 0 -1 1 0 0 0 0 0 0 1
2 -2 1 0 -1 0 1 0 -1 0 0 0 0 -2 1 0 0 0 0 0 0 1
1 -2 1 0 -1 -1 1 0 -1 -1 1 0 0 -2 1 0 0 0 0 0 0 1
2 -1 1 0 0 0 1 0 -1 -1 -1 0 0 -2 1 0 0 0 0 0 0 1
2 -2 1 0 -1 0 2 0 -1 -1 0 0 0 -3 0 0 0 0 0 0 0 2
4 -4 1 0 -2 1 4 0 -2 -2 0 0 0 -6 0 0 0 0 0 0 0 4
2 -2 0 0 -1 1 2 0 -2 -2 0 0 0 -4 2 0 0 0 0 0 0 2
2 -2 0 0 -1 1 2 0 -1 0 0 0 0 -2 0 0 0 0 0 0 0 1
-1 -1 0 0 -1 -1 0 0 0 0 1 1 0 0 0 0 0 0 0 0 0 0
-1 1 -1 0 0 -1 0 0 0 0 0 0 1 0 0 0 0 0 0 0 0 0
-2 2 -1 1 1 -1 0 0 0 0 0 0 0 0 0 0 0 0 0 0 0 0
0 0 0 0 0 0 1 1 0 0 0 0 0 -1 0 0 0 0 0 0 0 0
0 0 0 0 0 0 0 0 -1 -1 0 0 0 -1 1 1 0 0 0 0 0 0
-2 0 -1 0 -1 -2 0 0 0 0 0 0 0 0 0 0 1 0 0 0 0 0
0 0 0 0 0 0 0 0 -1 -1 0 0 0 -2 0 0 0 1 0 0 0 1
0 0 0 0 0 0 0 0 -1 -1 0 0 0 -2 0 0 0 0 1 0 0 1
-2 0 -1 0 0 -1 0 0 0 0 0 0 0 0 0 0 0 0 0 1 0 0
0 0 0 0 -1 -1 0 0 0 0 0 0 0 0 0 0 0 0 0 0 1 0
0 0 0 0 0 0 0 0 -1 -1 0 0 0 -2 0 0 0 0 0 0 0 2

1 0 0 0 0 0 0 0 0 0 0 0 0 0 0 0 0 0 0 0 0 0 0 0
0 1 0 0 0 0 0 0 0 0 0 0 0 0 0 0 0 0 0 0 0 0 0 0
0 0 1 0 0 0 0 0 0 0 0 0 0 0 0 0 0 0 0 0 0 0 0 0
0 0 0 1 0 0 0 0 0 0 0 0 0 0 0 0 0 0 0 0 0 0 0 0
0 0 0 0 1 0 0 0 0 0 0 0 0 0 0 0 0 0 0 0 0 0 0 0
0 0 0 0 0 1 0 0 0 0 0 0 0 0 0 0 0 0 0 0 0 0 0 0
0 0 0 0 0 0 1 0 0 0 0 0 0 0 0 0 0 0 0 0 0 0 0 0
0 0 0 0 0 0 0 1 0 0 0 0 0 0 0 0 0 0 0 0 0 0 0 0
0 0 0 0 0 0 0 0 2 0 0 0 0 0 0 0 0 0 0 0 0 0 0 0
0 0 0 0 0 0 0 0 0 2 0 0 0 0 0 0 0 0 0 0 0 0 0 0
0 0 0 0 0 0 0 0 0 0 2 0 0 0 0 0 0 0 0 0 0 0 0 0
0 0 0 0 0 0 0 0 0 0 0 0 0 0 0 0 0 0 0 0 0 0 0 0
0 0 0 0 0 0 0 0 0 0 0 0 0 0 0 0 0 0 0 0 0 0 0 0
0 0 0 0 0 0 0 0 0 0 0 0 0 0 0 0 0 0 0 0 0 0 0 0
0 0 0 0 0 0 0 0 0 0 0 0 0 0 0 0 0 0 0 0 0 0 0 0
0 0 0 0 0 0 0 0 0 0 0 0 0 0 0 0 0 0 0 0 0 0 0 0
0 0 0 0 0 0 0 0 0 0 0 0 0 0 0 0 0 0 0 0 0 0 0 0
0 0 0 0 0 0 0 0 0 0 0 0 0 0 0 0 0 0 0 0 0 0 0 0
0 0 0 0 0 0 0 0 0 0 0 0 0 0 0 0 0 0 0 0 0 0 0 0
0 0 0 0 0 0 0 0 0 0 0 0 0 0 0 0 0 0 0 0 0 0 0 0
0 0 0 0 0 0 0 0 0 0 0 0 0 0 0 0 0 0 0 0 0 0 0 0
0 0 0 0 0 0 0 0 0 0 0 0 0 0 0 0 0 0 0 0 0 0 0 0

1 -1 0 0 0 0 0 0 0 0 0 0 0 -1 0 -1 0 -1 0 -1 -2 0 0 0
0 0 0 0 0 0 0 0 0 0 0 0 0 0 0 1 0 0 0 0 0 0 0 0
0 0 0 0 0 0 0 0 0 0 0 0 -1 0 0 0 0 0 0 -1 -1 0 0 0
0 0 1 0 0 0 0 -1 1 -1 0 0 -1 -1 0 0 0 -1 0 -1 -1 -1 0 0
0 0 0 1 -1 0 0 0 0 0 0 -1 0 0 -1 0 -1 0 -2 0 0 0 -2 -2
0 0 0 0 0 0 0 0 0 0 0 1 0 0 0 0 0 0 0 0 0 0 0 0
0 0 0 0 0 0 0 0 0 0 0 0 0 0 -1 0 -1 0 0 0 0 0 -1 -1
0 0 0 0 0 1 0 -2 2 -1 0 0 0 1 0 0 0 0 0 0 0 0 0 0
0 0 0 0 0 0 0 0 0 0 0 0 0 1 0 0 0 0 0 0 0 0 0 0
0 0 0 0 0 0 1 -2 2 -1 0 0 0 0 0 0 0 1 0 0 0 0 0 0
0 0 0 0 0 0 0 0 0 0 0 0 0 0 0 0 0 1 0 0 0 0 0 0
0 0 1 0 0 0 0 0 0 -1 0 0 1 0 0 0 0 0 0 0 0 0 0 0
0 0 0 0 0 0 0 0 0 0 0 0 1 0 0 0 0 0 0 0 0 0 0 0
0 0 0 0 0 0 0 -1 2 -1 -1 0 0 0 1 0 0 0 0 0 0 0 0 0
0 0 0 0 0 0 0 0 0 0 0 0 0 0 1 0 0 0 0 0 0 0 0 0
0 0 0 0 0 0 0 0 0 1 -1 0 0 0 0 0 1 0 0 0 0 0 0 0
0 0 0 0 0 0 0 0 0 0 0 0 0 0 0 0 1 0 0 0 0 0 0 0
0 0 1 0 0 0 0 0 0 -1 1 0 0 0 0 0 0 0 1 0 0 0 0 0
0 0 0 0 0 0 0 0 0 0 0 0 0 0 0 0 0 0 1 0 0 0 0 0
0 0 0 0 0 0 0 0 0 0 0 0 0 0 0 0 0 0 0 1 0 0 0 0
0 1 0 0 0 0 0 0 0 0 0 0 0 0 0 0 0 0 0 1 2 0 0 0
0 0 0 0 0 0 0 0 0 0 0 0 0 0 0 0 0 0 0 0 0 1 0 0
0 0 0 0 0 0 0 0 0 0 0 0 0 0 0 0 0 0 0 0 0 0 1 0
0 0 1 0 1 0 0 -2 2 -2 0 0 0 0 0 0 0 0 0 0 0 0 1 2
