GM:(0,0,0)  A:(1/2,1/2,1/2)  M:(1/2,1/2,0)  R:(0,1/2,1/2)  X:(0,1/2,0)  Z:(0,0,1/2)
GM:(0,0,0)  A:(1/2,1/2,1/2)  M:(1/2,1/2,0)  R:(0,1/2,1/2)  X:(0,1/2,0)  Z:(0,0,1/2)
GM1  GM4  GM2  GM3  GM5  GM6  GM7  A5  A1A4  A2A3  A6A7  M1  M4  M2  M3  M5  M6  M7  R1R1  R3R3  R5R5  R2R2  R4R4  X1  X3X5  X2X4  Z5  Z1Z4  Z2Z3  Z6Z7
1 1 1 1 2 2 2 2 2 2 4 1 1 1 1 2 2 2 4 2 2 2 2 2 2 2 2 2 2 4
4a (222,222) A1 4 1,4a (222,222) B1 4 1,4a (222,222) B2 4 1,4a (222,222) B3 4 1,4b (4',2) A 4 1,4c (2/m',2) A 4 1,4c (2/m',2) B 4 1,4d (2/m',2) A 4 1,4d (2/m',2) B 4 1,4e (m'm'2,2) A 4 1,4e (m'm'2,2) B 4 1,4e (m'm'2,2) 1E 4 1,4e (m'm'2,2) 2E 4 1
2 2 0 0 0 0 0 2 0 0 0 2 2 0 0 0 0 0 1 0 0 0 0 2 0 0 2 0 0 0
0 0 2 2 0 0 0 2 0 0 0 0 0 2 2 0 0 0 1 0 0 0 0 2 0 0 2 0 0 0
0 0 0 0 2 0 0 0 2 0 0 0 0 0 0 2 0 0 1 0 0 0 0 2 0 0 0 2 0 0
0 0 0 0 2 0 0 0 0 2 0 0 0 0 0 2 0 0 1 0 0 0 0 2 0 0 0 0 2 0
1 1 1 1 0 0 0 2 0 0 0 1 1 1 1 0 0 0 1 0 0 0 0 2 0 0 2 0 0 0
1 1 0 0 1 0 0 1 0 1 0 1 1 0 0 1 0 0 1 0 0 0 0 2 0 0 1 0 1 0
0 0 1 1 1 0 0 1 1 0 0 0 0 1 1 1 0 0 1 0 0 0 0 2 0 0 1 1 0 0
1 1 0 0 1 0 0 1 1 0 0 1 1 0 0 1 0 0 1 0 0 0 0 2 0 0 1 1 0 0
0 0 1 1 1 0 0 1 0 1 0 0 0 1 1 1 0 0 1 0 0 0 0 2 0 0 1 0 1 0
1 1 1 1 0 0 0 0 1 1 0 0 0 0 0 2 0 0 1 0 0 0 0 2 0 0 2 0 0 0
0 0 0 0 2 0 0 2 0 0 0 1 1 1 1 0 0 0 1 0 0 0 0 2 0 0 0 1 1 0
0 0 0 0 0 1 1 0 0 0 1 0 0 0 0 0 1 1 0 1 1 0 0 0 2 0 0 0 0 1
0 0 0 0 0 1 1 0 0 0 1 0 0 0 0 0 1 1 0 0 0 1 1 0 0 2 0 0 0 1

0 0 0 0 0 0 0 0 0 -1 0 0 0 0 0 0 0 0 1 0 0 0 0 0 0 0 0 0 1 0
0 0 1 0 0 0 0 0 0 -1 0 0 0 0 0 0 0 0 0 0 0 0 0 0 0 0 0 0 1 0
0 0 0 0 0 0 0 0 1 -1 0 0 0 0 0 0 0 0 0 0 0 0 0 0 0 0 0 0 1 0
0 0 0 0 0 0 0 0 0 0 0 0 0 0 0 0 0 0 0 0 0 0 0 0 0 0 0 0 1 0
0 0 0 0 -1 0 0 0 1 0 0 0 0 0 0 0 0 0 0 0 0 0 0 0 0 0 0 0 1 0
0 0 0 0 0 0 0 0 0 0 0 0 0 0 0 0 0 0 0 1 0 0 0 0 0 0 0 0 0 0
0 0 0 0 0 0 1 0 0 0 0 0 0 0 0 0 0 0 0 -1 0 0 0 0 0 0 0 0 0 0
-1 0 -1 0 -1 0 0 1 1 1 0 0 0 0 0 0 0 0 0 0 0 0 0 0 0 0 0 0 0 0
-1 1 0 0 0 0 0 0 0 0 0 0 0 0 0 0 0 0 0 0 0 0 0 0 0 0 0 0 0 0
0 0 -1 1 0 0 0 0 0 0 0 0 0 0 0 0 0 0 0 0 0 0 0 0 0 0 0 0 0 0
0 0 0 0 0 0 -1 0 0 0 1 0 0 0 0 0 0 0 0 0 0 0 0 0 0 0 0 0 0 0
-1 0 0 0 -1 0 0 0 1 0 0 1 0 0 0 0 0 0 0 0 0 0 0 0 0 0 0 0 1 0
-1 0 0 0 -1 0 0 0 1 0 0 0 1 0 0 0 0 0 0 0 0 0 0 0 0 0 0 0 1 0
0 0 -1 0 -1 0 0 0 1 0 0 0 0 1 0 0 0 0 0 0 0 0 0 0 0 0 0 0 1 0
0 0 -1 0 -1 0 0 0 1 0 0 0 0 0 1 0 0 0 0 0 0 0 0 0 0 0 0 0 1 0
0 0 0 0 0 0 0 0 -1 -1 0 0 0 0 0 1 0 0 0 0 0 0 0 0 0 0 0 0 0 0
0 0 0 0 0 0 -1 0 0 0 0 0 0 0 0 0 1 0 0 0 0 0 0 0 0 0 0 0 0 0
0 0 0 0 0 0 -1 0 0 0 0 0 0 0 0 0 0 1 0 0 0 0 0 0 0 0 0 0 0 0
-1 0 -1 0 -1 0 0 0 0 0 0 0 0 0 0 0 0 0 2 0 0 0 0 0 0 0 0 0 0 0
0 0 0 0 0 1 -1 0 0 0 0 0 0 0 0 0 0 0 0 0 0 0 0 0 0 0 0 0 0 0
0 0 0 0 0 0 0 0 0 0 0 0 0 0 0 0 0 0 0 -1 1 0 0 0 0 0 0 0 0 0
0 0 0 0 0 0 -1 0 0 0 0 0 0 0 0 0 0 0 0 1 0 1 0 0 0 0 0 0 0 0
0 0 0 0 0 0 -1 0 0 0 0 0 0 0 0 0 0 0 0 1 0 0 1 0 0 0 0 0 0 0
-1 0 -1 0 -1 0 0 0 0 0 0 0 0 0 0 0 0 0 0 0 0 0 0 1 0 0 0 0 0 0
0 0 0 0 0 0 0 0 0 0 0 0 0 0 0 0 0 0 0 -2 0 0 0 0 1 0 0 0 0 0
0 0 0 0 0 0 -2 0 0 0 0 0 0 0 0 0 0 0 0 2 0 0 0 0 0 1 0 0 0 0
-1 0 -1 0 0 0 0 0 0 0 0 0 0 0 0 0 0 0 0 0 0 0 0 0 0 0 1 0 0 0
0 0 0 0 -1 0 0 0 0 0 0 0 0 0 0 0 0 0 0 0 0 0 0 0 0 0 0 1 1 0
0 0 0 0 -1 0 0 0 1 -1 0 0 0 0 0 0 0 0 0 0 0 0 0 0 0 0 0 0 2 0
0 0 0 0 0 0 -1 0 0 0 0 0 0 0 0 0 0 0 0 0 0 0 0 0 0 0 0 0 0 1

1 0 0 0 0 0 0 0 0 0 0 0 0
0 1 0 0 0 0 0 0 0 0 0 0 0
0 0 1 0 0 0 0 0 0 0 0 0 0
0 0 0 1 0 0 0 0 0 0 0 0 0
0 0 0 0 1 0 0 0 0 0 0 0 0
0 0 0 0 0 1 0 0 0 0 0 0 0
0 0 0 0 0 0 1 0 0 0 0 0 0
0 0 0 0 0 0 0 0 0 0 0 0 0
0 0 0 0 0 0 0 0 0 0 0 0 0
0 0 0 0 0 0 0 0 0 0 0 0 0
0 0 0 0 0 0 0 0 0 0 0 0 0
0 0 0 0 0 0 0 0 0 0 0 0 0
0 0 0 0 0 0 0 0 0 0 0 0 0
0 0 0 0 0 0 0 0 0 0 0 0 0
0 0 0 0 0 0 0 0 0 0 0 0 0
0 0 0 0 0 0 0 0 0 0 0 0 0
0 0 0 0 0 0 0 0 0 0 0 0 0
0 0 0 0 0 0 0 0 0 0 0 0 0
0 0 0 0 0 0 0 0 0 0 0 0 0
0 0 0 0 0 0 0 0 0 0 0 0 0
0 0 0 0 0 0 0 0 0 0 0 0 0
0 0 0 0 0 0 0 0 0 0 0 0 0
0 0 0 0 0 0 0 0 0 0 0 0 0
0 0 0 0 0 0 0 0 0 0 0 0 0
0 0 0 0 0 0 0 0 0 0 0 0 0
0 0 0 0 0 0 0 0 0 0 0 0 0
0 0 0 0 0 0 0 0 0 0 0 0 0
0 0 0 0 0 0 0 0 0 0 0 0 0
0 0 0 0 0 0 0 0 0 0 0 0 0
0 0 0 0 0 0 0 0 0 0 0 0 0

1 -1 -1 -1 0 0 0 -1 -1 -1 -1 -1 0
0 0 -1 0 0 0 0 -1 -1 -1 -1 0 -1
0 0 0 0 0 0 0 -1 0 0 -1 0 -1
0 0 0 0 0 0 0 0 -1 0 -1 -1 0
0 1 1 0 0 0 0 1 1 2 0 0 0
0 0 0 1 0 0 0 0 1 0 1 2 0
0 0 1 0 0 0 0 1 0 0 1 0 2
0 0 0 0 0 0 0 1 0 0 0 0 0
0 0 0 0 0 0 0 0 1 0 0 0 0
0 0 0 0 1 0 0 0 0 0 1 0 0
0 0 0 0 0 0 0 0 0 0 1 0 0
0 0 0 0 0 1 0 0 0 0 0 0 0
0 0 0 0 0 0 1 0 0 0 0 0 0
