GM:(0,0,0)  A:(0,0,1/2)  L:(1/2,1/2,1/2)  M:(0,1,1/2)  V:(1/2,1/2,0)  Y:(0,1,0)
GM:(0,0,0)  A:(0,0,1/2)  L:(1/2,1/2,1/2)  M:(0,1,1/2)  V:(1/2,1/2,0)  Y:(0,1,0)
GM1+  GM1-  GM2+  GM2-  GM3GM4  GM5GM6  A1+A2-  A1-A2+  A4A6  A3A5  L1-L1+  L2L3  M1+M2-  M1-M2+  M4M6  M3M5  V1+  V1-  V3V3  V2V2  Y1+  Y1-  Y2+  Y2-  Y3Y4  Y5Y6
1 1 1 1 2 2 2 2 2 2 2 2 2 2 2 2 1 1 2 2 1 1 1 1 2 2
4a (2/m,2/m) Ag 2 1,4a (2/m,2/m) Au 2 1,4a (2/m,2/m) Bg 2 1,4a (2/m,2/m) Bu 2 1,4a (2/m,2/m) 1Eg 2 1,4a (2/m,2/m) 1Eu 2 1,4a (2/m,2/m) 2Eg 2 1,4a (2/m,2/m) 2Eu 2 1,4b (2/m,2/m) Ag 2 1,4b (2/m,2/m) Au 2 1,4b (2/m,2/m) Bg 2 1,4b (2/m,2/m) Bu 2 1,4b (2/m,2/m) 1Eg 2 1,4b (2/m,2/m) 1Eu 2 1,4b (2/m,2/m) 2Eg 2 1,4b (2/m,2/m) 2Eu 2 1,4c (2'/m,m) A' 2 1,4c (2'/m,m) A'' 2 1,4d (2'/m,m) A' 2 1,4d (2'/m,m) A'' 2 1,8e (1,1) Ag 4 1,8e (1,1) Au 4 1,8e (1,1) Ag 4 0,8e (1,1) Au 4 0,8f (1',1) A 4 0
2 0 0 0 0 0 1 0 0 0 1 0 1 0 0 0 2 0 0 0 2 0 0 0 0 0
0 2 0 0 0 0 0 1 0 0 1 0 0 1 0 0 0 2 0 0 0 2 0 0 0 0
0 0 2 0 0 0 0 1 0 0 1 0 0 1 0 0 2 0 0 0 0 0 2 0 0 0
0 0 0 2 0 0 1 0 0 0 1 0 1 0 0 0 0 2 0 0 0 0 0 2 0 0
0 0 0 0 1 0 0 0 1 0 0 1 0 0 1 0 0 0 1 0 0 0 0 0 1 0
0 0 0 0 0 1 0 0 1 0 0 1 0 0 1 0 0 0 0 1 0 0 0 0 0 1
0 0 0 0 1 0 0 0 0 1 0 1 0 0 0 1 0 0 1 0 0 0 0 0 1 0
0 0 0 0 0 1 0 0 0 1 0 1 0 0 0 1 0 0 0 1 0 0 0 0 0 1
2 0 0 0 0 0 1 0 0 0 1 0 1 0 0 0 0 2 0 0 2 0 0 0 0 0
0 2 0 0 0 0 0 1 0 0 1 0 0 1 0 0 2 0 0 0 0 2 0 0 0 0
0 0 2 0 0 0 0 1 0 0 1 0 0 1 0 0 0 2 0 0 0 0 2 0 0 0
0 0 0 2 0 0 1 0 0 0 1 0 1 0 0 0 2 0 0 0 0 0 0 2 0 0
0 0 0 0 1 0 0 0 1 0 0 1 0 0 1 0 0 0 0 1 0 0 0 0 1 0
0 0 0 0 0 1 0 0 1 0 0 1 0 0 1 0 0 0 1 0 0 0 0 0 0 1
0 0 0 0 1 0 0 0 0 1 0 1 0 0 0 1 0 0 0 1 0 0 0 0 1 0
0 0 0 0 0 1 0 0 0 1 0 1 0 0 0 1 0 0 1 0 0 0 0 0 0 1
1 0 0 1 0 0 1 0 0 0 1 0 1 0 0 0 1 1 0 0 1 0 0 1 0 0
0 1 1 0 0 0 0 1 0 0 1 0 0 1 0 0 1 1 0 0 0 1 1 0 0 0
1 0 0 1 0 0 1 0 0 0 1 0 1 0 0 0 1 1 0 0 1 0 0 1 0 0
0 1 1 0 0 0 0 1 0 0 1 0 0 1 0 0 1 1 0 0 0 1 1 0 0 0
2 0 2 0 0 0 1 1 0 0 2 0 1 1 0 0 2 2 0 0 0 2 0 2 0 0
0 2 0 2 0 0 1 1 0 0 2 0 1 1 0 0 2 2 0 0 2 0 2 0 0 0
0 0 0 0 2 0 0 0 1 1 0 2 0 0 1 1 0 0 1 1 0 0 0 0 0 2
0 0 0 0 0 2 0 0 1 1 0 2 0 0 1 1 0 0 1 1 0 0 0 0 2 0
1 1 1 1 0 0 1 1 0 0 2 0 1 1 0 0 2 2 0 0 1 1 1 1 0 0

0 0 0 0 0 0 1 0 0 0 0 0 0 0 0 0 0 0 0 0 0 0 0 0 0 0
-1 0 0 -1 0 0 1 0 0 0 1 0 0 0 0 0 0 0 0 0 0 0 0 0 0 0
-1 0 1 0 0 0 0 0 0 0 0 0 0 0 0 0 0 0 0 0 1 0 0 0 0 0
0 0 0 1 0 0 0 0 0 0 0 0 0 0 0 0 0 0 0 0 0 0 0 0 0 0
0 0 0 0 -1 -1 0 0 1 0 0 0 0 0 0 0 0 0 1 0 0 0 0 0 0 0
0 0 0 0 0 1 0 0 0 0 0 0 0 0 0 0 0 0 0 0 0 0 0 0 0 0
0 0 0 0 1 1 0 0 -1 0 0 0 0 0 0 0 0 0 0 0 0 0 0 0 0 0
0 0 0 0 1 0 0 0 0 0 0 0 0 0 0 0 0 0 -1 0 0 0 0 0 0 0
0 0 -1 0 2 0 0 0 0 0 0 0 0 0 0 0 1 0 -2 0 -1 0 0 0 0 0
1 0 -1 0 0 0 0 0 0 0 0 0 0 0 0 0 1 0 0 0 -2 0 0 0 0 0
0 0 -1 0 1 0 0 0 0 0 0 0 0 0 0 0 1 0 0 0 -1 0 0 0 -1 0
0 0 0 0 -1 -1 0 0 0 0 0 1 0 0 0 0 0 0 0 0 0 0 0 0 0 0
-1 0 0 -1 0 0 1 0 0 0 0 0 1 0 0 0 0 0 0 0 0 0 0 0 0 0
-1 -1 -1 -1 0 0 1 0 0 0 1 0 0 1 0 0 0 0 0 0 0 0 0 0 0 0
0 0 0 0 0 0 0 0 -1 0 0 0 0 0 1 0 0 0 0 0 0 0 0 0 0 0
0 0 0 0 -1 -1 0 0 1 0 0 0 0 0 0 1 0 0 0 0 0 0 0 0 0 0
-1 -1 -1 -1 0 0 1 1 0 0 1 0 0 0 0 0 0 0 0 0 0 0 0 0 0 0
-1 -1 -1 -1 0 0 0 0 0 0 0 0 0 0 0 0 1 1 0 0 0 0 0 0 0 0
-1 0 0 -1 0 0 2 0 0 0 0 0 0 0 0 0 0 0 0 0 0 0 0 0 0 0
0 0 0 0 -1 -1 0 0 0 0 0 0 0 0 0 0 0 0 1 1 0 0 0 0 0 0
0 0 0 0 -1 -1 0 0 1 1 0 0 0 0 0 0 0 0 0 0 0 0 0 0 0 0
-1 -1 0 0 0 0 0 0 0 0 0 0 0 0 0 0 0 0 0 0 1 1 0 0 0 0
1 0 -1 0 0 0 0 0 0 0 0 0 0 0 0 0 0 0 0 0 -1 0 1 0 0 0
-1 0 0 -1 0 0 0 0 0 0 0 0 0 0 0 0 0 0 0 0 1 0 0 1 0 0
-1 -1 -1 -1 0 0 0 0 0 0 2 0 0 0 0 0 0 0 0 0 0 0 0 0 0 0
0 0 0 0 -1 -1 0 0 0 0 0 0 0 0 0 0 0 0 0 0 0 0 0 0 1 1

1 0 0 0 0 0 0 0 0 0 0 0 0 0 0 0 0 0 0 0 0 0 0 0 0
0 1 0 0 0 0 0 0 0 0 0 0 0 0 0 0 0 0 0 0 0 0 0 0 0
0 0 1 0 0 0 0 0 0 0 0 0 0 0 0 0 0 0 0 0 0 0 0 0 0
0 0 0 1 0 0 0 0 0 0 0 0 0 0 0 0 0 0 0 0 0 0 0 0 0
0 0 0 0 1 0 0 0 0 0 0 0 0 0 0 0 0 0 0 0 0 0 0 0 0
0 0 0 0 0 1 0 0 0 0 0 0 0 0 0 0 0 0 0 0 0 0 0 0 0
0 0 0 0 0 0 1 0 0 0 0 0 0 0 0 0 0 0 0 0 0 0 0 0 0
0 0 0 0 0 0 0 1 0 0 0 0 0 0 0 0 0 0 0 0 0 0 0 0 0
0 0 0 0 0 0 0 0 2 0 0 0 0 0 0 0 0 0 0 0 0 0 0 0 0
0 0 0 0 0 0 0 0 0 2 0 0 0 0 0 0 0 0 0 0 0 0 0 0 0
0 0 0 0 0 0 0 0 0 0 2 0 0 0 0 0 0 0 0 0 0 0 0 0 0
0 0 0 0 0 0 0 0 0 0 0 0 0 0 0 0 0 0 0 0 0 0 0 0 0
0 0 0 0 0 0 0 0 0 0 0 0 0 0 0 0 0 0 0 0 0 0 0 0 0
0 0 0 0 0 0 0 0 0 0 0 0 0 0 0 0 0 0 0 0 0 0 0 0 0
0 0 0 0 0 0 0 0 0 0 0 0 0 0 0 0 0 0 0 0 0 0 0 0 0
0 0 0 0 0 0 0 0 0 0 0 0 0 0 0 0 0 0 0 0 0 0 0 0 0
0 0 0 0 0 0 0 0 0 0 0 0 0 0 0 0 0 0 0 0 0 0 0 0 0
0 0 0 0 0 0 0 0 0 0 0 0 0 0 0 0 0 0 0 0 0 0 0 0 0
0 0 0 0 0 0 0 0 0 0 0 0 0 0 0 0 0 0 0 0 0 0 0 0 0
0 0 0 0 0 0 0 0 0 0 0 0 0 0 0 0 0 0 0 0 0 0 0 0 0
0 0 0 0 0 0 0 0 0 0 0 0 0 0 0 0 0 0 0 0 0 0 0 0 0
0 0 0 0 0 0 0 0 0 0 0 0 0 0 0 0 0 0 0 0 0 0 0 0 0
0 0 0 0 0 0 0 0 0 0 0 0 0 0 0 0 0 0 0 0 0 0 0 0 0
0 0 0 0 0 0 0 0 0 0 0 0 0 0 0 0 0 0 0 0 0 0 0 0 0
0 0 0 0 0 0 0 0 0 0 0 0 0 0 0 0 0 0 0 0 0 0 0 0 0
0 0 0 0 0 0 0 0 0 0 0 0 0 0 0 0 0 0 0 0 0 0 0 0 0

1 0 0 -1 0 0 0 -2 2 -1 0 -1 0 0 0 0 -1 0 -1 0 -1 -1 1 0 -1
0 1 -1 -1 0 0 0 -1 1 -1 0 0 0 0 0 0 -1 -1 -1 -1 -1 -1 0 0 -1
0 0 0 -1 0 0 0 0 0 0 0 0 0 0 0 0 -1 -1 -1 -1 0 -1 -1 0 -1
0 0 0 0 0 0 0 0 0 0 0 -1 0 0 0 0 -1 0 -1 0 0 -1 0 0 -1
0 0 0 0 1 0 0 0 0 0 0 0 1 -1 1 0 0 0 0 0 0 0 0 0 0
0 0 0 0 0 1 0 0 0 0 0 0 -1 -1 0 -1 0 0 0 0 0 0 0 -2 0
0 0 0 0 0 0 1 -1 1 0 -1 0 -1 0 -1 -1 0 0 0 0 0 0 0 -2 0
0 0 0 0 0 0 0 0 0 0 0 0 1 0 0 0 0 0 0 0 0 0 0 0 0
0 0 0 0 0 0 0 1 -1 0 0 1 0 0 0 0 0 0 0 0 1 0 -1 0 0
0 0 0 0 0 0 0 0 0 0 0 0 0 0 0 0 0 0 0 0 1 0 0 0 0
0 0 0 0 0 0 0 0 0 0 0 0 0 0 0 0 0 0 0 0 0 0 1 0 0
0 0 0 0 0 0 0 0 0 0 0 1 0 0 0 0 0 0 0 0 0 0 0 0 0
0 0 0 0 0 0 0 0 1 0 -1 0 0 1 -1 1 0 0 0 0 0 0 0 0 0
0 0 0 0 0 0 0 0 0 0 0 0 0 1 0 0 0 0 0 0 0 0 0 0 0
0 0 0 0 0 0 0 0 0 0 0 0 0 0 1 0 0 0 0 0 0 0 0 0 0
0 0 0 0 0 0 0 0 0 0 0 0 0 0 0 1 0 0 0 0 0 0 0 0 0
0 0 0 0 0 0 0 0 0 0 0 0 0 0 0 0 1 0 0 0 0 0 0 0 0
0 0 0 0 0 0 0 0 0 0 0 0 0 0 0 0 0 1 0 0 0 0 0 0 0
0 0 0 0 0 0 0 0 0 0 0 0 0 0 0 0 0 0 1 0 0 0 0 0 0
0 0 1 1 0 0 0 0 0 0 0 0 0 0 0 0 1 1 1 2 0 0 0 0 0
0 0 0 0 0 0 0 1 -1 1 0 0 0 0 0 0 0 0 0 0 0 1 0 0 0
0 0 0 0 0 0 0 0 0 0 0 0 0 0 0 0 0 0 0 0 0 1 0 0 0
0 0 0 0 0 0 0 1 -1 0 1 0 0 0 0 0 0 0 0 0 0 0 0 1 0
0 0 0 0 0 0 0 0 0 0 0 0 0 0 0 0 0 0 0 0 0 0 0 1 0
0 0 0 1 0 0 0 0 0 0 0 0 0 0 0 0 1 0 1 0 0 0 0 0 2
