GM:(0,0,0)  R:(1/2,1/2,1/2)  S:(1/2,1/2,0)  T:(0,1/2,1/2)  U:(1/2,0,1/2)  X:(1/2,0,0)  Y:(0,1/2,0)  Z:(0,0,1/2)
GM:(0,0,0)  E:(1/2,1/2,1/2)  D:(0,1/2,1/2)  A:(1/2,0,1/2)  C:(1/2,1/2,0)  Z:(0,1/2,0)  B:(0,0,1/2)  Y:(1/2,0,0)
GM1+  GM2+  GM1-  GM2-  GM3  GM4  GM5  GM6  (R)E1+E2-  (R)E1-E2+  (R)E3E6  (R)E4E5  (S)D1+  (S)D2+  (S)D1-  (S)D2-  (S)D3  (S)D4  (S)D5  (S)D6  (T)A1A1  (T)A2A2  (U)C1C1  (U)C2C2  (X)Z1  (X)Z2  (Y)B1  (Y)B2  (Z)Y1+Y2-  (Z)Y1-Y2+  (Z)Y3Y6  (Z)Y4Y5
1 1 1 1 1 1 1 1 2 2 2 2 1 1 1 1 1 1 1 1 4 4 4 4 2 2 2 2 2 2 2 2
4a (1,1) Ag 4 1;4a (1,1) Au 4 1;4a (1,1) Ag 4 1;4a (1,1) Au 4 1;4b (1,1) Ag 4 1;4b (1,1) Au 4 1;4b (1,1) Ag 4 1;4b (1,1) Au 4 1;4c (2',1) A 4 1;4c (2',1) A 4 1
2 2 0 0 0 0 0 0 1 1 0 0 2 2 0 0 0 0 0 0 1 0 1 0 2 0 2 0 1 1 0 0
0 0 2 2 0 0 0 0 1 1 0 0 0 0 2 2 0 0 0 0 1 0 1 0 2 0 2 0 1 1 0 0
0 0 0 0 2 2 0 0 0 0 1 1 0 0 0 0 2 2 0 0 0 1 0 1 0 2 0 2 0 0 1 1
0 0 0 0 0 0 2 2 0 0 1 1 0 0 0 0 0 0 2 2 0 1 0 1 0 2 0 2 0 0 1 1
2 2 0 0 0 0 0 0 1 1 0 0 0 0 2 2 0 0 0 0 1 0 1 0 2 0 2 0 1 1 0 0
0 0 2 2 0 0 0 0 1 1 0 0 2 2 0 0 0 0 0 0 1 0 1 0 2 0 2 0 1 1 0 0
0 0 0 0 2 2 0 0 0 0 1 1 0 0 0 0 0 0 2 2 0 1 0 1 0 2 0 2 0 0 1 1
0 0 0 0 0 0 2 2 0 0 1 1 0 0 0 0 2 2 0 0 0 1 0 1 0 2 0 2 0 0 1 1
1 1 1 1 0 0 0 0 1 1 0 0 1 1 1 1 0 0 0 0 1 0 1 0 2 0 2 0 1 1 0 0
0 0 0 0 1 1 1 1 0 0 1 1 0 0 0 0 1 1 1 1 0 1 0 1 0 2 0 2 0 0 1 1

0 0 0 0 0 0 0 0 0 0 0 0 0 0 0 0 0 0 0 0 0 0 0 0 0 0 0 0 0 1 0 0
0 0 1 0 0 0 0 0 0 0 0 0 0 0 0 0 0 0 0 0 0 0 0 0 0 0 0 0 0 0 0 0
0 0 0 0 0 0 0 0 0 0 0 0 0 0 0 0 0 0 0 0 0 0 0 0 0 0 0 0 0 0 0 1
0 0 0 0 0 0 1 0 0 0 0 0 0 0 0 0 0 0 0 0 0 0 0 0 0 0 0 0 0 0 0 0
1 0 0 0 0 0 0 0 0 0 0 0 -1 0 0 0 0 0 0 0 0 0 0 0 0 0 0 0 0 0 0 0
0 0 0 0 1 0 0 0 0 0 0 0 0 0 0 0 -1 0 0 0 0 0 0 0 0 0 0 0 0 0 0 0
0 0 -1 1 0 0 0 0 0 0 0 0 0 0 0 0 0 0 0 0 0 0 0 0 0 0 0 0 0 0 0 0
0 0 0 0 0 0 -1 1 0 0 0 0 0 0 0 0 0 0 0 0 0 0 0 0 0 0 0 0 0 0 0 0
-1 0 -1 0 0 0 0 0 1 0 0 0 0 0 0 0 0 0 0 0 0 0 0 0 0 0 0 0 0 1 0 0
-1 0 -1 0 0 0 0 0 0 1 0 0 0 0 0 0 0 0 0 0 0 0 0 0 0 0 0 0 0 1 0 0
0 0 0 0 -1 0 -1 0 0 0 1 0 0 0 0 0 0 0 0 0 0 0 0 0 0 0 0 0 0 0 0 1
0 0 0 0 -1 0 -1 0 0 0 0 1 0 0 0 0 0 0 0 0 0 0 0 0 0 0 0 0 0 0 0 1
-1 1 0 0 0 0 0 0 0 0 0 0 0 0 0 0 0 0 0 0 0 0 0 0 0 0 0 0 0 0 0 0
0 0 0 0 0 0 0 0 0 0 0 0 -1 1 0 0 0 0 0 0 0 0 0 0 0 0 0 0 0 0 0 0
-1 0 -1 0 0 0 0 0 0 0 0 0 1 0 1 0 0 0 0 0 0 0 0 0 0 0 0 0 0 0 0 0
-1 0 -1 0 0 0 0 0 0 0 0 0 1 0 0 1 0 0 0 0 0 0 0 0 0 0 0 0 0 0 0 0
0 0 0 0 -1 1 0 0 0 0 0 0 0 0 0 0 0 0 0 0 0 0 0 0 0 0 0 0 0 0 0 0
0 0 0 0 0 0 0 0 0 0 0 0 0 0 0 0 -1 1 0 0 0 0 0 0 0 0 0 0 0 0 0 0
0 0 0 0 -1 0 -1 0 0 0 0 0 0 0 0 0 1 0 1 0 0 0 0 0 0 0 0 0 0 0 0 0
0 0 0 0 -1 0 -1 0 0 0 0 0 0 0 0 0 1 0 0 1 0 0 0 0 0 0 0 0 0 0 0 0
-1 0 -1 0 0 0 0 0 0 0 0 0 0 0 0 0 0 0 0 0 1 0 0 0 0 0 0 0 0 1 0 0
0 0 0 0 -1 0 -1 0 0 0 0 0 0 0 0 0 0 0 0 0 0 1 0 0 0 0 0 0 0 0 0 1
-1 0 -1 0 0 0 0 0 0 0 0 0 0 0 0 0 0 0 0 0 0 0 1 0 0 0 0 0 0 1 0 0
0 0 0 0 -1 0 -1 0 0 0 0 0 0 0 0 0 0 0 0 0 0 0 0 1 0 0 0 0 0 0 0 1
-1 0 -1 0 0 0 0 0 0 0 0 0 0 0 0 0 0 0 0 0 0 0 0 0 1 0 0 0 0 0 0 0
0 0 0 0 -1 0 -1 0 0 0 0 0 0 0 0 0 0 0 0 0 0 0 0 0 0 1 0 0 0 0 0 0
-1 0 -1 0 0 0 0 0 0 0 0 0 0 0 0 0 0 0 0 0 0 0 0 0 0 0 1 0 0 0 0 0
0 0 0 0 -1 0 -1 0 0 0 0 0 0 0 0 0 0 0 0 0 0 0 0 0 0 0 0 1 0 0 0 0
-1 0 -1 0 0 0 0 0 0 0 0 0 0 0 0 0 0 0 0 0 0 0 0 0 0 0 0 0 1 1 0 0
-1 0 -1 0 0 0 0 0 0 0 0 0 0 0 0 0 0 0 0 0 0 0 0 0 0 0 0 0 0 2 0 0
0 0 0 0 -1 0 -1 0 0 0 0 0 0 0 0 0 0 0 0 0 0 0 0 0 0 0 0 0 0 0 1 1
0 0 0 0 -1 0 -1 0 0 0 0 0 0 0 0 0 0 0 0 0 0 0 0 0 0 0 0 0 0 0 0 2

1 0 0 0 0 0 0 0 0 0
0 1 0 0 0 0 0 0 0 0
0 0 1 0 0 0 0 0 0 0
0 0 0 1 0 0 0 0 0 0
0 0 0 0 2 0 0 0 0 0
0 0 0 0 0 2 0 0 0 0
0 0 0 0 0 0 0 0 0 0
0 0 0 0 0 0 0 0 0 0
0 0 0 0 0 0 0 0 0 0
0 0 0 0 0 0 0 0 0 0
0 0 0 0 0 0 0 0 0 0
0 0 0 0 0 0 0 0 0 0
0 0 0 0 0 0 0 0 0 0
0 0 0 0 0 0 0 0 0 0
0 0 0 0 0 0 0 0 0 0
0 0 0 0 0 0 0 0 0 0
0 0 0 0 0 0 0 0 0 0
0 0 0 0 0 0 0 0 0 0
0 0 0 0 0 0 0 0 0 0
0 0 0 0 0 0 0 0 0 0
0 0 0 0 0 0 0 0 0 0
0 0 0 0 0 0 0 0 0 0
0 0 0 0 0 0 0 0 0 0
0 0 0 0 0 0 0 0 0 0
0 0 0 0 0 0 0 0 0 0
0 0 0 0 0 0 0 0 0 0
0 0 0 0 0 0 0 0 0 0
0 0 0 0 0 0 0 0 0 0
0 0 0 0 0 0 0 0 0 0
0 0 0 0 0 0 0 0 0 0
0 0 0 0 0 0 0 0 0 0
0 0 0 0 0 0 0 0 0 0

1 -1 0 0 -1 0 -1 0 -1 0
0 0 0 0 0 0 -1 0 -1 0
0 0 1 -1 0 -1 0 -1 0 -1
0 0 0 0 0 0 0 -1 0 -1
0 0 0 0 1 0 1 0 0 0
0 0 0 0 0 0 1 0 0 0
0 0 0 0 0 1 0 1 0 0
0 0 0 0 0 0 0 1 0 0
0 1 0 0 0 0 0 0 2 0
0 0 0 1 0 0 0 0 0 2
