GM:(0,0,0)  M:(1,1,1)  N:(1/2,0,1/2)  P:(1/2,1/2,1/2)  X:(1/2,1/2,0)
GM:(0,0,0)  M:(1,1,1)  N:(1/2,0,1/2)  P:(1/2,1/2,1/2)  X:(1/2,1/2,0)
GM4  GM3  GM1  GM2  GM8  GM7  GM6  GM5  M4  M3  M1  M2  M8  M7  M6  M5  N1N1  N2N2  P2P2  P1P1  P4P4  P3P3  X2  X1  X4  X3
1 1 1 1 1 1 1 1 1 1 1 1 1 1 1 1 2 2 2 2 2 2 1 1 1 1
4a (4,4) 1E 2 1,4a (4,4) 2E 2 1,4a (4,4) A 2 1,4a (4,4) B 2 1,4a (4,4) 1E1 2 1,4a (4,4) 1E2 2 1,4a (4,4) 2E1 2 1,4a (4,4) 2E2 2 1,4b (m'm'2,2) A 2 1,4b (m'm'2,2) B 2 1,4b (m'm'2,2) 1E 2 1,4b (m'm'2,2) 2E 2 1
2 0 0 0 0 0 0 0 2 0 0 0 0 0 0 0 1 0 1 0 0 0 2 0 0 0
0 2 0 0 0 0 0 0 0 2 0 0 0 0 0 0 1 0 1 0 0 0 2 0 0 0
0 0 2 0 0 0 0 0 0 0 2 0 0 0 0 0 1 0 0 1 0 0 0 2 0 0
0 0 0 2 0 0 0 0 0 0 0 2 0 0 0 0 1 0 0 1 0 0 0 2 0 0
0 0 0 0 2 0 0 0 0 0 0 0 2 0 0 0 0 1 0 0 1 0 0 0 2 0
0 0 0 0 0 2 0 0 0 0 0 0 0 2 0 0 0 1 0 0 1 0 0 0 2 0
0 0 0 0 0 0 2 0 0 0 0 0 0 0 2 0 0 1 0 0 0 1 0 0 0 2
0 0 0 0 0 0 0 2 0 0 0 0 0 0 0 2 0 1 0 0 0 1 0 0 0 2
0 0 1 1 0 0 0 0 0 0 1 1 0 0 0 0 1 0 1 0 0 0 2 0 0 0
1 1 0 0 0 0 0 0 1 1 0 0 0 0 0 0 1 0 0 1 0 0 0 2 0 0
0 0 0 0 1 1 0 0 0 0 0 0 1 1 0 0 0 1 0 0 0 1 0 0 0 2
0 0 0 0 0 0 1 1 0 0 0 0 0 0 1 1 0 1 0 0 1 0 0 0 2 0

0 0 0 0 0 0 0 0 0 0 0 0 0 0 0 0 0 0 1 0 0 0 0 0 0 0
0 1 0 0 0 0 0 0 0 0 0 0 0 0 0 0 0 0 0 0 0 0 0 0 0 0
0 0 0 0 0 0 0 0 0 0 0 0 0 0 0 0 0 0 0 1 0 0 0 0 0 0
0 0 0 1 0 0 0 0 0 0 0 0 0 0 0 0 0 0 0 0 0 0 0 0 0 0
0 0 0 0 0 0 0 0 0 0 0 0 0 0 0 0 0 0 0 0 1 0 0 0 0 0
0 0 0 0 0 1 0 0 0 0 0 0 0 0 0 0 0 0 0 0 0 0 0 0 0 0
0 0 0 0 0 0 0 0 0 0 0 0 0 0 0 0 0 0 0 0 0 1 0 0 0 0
0 0 0 0 0 0 0 1 0 0 0 0 0 0 0 0 0 0 0 0 0 0 0 0 0 0
-1 -3 0 -2 0 0 0 0 0 0 0 0 0 0 0 0 0 0 2 0 0 0 0 0 0 0
0 0 0 0 1 -1 0 -2 0 0 0 0 0 0 0 0 0 0 0 0 -2 0 0 0 0 0
0 0 -1 0 0 0 0 0 0 0 1 0 0 0 0 0 0 0 0 0 0 0 0 0 0 0
0 0 0 -1 0 0 0 0 0 0 0 1 0 0 0 0 0 0 0 0 0 0 0 0 0 0
0 0 0 0 -1 0 0 0 0 0 0 0 1 0 0 0 0 0 0 0 0 0 0 0 0 0
0 0 0 0 0 -1 0 0 0 0 0 0 0 1 0 0 0 0 0 0 0 0 0 0 0 0
0 0 0 0 0 0 -1 0 0 0 0 0 0 0 1 0 0 0 0 0 0 0 0 0 0 0
0 0 0 0 0 0 0 -1 0 0 0 0 0 0 0 1 0 0 0 0 0 0 0 0 0 0
-1 -1 -1 -1 0 0 0 0 0 0 0 0 0 0 0 0 1 0 1 1 0 0 0 0 0 0
0 0 0 0 -1 -1 -1 -1 0 0 0 0 0 0 0 0 0 1 0 0 1 1 0 0 0 0
-1 0 0 0 0 0 0 0 1 0 0 0 0 0 0 0 0 0 0 0 0 0 0 0 0 0
-1 -1 -1 -1 0 0 0 0 0 0 0 0 0 0 0 0 0 0 2 2 0 0 0 0 0 0
0 -1 0 0 0 0 0 0 0 1 0 0 0 0 0 0 0 0 0 0 0 0 0 0 0 0
0 0 0 0 -1 -1 -1 -1 0 0 0 0 0 0 0 0 0 0 0 0 2 2 0 0 0 0
0 0 0 0 0 0 0 0 0 0 0 0 0 0 0 0 0 0 -2 0 0 0 1 0 0 0
-1 -1 -1 -1 0 0 0 0 0 0 0 0 0 0 0 0 0 0 2 0 0 0 0 1 0 0
0 0 0 0 0 0 0 0 0 0 0 0 0 0 0 0 0 0 0 0 -2 0 0 0 1 0
0 0 0 0 -1 -1 -1 -1 0 0 0 0 0 0 0 0 0 0 0 0 2 0 0 0 0 1

1 0 0 0 0 0 0 0 0 0 0 0
0 1 0 0 0 0 0 0 0 0 0 0
0 0 1 0 0 0 0 0 0 0 0 0
0 0 0 1 0 0 0 0 0 0 0 0
0 0 0 0 1 0 0 0 0 0 0 0
0 0 0 0 0 1 0 0 0 0 0 0
0 0 0 0 0 0 1 0 0 0 0 0
0 0 0 0 0 0 0 1 0 0 0 0
0 0 0 0 0 0 0 0 4 0 0 0
0 0 0 0 0 0 0 0 0 4 0 0
0 0 0 0 0 0 0 0 0 0 0 0
0 0 0 0 0 0 0 0 0 0 0 0
0 0 0 0 0 0 0 0 0 0 0 0
0 0 0 0 0 0 0 0 0 0 0 0
0 0 0 0 0 0 0 0 0 0 0 0
0 0 0 0 0 0 0 0 0 0 0 0
0 0 0 0 0 0 0 0 0 0 0 0
0 0 0 0 0 0 0 0 0 0 0 0
0 0 0 0 0 0 0 0 0 0 0 0
0 0 0 0 0 0 0 0 0 0 0 0
0 0 0 0 0 0 0 0 0 0 0 0
0 0 0 0 0 0 0 0 0 0 0 0
0 0 0 0 0 0 0 0 0 0 0 0
0 0 0 0 0 0 0 0 0 0 0 0
0 0 0 0 0 0 0 0 0 0 0 0
0 0 0 0 0 0 0 0 0 0 0 0

1 -2 0 -1 0 0 0 0 -2 0 -1 0
0 0 0 0 0 0 0 0 0 0 -1 0
0 0 1 0 0 0 0 0 1 0 -1 0
0 -1 0 0 0 0 0 0 -1 0 -1 0
0 0 0 0 1 0 0 0 0 1 0 -1
0 0 0 0 0 0 0 -1 0 -1 0 -1
0 0 0 0 0 -1 1 -2 0 -2 0 -1
0 0 0 0 0 0 0 0 0 0 0 -1
0 2 0 1 0 0 0 0 2 0 2 0
0 1 0 0 0 0 0 0 0 0 2 0
0 0 0 0 0 1 0 2 0 2 0 2
0 0 0 0 0 0 0 1 0 0 0 2
