GM:(0,0,0)  A:(1/2,1/2,1/2)  M:(1/2,1/2,0)  R:(0,1/2,1/2)  X:(0,1/2,0)  Z:(0,0,1/2)
GM:(0,0,0)  A:(1/2,1/2,1/2)  M:(1/2,1/2,0)  R:(0,1/2,1/2)  X:(0,1/2,0)  Z:(0,0,1/2)
GM1  GM3  GM2  GM4  GM5  GM7  GM6  A1A2  A3A4  A5  A6A7  M1M4  M2M3  M5  M6M7  R1R3  R2R4  R5R5  X1X4  X2X3  X5X5  Z1Z3  Z2Z4  Z5Z5  Z7Z7  Z6Z6
1 1 1 1 2 2 2 2 2 2 4 2 2 2 4 2 2 4 2 2 4 2 2 4 4 4
2a (422,422) A1 2 1,2a (422,422) A2 2 1,2a (422,422) B1 2 1,2a (422,422) B2 2 1,2a (422,422) E 4 1,2a (422,422) E1 4 1,2a (422,422) E2 4 1,2b (422,422) A1 2 1,2b (422,422) A2 2 1,2b (422,422) B1 2 1,2b (422,422) B2 2 1,2b (422,422) E 4 1,2b (422,422) E1 4 1,2b (422,422) E2 4 1,4c (222,222) A1 4 1,4c (222,222) B1 4 1,4c (222,222) B2 4 1,4c (222,222) B3 4 1,4d (4',2) A 4 1,8f (1',1) A 8 0
2 0 0 0 0 0 0 1 0 0 0 1 0 0 0 1 0 0 1 0 0 1 0 0 0 0
0 2 0 0 0 0 0 0 1 0 0 0 1 0 0 0 1 0 0 1 0 1 0 0 0 0
0 0 2 0 0 0 0 1 0 0 0 0 1 0 0 1 0 0 1 0 0 0 1 0 0 0
0 0 0 2 0 0 0 0 1 0 0 1 0 0 0 0 1 0 0 1 0 0 1 0 0 0
0 0 0 0 2 0 0 0 0 2 0 0 0 2 0 1 1 0 1 1 0 0 0 1 0 0
0 0 0 0 0 2 0 0 0 0 1 0 0 0 1 0 0 1 0 0 1 0 0 0 1 0
0 0 0 0 0 0 2 0 0 0 1 0 0 0 1 0 0 1 0 0 1 0 0 0 0 1
2 0 0 0 0 0 0 0 1 0 0 1 0 0 0 0 1 0 1 0 0 1 0 0 0 0
0 2 0 0 0 0 0 1 0 0 0 0 1 0 0 1 0 0 0 1 0 1 0 0 0 0
0 0 2 0 0 0 0 0 1 0 0 0 1 0 0 0 1 0 1 0 0 0 1 0 0 0
0 0 0 2 0 0 0 1 0 0 0 1 0 0 0 1 0 0 0 1 0 0 1 0 0 0
0 0 0 0 2 0 0 0 0 2 0 0 0 2 0 1 1 0 1 1 0 0 0 1 0 0
0 0 0 0 0 2 0 0 0 0 1 0 0 0 1 0 0 1 0 0 1 0 0 0 1 0
0 0 0 0 0 0 2 0 0 0 1 0 0 0 1 0 0 1 0 0 1 0 0 0 0 1
2 0 2 0 0 0 0 0 0 2 0 0 0 2 0 1 1 0 2 0 0 1 1 0 0 0
0 2 0 2 0 0 0 0 0 2 0 0 0 2 0 1 1 0 0 2 0 1 1 0 0 0
0 0 0 0 2 0 0 0 2 0 0 1 1 0 0 0 2 0 1 1 0 0 0 1 0 0
0 0 0 0 2 0 0 2 0 0 0 1 1 0 0 2 0 0 1 1 0 0 0 1 0 0
1 1 1 1 0 0 0 0 0 2 0 0 0 2 0 1 1 0 1 1 0 1 1 0 0 0
1 1 1 1 2 0 0 1 1 2 0 1 1 2 0 2 2 0 2 2 0 1 1 1 0 0

0 0 -1 0 -1 0 0 1 -1 0 0 0 0 0 0 0 1 0 0 0 0 0 1 1 0 0
0 0 0 0 -1 0 0 0 0 0 0 0 0 0 0 0 0 0 0 1 0 0 0 1 0 0
-1 -1 0 0 -1 0 0 1 0 0 0 0 0 0 0 0 1 0 0 0 0 1 0 1 0 0
0 0 0 1 0 0 0 0 0 0 0 0 0 0 0 0 0 0 0 0 0 0 0 0 0 0
0 0 0 0 0 0 0 0 0 0 0 0 0 0 0 0 0 0 0 0 0 0 0 1 0 0
0 0 0 0 0 0 0 0 0 0 0 0 0 0 0 0 0 0 0 0 0 0 0 0 1 0
0 0 0 0 0 0 0 0 0 0 0 0 0 0 0 0 0 0 0 0 0 0 0 0 0 1
0 -1 0 -1 -1 0 0 0 1 0 0 0 0 0 0 0 0 0 0 1 0 0 0 1 0 0
0 0 0 0 -1 0 0 0 -1 0 0 0 0 0 0 0 1 0 0 0 0 0 0 1 0 0
-1 -1 -1 -1 -1 0 0 1 1 1 0 0 0 0 0 0 0 0 0 0 0 1 1 0 0 0
0 0 0 0 0 -1 -1 0 0 0 1 0 0 0 0 0 0 0 0 0 0 0 0 0 1 1
-1 -1 0 -1 -1 0 0 0 -1 0 0 1 0 0 0 0 1 0 0 1 0 1 0 0 0 0
0 -1 -1 -1 -1 0 0 0 -1 0 0 0 1 0 0 0 1 0 0 1 0 0 1 0 0 0
-1 -1 -1 -1 -1 0 0 1 1 0 0 0 0 1 0 0 0 0 0 0 0 1 1 0 0 0
0 0 0 0 0 -1 -1 0 0 0 0 0 0 0 1 0 0 0 0 0 0 0 0 0 1 1
-1 -1 -1 -1 -1 0 0 0 0 0 0 0 0 0 0 1 1 0 0 0 0 1 1 0 0 0
-1 -1 -1 -1 -1 0 0 1 -1 0 0 0 0 0 0 0 2 0 0 0 0 1 1 0 0 0
0 0 0 0 0 -1 -1 0 0 0 0 0 0 0 0 0 0 1 0 0 0 0 0 0 1 1
-1 -1 -1 -1 -1 0 0 0 0 0 0 0 0 0 0 0 0 0 1 1 0 1 1 0 0 0
0 -1 0 -1 -1 0 0 0 0 0 0 0 0 0 0 0 0 0 0 2 0 0 0 0 0 0
0 0 0 0 0 -1 -1 0 0 0 0 0 0 0 0 0 0 0 0 0 1 0 0 0 1 1
-1 -1 0 0 0 0 0 0 0 0 0 0 0 0 0 0 0 0 0 0 0 2 0 0 0 0
0 0 -1 -1 0 0 0 0 0 0 0 0 0 0 0 0 0 0 0 0 0 0 2 0 0 0
0 0 0 0 -1 0 0 0 0 0 0 0 0 0 0 0 0 0 0 0 0 0 0 2 0 0
0 0 0 0 0 -1 0 0 0 0 0 0 0 0 0 0 0 0 0 0 0 0 0 0 2 0
0 0 0 0 0 0 -1 0 0 0 0 0 0 0 0 0 0 0 0 0 0 0 0 0 0 2

1 0 0 0 0 0 0 0 0 0 0 0 0 0 0 0 0 0 0 0
0 1 0 0 0 0 0 0 0 0 0 0 0 0 0 0 0 0 0 0
0 0 1 0 0 0 0 0 0 0 0 0 0 0 0 0 0 0 0 0
0 0 0 1 0 0 0 0 0 0 0 0 0 0 0 0 0 0 0 0
0 0 0 0 1 0 0 0 0 0 0 0 0 0 0 0 0 0 0 0
0 0 0 0 0 1 0 0 0 0 0 0 0 0 0 0 0 0 0 0
0 0 0 0 0 0 1 0 0 0 0 0 0 0 0 0 0 0 0 0
0 0 0 0 0 0 0 1 0 0 0 0 0 0 0 0 0 0 0 0
0 0 0 0 0 0 0 0 1 0 0 0 0 0 0 0 0 0 0 0
0 0 0 0 0 0 0 0 0 0 0 0 0 0 0 0 0 0 0 0
0 0 0 0 0 0 0 0 0 0 0 0 0 0 0 0 0 0 0 0
0 0 0 0 0 0 0 0 0 0 0 0 0 0 0 0 0 0 0 0
0 0 0 0 0 0 0 0 0 0 0 0 0 0 0 0 0 0 0 0
0 0 0 0 0 0 0 0 0 0 0 0 0 0 0 0 0 0 0 0
0 0 0 0 0 0 0 0 0 0 0 0 0 0 0 0 0 0 0 0
0 0 0 0 0 0 0 0 0 0 0 0 0 0 0 0 0 0 0 0
0 0 0 0 0 0 0 0 0 0 0 0 0 0 0 0 0 0 0 0
0 0 0 0 0 0 0 0 0 0 0 0 0 0 0 0 0 0 0 0
0 0 0 0 0 0 0 0 0 0 0 0 0 0 0 0 0 0 0 0
0 0 0 0 0 0 0 0 0 0 0 0 0 0 0 0 0 0 0 0
0 0 0 0 0 0 0 0 0 0 0 0 0 0 0 0 0 0 0 0
0 0 0 0 0 0 0 0 0 0 0 0 0 0 0 0 0 0 0 0
0 0 0 0 0 0 0 0 0 0 0 0 0 0 0 0 0 0 0 0
0 0 0 0 0 0 0 0 0 0 0 0 0 0 0 0 0 0 0 0
0 0 0 0 0 0 0 0 0 0 0 0 0 0 0 0 0 0 0 0
0 0 0 0 0 0 0 0 0 0 0 0 0 0 0 0 0 0 0 0

1 0 0 -1 0 0 0 0 0 1 -1 0 0 0 -1 -1 1 -1 -1 -1
0 1 0 -1 0 0 0 0 0 0 0 0 0 0 -1 -1 0 0 -1 -1
0 0 1 -1 0 0 0 0 0 -1 0 0 0 0 0 1 -1 -1 0 -1
0 0 0 0 0 0 0 0 0 0 -1 0 0 0 0 -1 0 0 -1 -1
0 0 0 -1 1 0 0 0 0 0 0 -1 0 0 0 0 -1 -1 -1 -2
0 0 0 0 0 1 0 0 0 0 0 0 -1 0 0 0 0 0 0 0
0 0 0 0 0 0 1 0 0 0 0 0 0 -1 0 0 0 0 0 0
0 0 0 0 0 0 0 1 0 -1 1 0 0 0 1 2 -2 0 1 0
0 0 0 0 0 0 0 0 0 0 0 0 0 0 1 0 0 0 0 0
0 0 0 0 0 0 0 0 0 1 0 0 0 0 0 0 0 0 0 0
0 0 0 0 0 0 0 0 0 0 1 0 0 0 0 0 0 0 0 0
0 0 0 0 0 0 0 0 0 0 0 1 0 0 0 0 0 0 0 0
0 0 0 0 0 0 0 0 0 0 0 0 1 0 0 0 0 0 0 0
0 0 0 0 0 0 0 0 0 0 0 0 0 1 0 0 0 0 0 0
0 0 0 0 0 0 0 0 1 0 0 0 0 0 0 -1 1 1 -1 0
0 0 0 0 0 0 0 0 0 0 0 0 0 0 0 1 0 0 0 0
0 0 0 0 0 0 0 0 0 0 0 0 0 0 0 0 1 0 0 0
0 0 0 0 0 0 0 0 0 0 0 0 0 0 0 0 0 1 0 0
0 0 0 0 0 0 0 0 0 0 0 0 0 0 0 0 0 0 1 0
0 0 0 1 0 0 0 0 0 0 0 0 0 0 0 0 0 0 1 2
