GM:(0,0,0)  A:(0,0,1/2)  L:(1/2,1/2,1/2)  M:(0,1,1/2)  V:(1/2,1/2,0)  Y:(0,1,0)
GM:(0,0,0)  A:(0,0,1/2)  L:(1/2,1/2,1/2)  M:(0,1,1/2)  V:(1/2,1/2,0)  Y:(0,1,0)
GM1+  GM2+  GM1-  GM2-  GM3GM4  GM5GM6  A1  A2A2  L1-L1+  L2L3  M1  M2M2  V1-V1+  V2V3  Y1+  Y2+  Y1-  Y2-  Y3Y4  Y5Y6
1 1 1 1 2 2 2 4 2 2 2 4 2 2 1 1 1 1 2 2
8a (1,1) Ag 4 0;8a (1,1) Au 4 0;8a (1,1) Ag 4 1;8a (1,1) Au 4 1;8b (1,1) Ag 4 0;8b (1,1) Au 4 0;8b (1,1) Ag 4 1;8b (1,1) Au 4 1;8c (1',1) A 4 0;8d (1',1) A 4 0;8e (2,2) A 4 0;8e (2,2) B 4 0;8e (2,2) 1E 4 1;8e (2,2) 2E 4 1;8f (2',1) A 4 0;8f (2',1) A 4 1
2 2 0 0 0 0 2 0 2 0 2 0 2 0 2 2 0 0 0 0
0 0 2 2 0 0 2 0 2 0 2 0 2 0 0 0 2 2 0 0
0 0 0 0 2 0 0 1 0 2 0 1 0 2 0 0 0 0 2 0
0 0 0 0 0 2 0 1 0 2 0 1 0 2 0 0 0 0 0 2
2 2 0 0 0 0 2 0 2 0 2 0 2 0 0 0 2 2 0 0
0 0 2 2 0 0 2 0 2 0 2 0 2 0 2 2 0 0 0 0
0 0 0 0 2 0 0 1 0 2 0 1 0 2 0 0 0 0 0 2
0 0 0 0 0 2 0 1 0 2 0 1 0 2 0 0 0 0 2 0
1 1 1 1 0 0 2 0 2 0 2 0 2 0 1 1 1 1 0 0
1 1 1 1 0 0 2 0 2 0 2 0 2 0 1 1 1 1 0 0
2 0 2 0 0 0 2 0 2 0 2 0 2 0 2 0 2 0 0 0
0 2 0 2 0 0 2 0 2 0 2 0 2 0 0 2 0 2 0 0
0 0 0 0 1 1 0 1 0 2 0 1 0 2 0 0 0 0 1 1
0 0 0 0 1 1 0 1 0 2 0 1 0 2 0 0 0 0 1 1
1 1 1 1 0 0 2 0 2 0 2 0 2 0 1 1 1 1 0 0
0 0 0 0 1 1 0 1 0 2 0 1 0 2 0 0 0 0 1 1

-1 0 -1 0 0 0 1 0 0 0 0 0 0 0 1 0 0 0 0 0
0 0 0 0 0 1 0 0 0 0 0 0 0 0 0 0 0 0 0 0
0 0 -1 0 0 1 0 0 0 0 0 1 0 0 1 0 0 0 0 0
0 0 -1 0 0 2 0 0 0 0 0 0 0 0 1 0 0 0 0 0
1 0 -1 0 0 0 0 0 0 0 0 0 0 0 0 0 0 0 0 0
0 0 -1 0 1 0 0 0 0 0 0 0 0 0 1 0 0 0 -1 0
1 0 0 0 0 0 -1 0 0 0 0 0 0 0 1 0 0 0 0 0
0 0 0 0 -1 -1 0 1 0 0 0 1 0 0 0 0 0 0 0 0
0 0 0 0 0 0 -1 0 1 0 0 0 0 0 0 0 0 0 0 0
0 0 0 0 -1 -1 0 0 0 1 0 0 0 0 0 0 0 0 0 0
0 0 0 0 0 0 -1 0 0 0 1 0 0 0 0 0 0 0 0 0
0 0 0 0 -1 -1 0 0 0 0 0 2 0 0 0 0 0 0 0 0
0 0 0 0 0 0 -1 0 0 0 0 0 1 0 0 0 0 0 0 0
0 0 0 0 -1 -1 0 0 0 0 0 0 0 1 0 0 0 0 0 0
0 1 1 0 0 0 -1 0 0 0 0 0 0 0 0 0 0 0 0 0
1 0 1 0 0 0 -1 0 0 0 0 0 0 0 -1 1 0 0 0 0
-1 0 -1 0 0 0 0 0 0 0 0 0 0 0 1 0 1 0 0 0
0 0 0 0 0 0 -1 0 0 0 0 0 0 0 1 0 0 1 0 0
1 0 0 1 0 0 -1 0 0 0 0 0 0 0 0 0 0 0 0 0
0 0 0 0 -1 -1 0 0 0 0 0 0 0 0 0 0 0 0 1 1

1 0 0 0 0 0 0 0 0 0 0 0 0 0 0 0
0 1 0 0 0 0 0 0 0 0 0 0 0 0 0 0
0 0 1 0 0 0 0 0 0 0 0 0 0 0 0 0
0 0 0 2 0 0 0 0 0 0 0 0 0 0 0 0
0 0 0 0 2 0 0 0 0 0 0 0 0 0 0 0
0 0 0 0 0 2 0 0 0 0 0 0 0 0 0 0
0 0 0 0 0 0 2 0 0 0 0 0 0 0 0 0
0 0 0 0 0 0 0 0 0 0 0 0 0 0 0 0
0 0 0 0 0 0 0 0 0 0 0 0 0 0 0 0
0 0 0 0 0 0 0 0 0 0 0 0 0 0 0 0
0 0 0 0 0 0 0 0 0 0 0 0 0 0 0 0
0 0 0 0 0 0 0 0 0 0 0 0 0 0 0 0
0 0 0 0 0 0 0 0 0 0 0 0 0 0 0 0
0 0 0 0 0 0 0 0 0 0 0 0 0 0 0 0
0 0 0 0 0 0 0 0 0 0 0 0 0 0 0 0
0 0 0 0 0 0 0 0 0 0 0 0 0 0 0 0
0 0 0 0 0 0 0 0 0 0 0 0 0 0 0 0
0 0 0 0 0 0 0 0 0 0 0 0 0 0 0 0
0 0 0 0 0 0 0 0 0 0 0 0 0 0 0 0
0 0 0 0 0 0 0 0 0 0 0 0 0 0 0 0

0 0 0 0 0 0 0 0 -1 -1 -1 -1 0 0 -1 0
0 1 0 -1 0 0 0 0 -1 -1 -1 -1 0 0 -1 0
0 -1 1 -1 0 -1 0 -1 0 0 0 0 -1 -1 0 -1
0 0 0 0 0 0 0 -1 0 0 0 0 -1 -1 0 -1
0 1 0 -1 1 0 0 0 0 0 1 0 0 0 0 0
0 0 0 0 0 0 0 0 0 0 1 0 0 0 0 0
0 1 0 -1 0 1 0 1 0 0 0 0 0 0 0 0
0 0 0 0 0 0 0 1 0 0 0 0 0 0 0 0
0 0 0 0 0 0 0 0 1 0 0 0 0 0 0 0
0 0 0 0 0 0 0 0 0 1 0 0 0 0 0 0
0 1 0 -1 0 0 1 0 0 0 0 1 0 0 0 0
0 0 0 0 0 0 0 0 0 0 0 1 0 0 0 0
0 0 0 0 0 0 0 0 0 0 0 0 1 0 0 0
0 0 0 0 0 0 0 0 0 0 0 0 0 1 0 0
1 0 0 0 0 0 0 0 1 1 0 0 0 0 2 0
0 1 0 0 0 0 0 0 0 0 0 0 1 1 0 2
