GM:(0,0,0)  L:(1/2,1/2,1/2)  LA:(1/2,1/2,-1/2)  T:(1,0,0)  Y:(0,1,0)  Z:(0,0,1)
GM:(0,0,0)  V:(1/2,1/2,0)  L:(1/2,1/2,1/2)  M:(0,1,1/2)  Y:(0,1,0)  A:(0,0,1/2)
GM1  GM2  GM3  GM4  (L)V1  (L)V2  (LA)L1  (LA)L2  (T)M1  (T)M2  (T)M3  (T)M4  Y1Y2  Y3Y4  (Z)A1A2  (Z)A3A4
1 1 1 1 1 1 1 1 1 1 1 1 2 2 2 2
8a (2',1) A 2 1,8a (2',1) A 2 1
1 1 0 0 2 0 2 0 1 1 0 0 1 0 1 0
0 0 1 1 0 2 0 2 0 0 1 1 0 1 0 1

1 0 0 0 0 0 0 0 0 0 0 0 0 0 0 0
0 0 1 0 0 0 0 0 0 0 0 0 0 0 0 0
-1 1 0 0 0 0 0 0 0 0 0 0 0 0 0 0
0 0 -1 1 0 0 0 0 0 0 0 0 0 0 0 0
-2 0 0 0 1 0 0 0 0 0 0 0 0 0 0 0
0 0 -2 0 0 1 0 0 0 0 0 0 0 0 0 0
-2 0 0 0 0 0 1 0 0 0 0 0 0 0 0 0
0 0 -2 0 0 0 0 1 0 0 0 0 0 0 0 0
-1 0 0 0 0 0 0 0 1 0 0 0 0 0 0 0
-1 0 0 0 0 0 0 0 0 1 0 0 0 0 0 0
0 0 -1 0 0 0 0 0 0 0 1 0 0 0 0 0
0 0 -1 0 0 0 0 0 0 0 0 1 0 0 0 0
-1 0 0 0 0 0 0 0 0 0 0 0 1 0 0 0
0 0 -1 0 0 0 0 0 0 0 0 0 0 1 0 0
-1 0 0 0 0 0 0 0 0 0 0 0 0 0 1 0
0 0 -1 0 0 0 0 0 0 0 0 0 0 0 0 1

1 0
0 1
0 0
0 0
0 0
0 0
0 0
0 0
0 0
0 0
0 0
0 0
0 0
0 0
0 0
0 0

1 0
0 1
