GM:(0,0,0)  M:(1,1,1)  N:(1/2,0,1/2)  P:(1/2,1/2,1/2)  X:(1/2,1/2,0)
GM:(0,0,0)  M:(1,1,1)  N:(1/2,0,1/2)  P:(1/2,1/2,1/2)  X:(1/2,1/2,0)
GM1  GM2  GM3  GM4  GM5  GM6  GM7  M1  M2  M3  M4  M5  M6  M7  N1  N2  N3N4  P1  P2P4  P3P5  X1  X2X4  X3X5
1 1 1 1 2 2 2 1 1 1 1 2 2 2 1 1 2 2 2 2 2 2 2
4a (4'2'm,mm2) A1 2 1,4a (4'2'm,mm2) A2 2 1,4a (4'2'm,mm2) B1B2 4 0,4a (4'2'm,mm2) E 4 1,4b (4'2'm,mm2) A1 2 1,4b (4'2'm,mm2) A2 2 1,4b (4'2'm,mm2) B1B2 4 0,4b (4'2'm,mm2) E 4 1,8c (2'/m,m) A' 4 0,8c (2'/m,m) A'' 4 0,8d (2'/m,m) A' 4 0,8d (2'/m,m) A'' 4 0
1 1 0 0 0 0 0 1 1 0 0 0 0 0 2 0 0 1 0 0 1 0 0
0 0 1 1 0 0 0 0 0 1 1 0 0 0 0 2 0 1 0 0 1 0 0
0 0 0 0 2 0 0 0 0 0 0 2 0 0 2 2 0 2 0 0 2 0 0
0 0 0 0 0 1 1 0 0 0 0 0 1 1 0 0 2 0 1 1 0 1 1
1 1 0 0 0 0 0 1 1 0 0 0 0 0 2 0 0 1 0 0 1 0 0
0 0 1 1 0 0 0 0 0 1 1 0 0 0 0 2 0 1 0 0 1 0 0
0 0 0 0 2 0 0 0 0 0 0 2 0 0 2 2 0 2 0 0 2 0 0
0 0 0 0 0 1 1 0 0 0 0 0 1 1 0 0 2 0 1 1 0 1 1
1 1 0 0 1 0 0 1 1 0 0 1 0 0 3 1 0 2 0 0 2 0 0
0 0 1 1 1 0 0 0 0 1 1 1 0 0 1 3 0 2 0 0 2 0 0
1 1 0 0 1 0 0 1 1 0 0 1 0 0 3 1 0 2 0 0 2 0 0
0 0 1 1 1 0 0 0 0 1 1 1 0 0 1 3 0 2 0 0 2 0 0

1 0 0 0 0 0 0 0 0 0 0 0 0 0 0 0 0 0 0 0 0 0 0
0 0 1 0 0 0 0 0 0 0 0 0 0 0 0 0 0 0 0 0 0 0 0
0 0 0 0 1 0 0 0 0 0 0 0 0 0 0 0 0 0 0 0 0 0 0
0 0 0 0 0 1 0 0 0 0 0 0 0 0 0 0 0 0 0 0 0 0 0
-1 1 0 0 0 0 0 0 0 0 0 0 0 0 0 0 0 0 0 0 0 0 0
0 0 -1 1 0 0 0 0 0 0 0 0 0 0 0 0 0 0 0 0 0 0 0
0 0 0 0 0 -1 1 0 0 0 0 0 0 0 0 0 0 0 0 0 0 0 0
-1 0 0 0 0 0 0 1 0 0 0 0 0 0 0 0 0 0 0 0 0 0 0
-1 0 0 0 0 0 0 0 1 0 0 0 0 0 0 0 0 0 0 0 0 0 0
0 0 -1 0 0 0 0 0 0 1 0 0 0 0 0 0 0 0 0 0 0 0 0
0 0 -1 0 0 0 0 0 0 0 1 0 0 0 0 0 0 0 0 0 0 0 0
0 0 0 0 -1 0 0 0 0 0 0 1 0 0 0 0 0 0 0 0 0 0 0
0 0 0 0 0 -1 0 0 0 0 0 0 1 0 0 0 0 0 0 0 0 0 0
0 0 0 0 0 -1 0 0 0 0 0 0 0 1 0 0 0 0 0 0 0 0 0
-2 0 0 0 -1 0 0 0 0 0 0 0 0 0 1 0 0 0 0 0 0 0 0
0 0 -2 0 -1 0 0 0 0 0 0 0 0 0 0 1 0 0 0 0 0 0 0
0 0 0 0 0 -2 0 0 0 0 0 0 0 0 0 0 1 0 0 0 0 0 0
-1 0 -1 0 -1 0 0 0 0 0 0 0 0 0 0 0 0 1 0 0 0 0 0
0 0 0 0 0 -1 0 0 0 0 0 0 0 0 0 0 0 0 1 0 0 0 0
0 0 0 0 0 -1 0 0 0 0 0 0 0 0 0 0 0 0 0 1 0 0 0
-1 0 -1 0 -1 0 0 0 0 0 0 0 0 0 0 0 0 0 0 0 1 0 0
0 0 0 0 0 -1 0 0 0 0 0 0 0 0 0 0 0 0 0 0 0 1 0
0 0 0 0 0 -1 0 0 0 0 0 0 0 0 0 0 0 0 0 0 0 0 1

1 0 0 0 0 0 0 0 0 0 0 0
0 1 0 0 0 0 0 0 0 0 0 0
0 0 1 0 0 0 0 0 0 0 0 0
0 0 0 1 0 0 0 0 0 0 0 0
0 0 0 0 0 0 0 0 0 0 0 0
0 0 0 0 0 0 0 0 0 0 0 0
0 0 0 0 0 0 0 0 0 0 0 0
0 0 0 0 0 0 0 0 0 0 0 0
0 0 0 0 0 0 0 0 0 0 0 0
0 0 0 0 0 0 0 0 0 0 0 0
0 0 0 0 0 0 0 0 0 0 0 0
0 0 0 0 0 0 0 0 0 0 0 0
0 0 0 0 0 0 0 0 0 0 0 0
0 0 0 0 0 0 0 0 0 0 0 0
0 0 0 0 0 0 0 0 0 0 0 0
0 0 0 0 0 0 0 0 0 0 0 0
0 0 0 0 0 0 0 0 0 0 0 0
0 0 0 0 0 0 0 0 0 0 0 0
0 0 0 0 0 0 0 0 0 0 0 0
0 0 0 0 0 0 0 0 0 0 0 0
0 0 0 0 0 0 0 0 0 0 0 0
0 0 0 0 0 0 0 0 0 0 0 0
0 0 0 0 0 0 0 0 0 0 0 0

1 0 0 0 -1 0 0 0 -1 0 -1 0
0 1 -1 0 0 -1 0 0 -1 -2 -1 -2
0 0 0 0 0 0 -1 0 -1 -1 -1 -1
0 0 0 1 0 0 0 -1 0 0 0 0
0 0 0 0 1 0 0 0 0 0 0 0
0 0 0 0 0 1 0 0 0 0 0 0
0 0 0 0 0 0 1 0 0 0 0 0
0 0 0 0 0 0 0 1 0 0 0 0
0 0 0 0 0 0 0 0 1 0 0 0
0 0 0 0 0 0 0 0 0 1 0 0
0 0 0 0 0 0 0 0 0 0 1 0
0 0 1 0 0 0 0 0 1 1 1 2
