GM:(0,0,0)  A:(1/2,1/2,1/2)  M:(1/2,1/2,0)  R:(0,1/2,1/2)  X:(0,1/2,0)  Z:(0,0,1/2)
GM:(0,0,0)  A:(1/2,1/2,1/2)  M:(1/2,1/2,0)  R:(0,1/2,1/2)  X:(0,1/2,0)  Z:(0,0,1/2)
GM3+GM4+  GM3-GM4-  GM1+  GM2-  GM1-  GM2+  GM6GM8  GM11GM9  GM5GM7  GM10GM12  A3+A4+  A3-A4-  A1+  A2-  A1-  A2+  A6A8  A11A9  A5A7  A10A12  M2  M1  M3M4  R1  R2R2  X1  X2X2  Z2  Z1  Z3Z4
2 2 1 1 1 1 2 2 2 2 2 2 1 1 1 1 2 2 2 2 2 2 4 2 4 2 4 2 2 4
2a (41',4) 1E2E 4 1,2a (41',4) A 2 1,2a (41',4) B 2 1,2a (41',4) 1E12E1 4 1,2a (41',4) 1E22E2 4 1,2b (41',4) 1E2E 4 1,2b (41',4) A 2 1,2b (41',4) B 2 1,2b (41',4) 1E12E1 4 1,2b (41',4) 1E22E2 4 1,4c (11',1) Ag 4 1,4c (11',1) Au 4 1,4c (11',1) AgAg 8 0,4c (11',1) AuAu 8 0,4d (11',1) Ag 4 1,4d (11',1) Au 4 1,4d (11',1) AgAg 8 0,4d (11',1) AuAu 8 0,4e (21',2) A 4 1,4e (21',2) B 4 1,4e (21',2) 1E2E 8 0
1 1 0 0 0 0 0 0 0 0 1 1 0 0 0 0 0 0 0 0 2 0 0 2 0 2 0 2 0 0
0 0 1 1 0 0 0 0 0 0 0 0 1 1 0 0 0 0 0 0 0 1 0 1 0 1 0 0 1 0
0 0 0 0 1 1 0 0 0 0 0 0 0 0 1 1 0 0 0 0 0 1 0 1 0 1 0 0 1 0
0 0 0 0 0 0 1 1 0 0 0 0 0 0 0 0 1 1 0 0 0 0 1 0 1 0 1 0 0 1
0 0 0 0 0 0 0 0 1 1 0 0 0 0 0 0 0 0 1 1 0 0 1 0 1 0 1 0 0 1
1 1 0 0 0 0 0 0 0 0 1 1 0 0 0 0 0 0 0 0 2 0 0 2 0 2 0 2 0 0
0 0 1 1 0 0 0 0 0 0 0 0 0 0 1 1 0 0 0 0 0 1 0 1 0 1 0 0 1 0
0 0 0 0 1 1 0 0 0 0 0 0 1 1 0 0 0 0 0 0 0 1 0 1 0 1 0 0 1 0
0 0 0 0 0 0 1 1 0 0 0 0 0 0 0 0 0 0 1 1 0 0 1 0 1 0 1 0 0 1
0 0 0 0 0 0 0 0 1 1 0 0 0 0 0 0 1 1 0 0 0 0 1 0 1 0 1 0 0 1
1 0 1 0 0 1 0 0 0 0 1 0 1 0 0 1 0 0 0 0 1 1 0 2 0 2 0 1 1 0
0 1 0 1 1 0 0 0 0 0 0 1 0 1 1 0 0 0 0 0 1 1 0 2 0 2 0 1 1 0
0 0 0 0 0 0 2 0 2 0 0 0 0 0 0 0 2 0 2 0 0 0 2 0 2 0 2 0 0 2
0 0 0 0 0 0 0 2 0 2 0 0 0 0 0 0 0 2 0 2 0 0 2 0 2 0 2 0 0 2
1 0 1 0 0 1 0 0 0 0 0 1 0 1 1 0 0 0 0 0 1 1 0 2 0 2 0 1 1 0
0 1 0 1 1 0 0 0 0 0 1 0 1 0 0 1 0 0 0 0 1 1 0 2 0 2 0 1 1 0
0 0 0 0 0 0 2 0 2 0 0 0 0 0 0 0 0 2 0 2 0 0 2 0 2 0 2 0 0 2
0 0 0 0 0 0 0 2 0 2 0 0 0 0 0 0 2 0 2 0 0 0 2 0 2 0 2 0 0 2
0 0 1 1 1 1 0 0 0 0 1 1 0 0 0 0 0 0 0 0 2 0 0 2 0 2 0 0 2 0
1 1 0 0 0 0 0 0 0 0 0 0 1 1 1 1 0 0 0 0 0 2 0 2 0 2 0 2 0 0
0 0 0 0 0 0 1 1 1 1 0 0 0 0 0 0 1 1 1 1 0 0 2 0 2 0 2 0 0 2

0 1 0 0 0 0 0 0 0 0 0 0 0 0 0 0 0 0 0 0 0 0 0 0 0 0 0 0 0 0
-1 0 0 0 0 0 0 0 0 0 0 1 1 0 0 0 0 0 0 0 0 0 0 0 0 0 0 0 0 0
0 0 0 0 1 0 0 0 0 0 0 0 0 0 0 0 0 0 0 0 0 0 0 0 0 0 0 0 0 0
0 0 0 0 0 0 0 0 0 0 0 0 0 0 0 0 0 1 0 0 0 0 0 0 0 0 0 0 0 0
0 0 0 0 0 0 -1 1 1 0 0 0 0 0 0 0 0 0 0 0 0 0 0 0 0 0 0 0 0 0
0 1 1 0 0 0 0 0 0 0 0 -1 -1 0 0 0 0 0 0 0 0 0 0 0 0 0 0 0 0 0
0 0 0 0 0 0 1 0 0 0 0 0 0 0 0 0 -1 0 0 0 0 0 0 0 0 0 0 0 0 0
0 -1 0 0 0 0 0 0 0 0 0 1 1 -1 0 0 0 0 0 0 0 0 0 0 0 0 0 0 0 0
0 -1 0 0 0 0 0 0 0 0 0 1 0 0 0 0 0 0 0 0 0 0 0 0 0 0 0 0 0 0
0 -2 0 0 0 0 -1 1 0 0 0 2 0 0 0 0 0 0 0 0 0 0 0 0 0 0 0 0 0 0
-1 -1 0 0 0 0 -1 1 0 0 0 2 1 -1 0 0 0 0 0 0 0 0 0 0 0 0 0 0 0 0
-2 -2 0 0 0 0 -1 1 0 0 0 4 2 -2 0 0 1 -1 0 0 0 0 0 0 0 0 0 0 0 0
-1 1 0 0 -1 1 0 0 0 0 0 0 0 0 0 0 0 0 0 0 0 0 0 0 0 0 0 0 0 0
0 0 0 0 0 0 1 -1 -1 1 0 0 0 0 0 0 0 0 0 0 0 0 0 0 0 0 0 0 0 0
-1 -1 -1 0 -1 0 0 0 0 0 0 2 2 -1 1 0 0 0 0 0 0 0 0 0 0 0 0 0 0 0
-1 -1 -1 0 -1 0 0 0 0 0 0 2 1 0 0 1 0 0 0 0 0 0 0 0 0 0 0 0 0 0
1 -1 -1 1 0 0 0 0 0 0 0 0 0 0 0 0 0 0 0 0 0 0 0 0 0 0 0 0 0 0
0 0 0 0 0 0 0 0 0 0 1 -1 -1 1 0 0 0 0 0 0 0 0 0 0 0 0 0 0 0 0
0 0 0 0 0 0 0 -1 -1 0 0 0 0 0 0 0 0 1 1 0 0 0 0 0 0 0 0 0 0 0
0 0 0 0 0 0 0 -1 -1 0 0 0 0 0 0 0 1 0 0 1 0 0 0 0 0 0 0 0 0 0
0 0 0 0 0 0 0 0 0 0 0 -2 -1 1 0 0 0 0 0 0 1 0 0 0 0 0 0 0 0 0
-1 -1 -1 0 -1 0 0 0 0 0 0 2 1 -1 0 0 0 0 0 0 0 1 0 0 0 0 0 0 0 0
0 0 0 0 0 0 0 -1 -1 0 0 0 0 0 0 0 0 0 0 0 0 0 1 0 0 0 0 0 0 0
-1 -1 -1 0 -1 0 0 0 0 0 0 0 0 0 0 0 0 0 0 0 0 0 0 1 0 0 0 0 0 0
0 0 0 0 0 0 0 -1 -1 0 0 0 0 0 0 0 0 0 0 0 0 0 0 0 1 0 0 0 0 0
-1 -1 -1 0 -1 0 0 0 0 0 0 0 0 0 0 0 0 0 0 0 0 0 0 0 0 1 0 0 0 0
0 0 0 0 0 0 0 -1 -1 0 0 0 0 0 0 0 0 0 0 0 0 0 0 0 0 0 1 0 0 0
-1 -1 0 0 0 0 0 0 0 0 0 0 0 0 0 0 0 0 0 0 0 0 0 0 0 0 0 1 0 0
0 0 -1 0 -1 0 0 0 0 0 0 0 0 0 0 0 0 0 0 0 0 0 0 0 0 0 0 0 1 0
0 0 0 0 0 0 0 -1 -1 0 0 0 0 0 0 0 0 0 0 0 0 0 0 0 0 0 0 0 0 1

1 0 0 0 0 0 0 0 0 0 0 0 0 0 0 0 0 0 0 0 0
0 1 0 0 0 0 0 0 0 0 0 0 0 0 0 0 0 0 0 0 0
0 0 1 0 0 0 0 0 0 0 0 0 0 0 0 0 0 0 0 0 0
0 0 0 1 0 0 0 0 0 0 0 0 0 0 0 0 0 0 0 0 0
0 0 0 0 1 0 0 0 0 0 0 0 0 0 0 0 0 0 0 0 0
0 0 0 0 0 1 0 0 0 0 0 0 0 0 0 0 0 0 0 0 0
0 0 0 0 0 0 1 0 0 0 0 0 0 0 0 0 0 0 0 0 0
0 0 0 0 0 0 0 1 0 0 0 0 0 0 0 0 0 0 0 0 0
0 0 0 0 0 0 0 0 1 0 0 0 0 0 0 0 0 0 0 0 0
0 0 0 0 0 0 0 0 0 2 0 0 0 0 0 0 0 0 0 0 0
0 0 0 0 0 0 0 0 0 0 2 0 0 0 0 0 0 0 0 0 0
0 0 0 0 0 0 0 0 0 0 0 4 0 0 0 0 0 0 0 0 0
0 0 0 0 0 0 0 0 0 0 0 0 0 0 0 0 0 0 0 0 0
0 0 0 0 0 0 0 0 0 0 0 0 0 0 0 0 0 0 0 0 0
0 0 0 0 0 0 0 0 0 0 0 0 0 0 0 0 0 0 0 0 0
0 0 0 0 0 0 0 0 0 0 0 0 0 0 0 0 0 0 0 0 0
0 0 0 0 0 0 0 0 0 0 0 0 0 0 0 0 0 0 0 0 0
0 0 0 0 0 0 0 0 0 0 0 0 0 0 0 0 0 0 0 0 0
0 0 0 0 0 0 0 0 0 0 0 0 0 0 0 0 0 0 0 0 0
0 0 0 0 0 0 0 0 0 0 0 0 0 0 0 0 0 0 0 0 0
0 0 0 0 0 0 0 0 0 0 0 0 0 0 0 0 0 0 0 0 0
0 0 0 0 0 0 0 0 0 0 0 0 0 0 0 0 0 0 0 0 0
0 0 0 0 0 0 0 0 0 0 0 0 0 0 0 0 0 0 0 0 0
0 0 0 0 0 0 0 0 0 0 0 0 0 0 0 0 0 0 0 0 0
0 0 0 0 0 0 0 0 0 0 0 0 0 0 0 0 0 0 0 0 0
0 0 0 0 0 0 0 0 0 0 0 0 0 0 0 0 0 0 0 0 0
0 0 0 0 0 0 0 0 0 0 0 0 0 0 0 0 0 0 0 0 0
0 0 0 0 0 0 0 0 0 0 0 0 0 0 0 0 0 0 0 0 0
0 0 0 0 0 0 0 0 0 0 0 0 0 0 0 0 0 0 0 0 0
0 0 0 0 0 0 0 0 0 0 0 0 0 0 0 0 0 0 0 0 0

1 0 0 0 0 0 0 0 0 0 0 0 -1 0 0 -1 0 0 -1 -1 0
0 1 0 0 0 0 0 0 -1 1 -1 0 0 0 0 -1 -1 0 -1 -1 0
0 0 1 0 0 0 0 0 -1 1 -1 0 0 0 0 -1 -1 0 -1 -1 0
0 0 0 1 0 0 0 0 -2 2 -2 2 0 -2 -1 0 0 -2 0 0 -1
0 0 0 0 1 0 0 0 0 0 0 0 0 -2 -1 0 0 -2 0 0 -1
0 0 0 0 0 0 0 0 0 0 0 0 1 0 0 0 0 0 0 0 0
0 0 0 0 0 1 0 0 0 0 0 0 0 0 0 0 1 0 0 0 0
0 0 0 0 0 0 0 0 0 0 0 0 0 0 0 0 1 0 0 0 0
0 0 0 0 0 0 1 0 -2 2 -2 2 0 0 1 0 0 0 0 0 0
0 0 0 0 0 0 0 0 0 0 0 0 0 0 1 0 0 0 0 0 0
0 0 0 0 0 0 0 1 -1 1 -1 0 0 0 0 0 0 0 1 0 0
0 0 0 0 0 0 0 0 0 0 0 0 0 0 0 0 0 0 1 0 0
0 0 0 0 0 0 0 0 0 0 -1 1 0 1 0 0 0 0 0 0 0
0 0 0 0 0 0 0 0 0 0 0 0 0 1 0 0 0 0 0 0 0
0 0 0 0 0 0 0 0 0 1 -1 0 0 0 0 1 0 0 0 0 0
0 0 0 0 0 0 0 0 0 0 0 0 0 0 0 1 0 0 0 0 0
0 0 0 0 0 0 0 0 1 -1 1 -1 0 0 0 0 0 1 0 0 0
0 0 0 0 0 0 0 0 0 0 0 0 0 0 0 0 0 1 0 0 0
0 0 0 0 0 0 0 0 1 -1 1 0 0 0 0 0 0 0 0 1 0
0 0 0 0 0 0 0 0 0 0 0 0 0 0 0 0 0 0 0 1 0
0 0 0 0 0 0 0 0 0 0 0 0 0 0 0 0 0 0 0 0 1
