GM:(0,0,0)  F:(0,1/2,1)  L:(-1/2,1/2,1/2)  T:(0,0,3/2)
GM:(0,0,0)  F:(0,1/2,1)  L:(-1/2,1/2,1/2)  T:(0,0,3/2)
GM2GM3  GM1  GM5GM6  GM4GM4  F1  F2F2  L1  L2L2  T2T3  T1  T5T6  T4T4
2 1 2 2 1 2 1 2 2 1 2 2
3a (3',3) 1E2E 2 1,3a (3',3) A1 1 1,3a (3',3) 1E2E 2 1,3a (3',3) EE 2 1,3b (3',3) 1E2E 2 1,3b (3',3) A1 1 1,3b (3',3) 1E2E 2 1,3b (3',3) EE 2 1,9d (1',1) A 3 0,9e (1',1) A 3 0
1 0 0 0 2 0 2 0 1 0 0 0
0 1 0 0 1 0 1 0 0 1 0 0
0 0 1 0 0 1 0 1 0 0 1 0
0 0 0 1 0 1 0 1 0 0 0 1
1 0 0 0 2 0 2 0 1 0 0 0
0 1 0 0 1 0 1 0 0 1 0 0
0 0 1 0 0 1 0 1 0 0 1 0
0 0 0 1 0 1 0 1 0 0 0 1
1 1 0 0 3 0 3 0 1 1 0 0
1 1 0 0 3 0 3 0 1 1 0 0

1 0 0 0 0 0 0 0 0 0 0 0
0 1 0 0 0 0 0 0 0 0 0 0
0 0 1 0 0 0 0 0 0 0 0 0
0 0 0 1 0 0 0 0 0 0 0 0
-2 -1 0 0 1 0 0 0 0 0 0 0
0 0 -1 -1 0 1 0 0 0 0 0 0
-2 -1 0 0 0 0 1 0 0 0 0 0
0 0 -1 -1 0 0 0 1 0 0 0 0
-1 0 0 0 0 0 0 0 1 0 0 0
0 -1 0 0 0 0 0 0 0 1 0 0
0 0 -1 0 0 0 0 0 0 0 1 0
0 0 0 -1 0 0 0 0 0 0 0 1

1 0 0 0 0 0 0 0 0 0
0 1 0 0 0 0 0 0 0 0
0 0 1 0 0 0 0 0 0 0
0 0 0 1 0 0 0 0 0 0
0 0 0 0 0 0 0 0 0 0
0 0 0 0 0 0 0 0 0 0
0 0 0 0 0 0 0 0 0 0
0 0 0 0 0 0 0 0 0 0
0 0 0 0 0 0 0 0 0 0
0 0 0 0 0 0 0 0 0 0
0 0 0 0 0 0 0 0 0 0
0 0 0 0 0 0 0 0 0 0

1 0 0 0 -1 0 0 0 -1 -1
0 1 0 0 0 -1 0 0 -1 -1
0 0 1 0 0 0 -1 0 0 0
0 0 0 1 0 0 0 -1 0 0
0 0 0 0 1 0 0 0 0 0
0 0 0 0 0 1 0 0 0 0
0 0 0 0 0 0 1 0 0 0
0 0 0 0 0 0 0 1 0 0
0 0 0 0 0 0 0 0 1 0
0 0 0 0 0 0 0 0 0 1
