GM:(0,0,0)  H:(1,1,1)  N:(1/2,1/2,0)  P:(1/2,1/2,1/2)  PA:(1/2,1/2,-1/2)
GM:(0,0,0)  H:(1,1,1)  N:(1/2,1/2,0)  P:(1/2,1/2,1/2)  PA:(-1/2,-1/2,-1/2)
GM3  GM4  GM2  GM1  GM5  GM7  GM6  H3  H4  H2  H1  H5  H7  H6  N1  N2  N3  N4  P2  P3  P1  P5  P7  P6  P4  PA1  PA2  PA3  PA6  PA7  PA5  PA4
1 3 1 1 2 2 2 1 3 1 1 2 2 2 1 1 1 1 2 2 2 1 3 1 1 2 2 2 1 3 1 1
8a (32',3) 1E 4 1,8a (32',3) 2E 4 1,8a (32',3) A1 4 1,8a (32',3) 1E 4 1,8a (32',3) 2E 4 1,8a (32',3) E 4 1,8b (32',3) 1E 4 1,8b (32',3) 2E 4 1,8b (32',3) A1 4 1,8b (32',3) 1E 4 1,8b (32',3) 2E 4 1,8b (32',3) E 4 1,12c (2'2'2,2) A 6 1,12c (2'2'2,2) B 6 1,12c (2'2'2,2) 1E 6 1,12c (2'2'2,2) 2E 6 1,12d (2'2'2,2) A 6 1,12d (2'2'2,2) B 6 1,12d (2'2'2,2) 1E 6 1,12d (2'2'2,2) 2E 6 1
1 1 0 0 0 0 0 1 1 0 0 0 0 0 2 2 0 0 1 1 0 0 0 0 0 1 1 0 0 0 0 0
0 1 1 0 0 0 0 0 1 1 0 0 0 0 2 2 0 0 1 0 1 0 0 0 0 0 1 1 0 0 0 0
0 1 0 1 0 0 0 0 1 0 1 0 0 0 2 2 0 0 0 1 1 0 0 0 0 1 0 1 0 0 0 0
0 0 0 0 1 1 0 0 0 0 0 1 1 0 0 0 2 2 0 0 0 1 1 0 0 0 0 0 1 1 0 0
0 0 0 0 1 0 1 0 0 0 0 1 0 1 0 0 2 2 0 0 0 0 1 1 0 0 0 0 0 1 1 0
0 0 0 0 0 1 1 0 0 0 0 0 1 1 0 0 2 2 0 0 0 0 1 0 1 0 0 0 0 1 0 1
1 1 0 0 0 0 0 1 1 0 0 0 0 0 2 2 0 0 1 1 0 0 0 0 0 1 1 0 0 0 0 0
0 1 1 0 0 0 0 0 1 1 0 0 0 0 2 2 0 0 1 0 1 0 0 0 0 0 1 1 0 0 0 0
0 1 0 1 0 0 0 0 1 0 1 0 0 0 2 2 0 0 0 1 1 0 0 0 0 1 0 1 0 0 0 0
0 0 0 0 1 1 0 0 0 0 0 1 1 0 0 0 2 2 0 0 0 1 1 0 0 0 0 0 1 1 0 0
0 0 0 0 1 0 1 0 0 0 0 1 0 1 0 0 2 2 0 0 0 0 1 1 0 0 0 0 0 1 1 0
0 0 0 0 0 1 1 0 0 0 0 0 1 1 0 0 2 2 0 0 0 0 1 0 1 0 0 0 0 1 0 1
1 1 1 1 0 0 0 0 2 0 0 0 0 0 3 3 0 0 1 1 1 0 0 0 0 1 1 1 0 0 0 0
0 2 0 0 0 0 0 1 1 1 1 0 0 0 3 3 0 0 1 1 1 0 0 0 0 1 1 1 0 0 0 0
0 0 0 0 1 1 1 0 0 0 0 1 1 1 0 0 2 4 0 0 0 1 1 1 1 0 0 0 0 2 0 0
0 0 0 0 1 1 1 0 0 0 0 1 1 1 0 0 4 2 0 0 0 0 2 0 0 0 0 0 1 1 1 1
1 1 1 1 0 0 0 0 2 0 0 0 0 0 3 3 0 0 1 1 1 0 0 0 0 1 1 1 0 0 0 0
0 2 0 0 0 0 0 1 1 1 1 0 0 0 3 3 0 0 1 1 1 0 0 0 0 1 1 1 0 0 0 0
0 0 0 0 1 1 1 0 0 0 0 1 1 1 0 0 2 4 0 0 0 1 1 1 1 0 0 0 0 2 0 0
0 0 0 0 1 1 1 0 0 0 0 1 1 1 0 0 4 2 0 0 0 0 2 0 0 0 0 0 1 1 1 1

0 0 0 0 0 0 0 1 0 0 0 0 0 0 0 0 0 0 0 0 0 0 0 0 0 0 0 0 0 0 0 0
-1 0 1 0 0 0 0 1 0 0 0 0 0 0 0 0 0 0 0 0 0 0 0 0 0 0 0 0 0 0 0 0
-1 0 0 1 0 0 0 1 0 0 0 0 0 0 0 0 0 0 0 0 0 0 0 0 0 0 0 0 0 0 0 0
0 0 0 0 1 1 -1 0 0 0 0 0 0 0 0 0 0 0 0 0 0 -1 0 0 0 0 0 0 0 0 0 0
0 0 0 0 1 0 0 0 0 0 0 0 0 0 0 0 0 0 0 0 0 -1 0 0 0 0 0 0 0 0 0 0
0 0 0 0 0 1 0 0 0 0 0 0 0 0 0 0 0 0 0 0 0 -1 0 0 0 0 0 0 0 0 0 0
1 0 0 0 0 0 0 -1 0 0 0 0 0 0 0 0 0 0 0 0 0 0 0 0 0 0 0 0 0 0 0 0
0 0 0 0 -1 -1 1 0 0 0 0 0 0 0 0 0 0 0 0 0 0 2 0 0 0 0 0 0 0 0 0 0
0 0 -1 -1 0 0 0 -1 1 0 0 0 0 0 0 0 0 0 0 0 0 0 0 0 0 0 0 0 0 0 0 0
1 0 -1 0 0 0 0 -1 0 1 0 0 0 0 0 0 0 0 0 0 0 0 0 0 0 0 0 0 0 0 0 0
1 0 0 -1 0 0 0 -1 0 0 1 0 0 0 0 0 0 0 0 0 0 0 0 0 0 0 0 0 0 0 0 0
0 0 0 0 -1 0 0 0 0 0 0 1 0 0 0 0 0 0 0 0 0 0 0 0 0 0 0 0 0 0 0 0
0 0 0 0 0 -1 0 0 0 0 0 0 1 0 0 0 0 0 0 0 0 0 0 0 0 0 0 0 0 0 0 0
0 0 0 0 0 0 -1 0 0 0 0 0 0 1 0 0 0 0 0 0 0 0 0 0 0 0 0 0 0 0 0 0
1 0 -2 -2 0 0 0 -3 0 0 0 0 0 0 1 0 0 0 0 0 0 0 0 0 0 0 0 0 0 0 0 0
1 0 -2 -2 0 0 0 -3 0 0 0 0 0 0 0 1 0 0 0 0 0 0 0 0 0 0 0 0 0 0 0 0
0 0 0 0 -2 -2 0 0 0 0 0 0 0 0 0 0 1 0 0 0 0 2 0 0 0 0 0 0 0 0 0 0
0 0 0 0 0 0 -2 0 0 0 0 0 0 0 0 0 0 1 0 0 0 -2 0 0 0 0 0 0 0 0 0 0
0 0 -1 0 0 0 0 -1 0 0 0 0 0 0 0 0 0 0 1 0 0 0 0 0 0 0 0 0 0 0 0 0
0 0 0 -1 0 0 0 -1 0 0 0 0 0 0 0 0 0 0 0 1 0 0 0 0 0 0 0 0 0 0 0 0
1 0 -1 -1 0 0 0 -1 0 0 0 0 0 0 0 0 0 0 0 0 1 0 0 0 0 0 0 0 0 0 0 0
1 1 -1 -1 0 0 0 -2 0 0 0 0 0 0 0 0 0 0 0 0 0 0 0 0 0 0 0 0 0 0 0 0
0 0 0 0 -1 -1 0 0 0 0 0 0 0 0 0 0 0 0 0 0 0 1 1 0 0 0 0 0 0 0 0 0
0 0 0 0 0 1 -1 0 0 0 0 0 0 0 0 0 0 0 0 0 0 -1 0 1 0 0 0 0 0 0 0 0
0 0 0 0 1 0 -1 0 0 0 0 0 0 0 0 0 0 0 0 0 0 -1 0 0 1 0 0 0 0 0 0 0
0 0 0 -1 0 0 0 -1 0 0 0 0 0 0 0 0 0 0 0 0 0 0 0 0 0 1 0 0 0 0 0 0
0 0 -1 0 0 0 0 -1 0 0 0 0 0 0 0 0 0 0 0 0 0 0 0 0 0 0 1 0 0 0 0 0
1 0 -1 -1 0 0 0 -1 0 0 0 0 0 0 0 0 0 0 0 0 0 0 0 0 0 0 0 1 0 0 0 0
0 0 0 0 -1 -1 1 0 0 0 0 0 0 0 0 0 0 0 0 0 0 1 0 0 0 0 0 0 1 0 0 0
0 0 0 0 0 0 -1 0 0 0 0 0 0 0 0 0 0 0 0 0 0 -1 0 0 0 0 0 0 0 1 0 0
0 0 0 0 -1 0 0 0 0 0 0 0 0 0 0 0 0 0 0 0 0 1 0 0 0 0 0 0 0 0 1 0
0 0 0 0 0 -1 0 0 0 0 0 0 0 0 0 0 0 0 0 0 0 1 0 0 0 0 0 0 0 0 0 1

1 0 0 0 0 0 0 0 0 0 0 0 0 0 0 0 0 0 0 0
0 1 0 0 0 0 0 0 0 0 0 0 0 0 0 0 0 0 0 0
0 0 1 0 0 0 0 0 0 0 0 0 0 0 0 0 0 0 0 0
0 0 0 1 0 0 0 0 0 0 0 0 0 0 0 0 0 0 0 0
0 0 0 0 1 0 0 0 0 0 0 0 0 0 0 0 0 0 0 0
0 0 0 0 0 1 0 0 0 0 0 0 0 0 0 0 0 0 0 0
0 0 0 0 0 0 1 0 0 0 0 0 0 0 0 0 0 0 0 0
0 0 0 0 0 0 0 1 0 0 0 0 0 0 0 0 0 0 0 0
0 0 0 0 0 0 0 0 0 0 0 0 0 0 0 0 0 0 0 0
0 0 0 0 0 0 0 0 0 0 0 0 0 0 0 0 0 0 0 0
0 0 0 0 0 0 0 0 0 0 0 0 0 0 0 0 0 0 0 0
0 0 0 0 0 0 0 0 0 0 0 0 0 0 0 0 0 0 0 0
0 0 0 0 0 0 0 0 0 0 0 0 0 0 0 0 0 0 0 0
0 0 0 0 0 0 0 0 0 0 0 0 0 0 0 0 0 0 0 0
0 0 0 0 0 0 0 0 0 0 0 0 0 0 0 0 0 0 0 0
0 0 0 0 0 0 0 0 0 0 0 0 0 0 0 0 0 0 0 0
0 0 0 0 0 0 0 0 0 0 0 0 0 0 0 0 0 0 0 0
0 0 0 0 0 0 0 0 0 0 0 0 0 0 0 0 0 0 0 0
0 0 0 0 0 0 0 0 0 0 0 0 0 0 0 0 0 0 0 0
0 0 0 0 0 0 0 0 0 0 0 0 0 0 0 0 0 0 0 0
0 0 0 0 0 0 0 0 0 0 0 0 0 0 0 0 0 0 0 0
0 0 0 0 0 0 0 0 0 0 0 0 0 0 0 0 0 0 0 0
0 0 0 0 0 0 0 0 0 0 0 0 0 0 0 0 0 0 0 0
0 0 0 0 0 0 0 0 0 0 0 0 0 0 0 0 0 0 0 0
0 0 0 0 0 0 0 0 0 0 0 0 0 0 0 0 0 0 0 0
0 0 0 0 0 0 0 0 0 0 0 0 0 0 0 0 0 0 0 0
0 0 0 0 0 0 0 0 0 0 0 0 0 0 0 0 0 0 0 0
0 0 0 0 0 0 0 0 0 0 0 0 0 0 0 0 0 0 0 0
0 0 0 0 0 0 0 0 0 0 0 0 0 0 0 0 0 0 0 0
0 0 0 0 0 0 0 0 0 0 0 0 0 0 0 0 0 0 0 0
0 0 0 0 0 0 0 0 0 0 0 0 0 0 0 0 0 0 0 0
0 0 0 0 0 0 0 0 0 0 0 0 0 0 0 0 0 0 0 0

1 0 0 0 0 0 0 0 0 0 0 0 -1 -1 0 0 0 -1 0 0
0 1 0 0 0 0 0 0 0 0 0 0 0 -1 -1 0 0 -1 0 0
0 0 1 0 0 0 0 0 -1 0 0 0 0 -1 0 0 0 -1 0 0
0 0 0 1 0 0 0 0 0 -1 0 0 0 0 0 -1 0 0 0 -1
0 0 0 0 1 0 0 0 0 0 -1 0 0 0 0 -1 0 0 0 -1
0 0 0 0 0 1 0 0 0 0 0 -1 0 0 0 -1 0 0 0 -1
0 0 0 0 0 0 0 0 0 0 0 0 1 0 0 0 0 0 0 0
0 0 0 0 0 0 0 0 0 0 0 0 0 0 1 0 0 0 0 0
0 0 0 0 0 0 0 0 1 0 0 0 0 0 0 0 0 0 0 0
0 0 0 0 0 0 0 0 0 1 0 0 0 0 0 0 0 0 0 0
0 0 0 0 0 0 0 0 0 0 1 0 0 0 0 0 0 0 0 0
0 0 0 0 0 0 0 0 0 0 0 1 0 0 0 0 0 0 0 0
0 0 0 0 0 0 1 0 0 0 0 0 0 1 0 0 -1 1 0 0
0 0 0 0 0 0 0 0 0 0 0 0 0 1 0 0 0 0 0 0
0 0 0 0 0 0 0 1 0 0 0 0 0 0 0 1 0 0 -1 1
0 0 0 0 0 0 0 0 0 0 0 0 0 0 0 1 0 0 0 0
0 0 0 0 0 0 0 0 0 0 0 0 0 0 0 0 1 0 0 0
0 0 0 0 0 0 0 0 0 0 0 0 0 0 0 0 0 1 0 0
0 0 0 0 0 0 0 0 0 0 0 0 0 0 0 0 0 0 1 0
0 0 0 0 0 0 0 0 0 0 0 0 0 0 0 0 0 0 0 1
