GM:(0,0,0)  L:(1/2,1/2,1/2)  T:(1,0,0)  Y:(0,1,0)  Z:(0,0,1)
GM:(0,0,0)  L:(1/2,1/2,1/2)  T:(1,0,0)  Y:(0,1,0)  Z:(0,0,1)
GM1  GM2  GM3  GM4  GM5  L1  L2  T1  T3  T5  T2  T4  Y1  Y3  Y5  Y2  Y4  Z1  Z2  Z3  Z4  Z5
1 1 1 1 2 1 1 2 1 1 1 1 2 1 1 1 1 1 1 1 1 2
8a (2,2) A 2 1,8a (2,2) B 2 1,8a (2,2) 1E 2 1,8a (2,2) 2E 2 1
1 1 0 0 0 2 0 1 0 0 0 0 1 0 0 0 0 1 1 0 0 0
0 0 1 1 0 2 0 1 0 0 0 0 1 0 0 0 0 0 0 1 1 0
0 0 0 0 1 0 2 0 1 1 0 0 0 1 1 0 0 0 0 0 0 1
0 0 0 0 1 0 2 0 0 0 1 1 0 0 0 1 1 0 0 0 0 1

1 0 0 0 0 0 0 0 0 0 0 0 0 0 0 0 0 0 0 0 0 0
0 0 1 0 0 0 0 0 0 0 0 0 0 0 0 0 0 0 0 0 0 0
0 0 0 0 0 0 0 0 1 0 0 0 0 0 0 0 0 0 0 0 0 0
0 0 0 0 1 0 0 0 -1 0 0 0 0 0 0 0 0 0 0 0 0 0
0 0 -1 1 0 0 0 0 0 0 0 0 0 0 0 0 0 0 0 0 0 0
-2 0 -2 0 0 1 0 0 0 0 0 0 0 0 0 0 0 0 0 0 0 0
0 0 0 0 -2 0 1 0 0 0 0 0 0 0 0 0 0 0 0 0 0 0
-1 0 -1 0 0 0 0 1 0 0 0 0 0 0 0 0 0 0 0 0 0 0
-1 1 0 0 0 0 0 0 0 0 0 0 0 0 0 0 0 0 0 0 0 0
0 0 0 0 0 0 0 0 -1 1 0 0 0 0 0 0 0 0 0 0 0 0
0 0 0 0 -1 0 0 0 1 0 1 0 0 0 0 0 0 0 0 0 0 0
0 0 0 0 -1 0 0 0 1 0 0 1 0 0 0 0 0 0 0 0 0 0
-1 0 -1 0 0 0 0 0 0 0 0 0 1 0 0 0 0 0 0 0 0 0
0 0 0 0 0 0 0 0 -1 0 0 0 0 1 0 0 0 0 0 0 0 0
0 0 0 0 0 0 0 0 -1 0 0 0 0 0 1 0 0 0 0 0 0 0
0 0 0 0 -1 0 0 0 1 0 0 0 0 0 0 1 0 0 0 0 0 0
0 0 0 0 -1 0 0 0 1 0 0 0 0 0 0 0 1 0 0 0 0 0
-1 0 0 0 0 0 0 0 0 0 0 0 0 0 0 0 0 1 0 0 0 0
-1 0 0 0 0 0 0 0 0 0 0 0 0 0 0 0 0 0 1 0 0 0
0 0 -1 0 0 0 0 0 0 0 0 0 0 0 0 0 0 0 0 1 0 0
0 0 -1 0 0 0 0 0 0 0 0 0 0 0 0 0 0 0 0 0 1 0
0 0 0 0 -1 0 0 0 0 0 0 0 0 0 0 0 0 0 0 0 0 1

1 0 0 0
0 1 0 0
0 0 1 0
0 0 0 1
0 0 0 0
0 0 0 0
0 0 0 0
0 0 0 0
0 0 0 0
0 0 0 0
0 0 0 0
0 0 0 0
0 0 0 0
0 0 0 0
0 0 0 0
0 0 0 0
0 0 0 0
0 0 0 0
0 0 0 0
0 0 0 0
0 0 0 0
0 0 0 0

1 0 0 0
0 1 0 0
0 0 1 0
0 0 0 1
