GM:(0,0,0)  A:(1/2,1/2,1/2)  M:(1/2,1/2,0)  R:(0,1/2,1/2)  X:(0,1/2,0)  Z:(0,0,1/2)
GM:(0,0,0)  A:(1/2,1/2,1/2)  M:(1/2,1/2,0)  R:(0,1/2,1/2)  X:(0,1/2,0)  Z:(0,0,1/2)
GM4  GM3  GM1  GM2  GM8  GM7  GM6  GM5  A4  A3  A1  A2  A8  A7  A6  A5  M3M4  M1M2  M7M8  M5M6  R1R2  R3R4  X1X2  X3X4  Z3Z4  Z1Z2  Z7Z8  Z5Z6
1 1 1 1 1 1 1 1 1 1 1 1 1 1 1 1 2 2 2 2 2 2 2 2 2 2 2 2
2a (4,4) 1E 2 1,2a (4,4) 2E 2 1,2a (4,4) A 2 1,2a (4,4) B 2 1,2a (4,4) 1E1 2 1,2a (4,4) 1E2 2 1,2a (4,4) 2E1 2 1,2a (4,4) 2E2 2 1,2b (4,4) 1E 2 1,2b (4,4) 2E 2 1,2b (4,4) A 2 1,2b (4,4) B 2 1,2b (4,4) 1E1 2 1,2b (4,4) 1E2 2 1,2b (4,4) 2E1 2 1,2b (4,4) 2E2 2 1,2c (2'2'2,2) A 2 1,2c (2'2'2,2) B 2 1,2c (2'2'2,2) 1E 2 1,2c (2'2'2,2) 2E 2 1,2d (2'2'2,2) A 2 1,2d (2'2'2,2) B 2 1,2d (2'2'2,2) 1E 2 1,2d (2'2'2,2) 2E 2 1
2 0 0 0 0 0 0 0 2 0 0 0 0 0 0 0 1 0 0 0 1 0 1 0 1 0 0 0
0 2 0 0 0 0 0 0 0 2 0 0 0 0 0 0 1 0 0 0 1 0 1 0 1 0 0 0
0 0 2 0 0 0 0 0 0 0 2 0 0 0 0 0 0 1 0 0 1 0 1 0 0 1 0 0
0 0 0 2 0 0 0 0 0 0 0 2 0 0 0 0 0 1 0 0 1 0 1 0 0 1 0 0
0 0 0 0 2 0 0 0 0 0 0 0 2 0 0 0 0 0 1 0 0 1 0 1 0 0 1 0
0 0 0 0 0 2 0 0 0 0 0 0 0 2 0 0 0 0 1 0 0 1 0 1 0 0 1 0
0 0 0 0 0 0 2 0 0 0 0 0 0 0 2 0 0 0 0 1 0 1 0 1 0 0 0 1
0 0 0 0 0 0 0 2 0 0 0 0 0 0 0 2 0 0 0 1 0 1 0 1 0 0 0 1
2 0 0 0 0 0 0 0 0 2 0 0 0 0 0 0 1 0 0 0 1 0 1 0 1 0 0 0
0 2 0 0 0 0 0 0 2 0 0 0 0 0 0 0 1 0 0 0 1 0 1 0 1 0 0 0
0 0 2 0 0 0 0 0 0 0 0 2 0 0 0 0 0 1 0 0 1 0 1 0 0 1 0 0
0 0 0 2 0 0 0 0 0 0 2 0 0 0 0 0 0 1 0 0 1 0 1 0 0 1 0 0
0 0 0 0 2 0 0 0 0 0 0 0 0 2 0 0 0 0 1 0 0 1 0 1 0 0 1 0
0 0 0 0 0 2 0 0 0 0 0 0 2 0 0 0 0 0 1 0 0 1 0 1 0 0 1 0
0 0 0 0 0 0 2 0 0 0 0 0 0 0 0 2 0 0 0 1 0 1 0 1 0 0 0 1
0 0 0 0 0 0 0 2 0 0 0 0 0 0 2 0 0 0 0 1 0 1 0 1 0 0 0 1
0 0 1 1 0 0 0 0 1 1 0 0 0 0 0 0 1 0 0 0 1 0 1 0 0 1 0 0
1 1 0 0 0 0 0 0 0 0 1 1 0 0 0 0 0 1 0 0 1 0 1 0 1 0 0 0
0 0 0 0 1 1 0 0 0 0 0 0 0 0 1 1 0 0 0 1 0 1 0 1 0 0 1 0
0 0 0 0 0 0 1 1 0 0 0 0 1 1 0 0 0 0 1 0 0 1 0 1 0 0 0 1
0 0 1 1 0 0 0 0 1 1 0 0 0 0 0 0 1 0 0 0 1 0 1 0 0 1 0 0
1 1 0 0 0 0 0 0 0 0 1 1 0 0 0 0 0 1 0 0 1 0 1 0 1 0 0 0
0 0 0 0 1 1 0 0 0 0 0 0 0 0 1 1 0 0 0 1 0 1 0 1 0 0 1 0
0 0 0 0 0 0 1 1 0 0 0 0 1 1 0 0 0 0 1 0 0 1 0 1 0 0 0 1

0 0 0 0 0 0 0 0 0 0 0 0 0 0 0 0 0 0 0 0 0 0 0 0 1 0 0 0
0 1 0 0 0 0 0 0 0 0 0 0 0 0 0 0 0 0 0 0 0 0 0 0 0 0 0 0
0 0 0 0 0 0 0 0 0 0 0 0 0 0 0 0 0 1 0 0 0 0 0 0 0 0 0 0
0 0 0 0 0 0 -1 -1 0 0 0 0 0 0 0 0 0 0 0 1 0 0 0 0 0 0 0 1
0 1 1 0 -1 -1 -2 -2 0 0 0 0 1 1 0 0 0 -1 0 2 0 0 0 0 0 -1 1 2
0 1 1 0 -1 0 -2 -2 0 0 0 0 1 1 0 0 0 -1 0 2 0 0 0 0 0 -1 0 2
0 1 1 0 0 0 -1 -1 0 0 0 0 0 0 0 0 0 -1 0 1 0 0 0 0 0 -1 0 2
-1 0 0 -1 0 0 -1 -1 1 1 0 0 0 0 0 0 0 0 0 1 0 0 0 0 0 0 0 1
0 -1 -1 -1 -1 0 -1 -2 0 1 0 0 1 1 0 0 0 1 0 1 0 0 0 0 0 1 0 1
0 0 0 -1 -1 0 -1 -2 0 0 -1 0 1 1 0 0 0 1 0 1 0 0 0 0 0 1 0 1
0 0 0 0 -1 -1 -2 -3 0 0 0 0 1 2 0 0 0 0 0 2 0 0 0 0 0 0 0 2
0 0 0 0 -1 0 -1 -3 0 0 0 0 1 1 -1 0 0 0 0 2 0 0 0 0 0 0 0 2
-2 -1 -1 -2 -1 0 -3 -4 2 2 0 0 1 1 0 0 0 1 0 3 0 0 0 0 0 1 0 3
0 0 0 0 -1 0 -3 -4 0 0 0 0 1 1 0 0 0 0 0 3 0 0 0 0 0 0 0 3
-1 -1 -1 -1 0 0 0 0 1 1 1 1 0 0 0 0 0 0 0 0 0 0 0 0 0 0 0 0
0 0 0 0 -1 -1 -1 -1 0 0 0 0 1 1 1 1 0 0 0 0 0 0 0 0 0 0 0 0
-1 -1 -1 -1 0 0 0 0 0 0 0 0 0 0 0 0 1 1 0 0 0 0 0 0 1 1 0 0
-1 -1 -1 -1 0 0 0 0 1 1 0 0 0 0 0 0 0 2 0 0 0 0 0 0 0 0 0 0
0 0 0 0 -1 -1 -1 -1 0 0 0 0 0 0 0 0 0 0 1 1 0 0 0 0 0 0 1 1
0 0 0 0 -1 -1 -1 -1 0 0 0 0 1 1 0 0 0 0 0 2 0 0 0 0 0 0 0 0
-1 -1 -1 -1 0 0 0 0 0 0 0 0 0 0 0 0 0 0 0 0 1 0 0 0 1 1 0 0
0 0 0 0 -1 -1 -1 -1 0 0 0 0 0 0 0 0 0 0 0 0 0 1 0 0 0 0 1 1
-1 -1 -1 -1 0 0 0 0 0 0 0 0 0 0 0 0 0 0 0 0 0 0 1 0 1 1 0 0
0 0 0 0 -1 -1 -1 -1 0 0 0 0 0 0 0 0 0 0 0 0 0 0 0 1 0 0 1 1
-1 -1 0 0 0 0 0 0 0 0 0 0 0 0 0 0 0 0 0 0 0 0 0 0 2 0 0 0
0 0 -1 -1 0 0 0 0 0 0 0 0 0 0 0 0 0 0 0 0 0 0 0 0 0 2 0 0
0 0 0 0 -1 -1 0 0 0 0 0 0 0 0 0 0 0 0 0 0 0 0 0 0 0 0 2 0
0 0 0 0 0 0 -1 -1 0 0 0 0 0 0 0 0 0 0 0 0 0 0 0 0 0 0 0 2

1 0 0 0 0 0 0 0 0 0 0 0 0 0 0 0 0 0 0 0 0 0 0 0
0 1 0 0 0 0 0 0 0 0 0 0 0 0 0 0 0 0 0 0 0 0 0 0
0 0 1 0 0 0 0 0 0 0 0 0 0 0 0 0 0 0 0 0 0 0 0 0
0 0 0 1 0 0 0 0 0 0 0 0 0 0 0 0 0 0 0 0 0 0 0 0
0 0 0 0 1 0 0 0 0 0 0 0 0 0 0 0 0 0 0 0 0 0 0 0
0 0 0 0 0 1 0 0 0 0 0 0 0 0 0 0 0 0 0 0 0 0 0 0
0 0 0 0 0 0 1 0 0 0 0 0 0 0 0 0 0 0 0 0 0 0 0 0
0 0 0 0 0 0 0 1 0 0 0 0 0 0 0 0 0 0 0 0 0 0 0 0
0 0 0 0 0 0 0 0 2 0 0 0 0 0 0 0 0 0 0 0 0 0 0 0
0 0 0 0 0 0 0 0 0 2 0 0 0 0 0 0 0 0 0 0 0 0 0 0
0 0 0 0 0 0 0 0 0 0 2 0 0 0 0 0 0 0 0 0 0 0 0 0
0 0 0 0 0 0 0 0 0 0 0 2 0 0 0 0 0 0 0 0 0 0 0 0
0 0 0 0 0 0 0 0 0 0 0 0 2 0 0 0 0 0 0 0 0 0 0 0
0 0 0 0 0 0 0 0 0 0 0 0 0 2 0 0 0 0 0 0 0 0 0 0
0 0 0 0 0 0 0 0 0 0 0 0 0 0 0 0 0 0 0 0 0 0 0 0
0 0 0 0 0 0 0 0 0 0 0 0 0 0 0 0 0 0 0 0 0 0 0 0
0 0 0 0 0 0 0 0 0 0 0 0 0 0 0 0 0 0 0 0 0 0 0 0
0 0 0 0 0 0 0 0 0 0 0 0 0 0 0 0 0 0 0 0 0 0 0 0
0 0 0 0 0 0 0 0 0 0 0 0 0 0 0 0 0 0 0 0 0 0 0 0
0 0 0 0 0 0 0 0 0 0 0 0 0 0 0 0 0 0 0 0 0 0 0 0
0 0 0 0 0 0 0 0 0 0 0 0 0 0 0 0 0 0 0 0 0 0 0 0
0 0 0 0 0 0 0 0 0 0 0 0 0 0 0 0 0 0 0 0 0 0 0 0
0 0 0 0 0 0 0 0 0 0 0 0 0 0 0 0 0 0 0 0 0 0 0 0
0 0 0 0 0 0 0 0 0 0 0 0 0 0 0 0 0 0 0 0 0 0 0 0
0 0 0 0 0 0 0 0 0 0 0 0 0 0 0 0 0 0 0 0 0 0 0 0
0 0 0 0 0 0 0 0 0 0 0 0 0 0 0 0 0 0 0 0 0 0 0 0
0 0 0 0 0 0 0 0 0 0 0 0 0 0 0 0 0 0 0 0 0 0 0 0
0 0 0 0 0 0 0 0 0 0 0 0 0 0 0 0 0 0 0 0 0 0 0 0

1 -1 0 -1 0 0 0 0 -1 0 0 0 0 1 0 0 -1 -1 0 0 0 -1 0 0
0 0 0 0 0 0 0 0 0 0 0 0 0 0 0 0 -1 -1 0 0 0 -1 0 0
0 -1 1 -2 0 0 0 1 0 -1 0 0 -1 2 -1 0 0 -1 0 0 0 -1 0 0
0 0 0 1 0 0 0 -1 0 0 0 0 1 -1 -1 0 0 -1 0 0 0 -1 0 0
0 0 0 -1 1 -1 0 0 0 0 -1 0 0 1 0 0 0 0 -1 -1 0 0 0 -1
0 0 0 0 0 0 0 0 0 0 0 0 0 0 0 0 0 0 -1 -1 0 0 0 -1
0 0 0 -2 0 -1 1 0 0 0 0 -1 0 2 0 -1 0 0 0 -1 0 0 0 -1
0 0 0 1 0 0 0 0 0 0 0 0 0 -1 0 -1 0 0 0 -1 0 0 0 -1
0 0 0 1 0 0 0 0 1 0 0 0 0 -1 0 0 1 0 0 0 0 0 0 0
0 0 0 0 0 0 0 0 0 0 0 0 0 0 0 0 1 0 0 0 0 0 0 0
0 0 0 1 0 0 0 0 0 1 0 0 0 -1 1 0 0 0 0 0 0 0 0 0
0 0 0 0 0 0 0 0 0 0 0 0 0 0 1 0 0 0 0 0 0 0 0 0
0 0 0 1 0 0 0 0 0 0 1 0 0 -1 0 0 0 0 1 0 0 0 0 0
0 0 0 0 0 0 0 0 0 0 0 0 0 0 0 0 0 0 1 0 0 0 0 0
0 0 0 1 0 0 0 0 0 0 0 1 0 -1 0 1 0 0 0 0 0 0 0 0
0 0 0 0 0 0 0 0 0 0 0 0 0 0 0 1 0 0 0 0 0 0 0 0
0 1 0 1 0 0 0 -1 0 0 0 0 2 -2 0 0 0 2 0 0 -1 2 0 0
0 0 0 0 0 0 0 0 0 0 0 0 0 0 0 0 0 1 0 0 0 0 0 0
0 0 0 2 0 1 0 -2 0 0 0 0 2 -2 0 0 0 0 0 2 0 0 -1 2
0 0 0 0 0 0 0 0 0 0 0 0 0 0 0 0 0 0 0 1 0 0 0 0
0 0 0 0 0 0 0 0 0 0 0 0 0 0 0 0 0 0 0 0 1 0 0 0
0 1 0 0 0 0 0 0 0 0 0 0 0 0 0 0 0 1 0 0 0 2 0 0
0 0 0 0 0 0 0 0 0 0 0 0 0 0 0 0 0 0 0 0 0 0 1 0
0 0 0 1 0 1 0 -2 0 0 0 0 2 -2 0 0 0 0 0 1 0 0 0 2
