GM:(0,0,0)  F:(0,1/2,1)  L:(-1/2,1/2,1/2)  T:(0,0,3/2)
GM:(0,0,0)  F:(0,1/2,1)  L:(-1/2,1/2,1/2)  T:(0,0,3/2)
GM1  GM2  GM3  GM4GM5  GM6  F1  F2  F3F4  L1L2  L4L4  L3L3  T1T2  T3T3  T5T5  T4T4  T6T6
1 1 2 2 2 1 1 2 2 2 2 2 4 2 2 4
6a (32,32) A1 2 1;6a (32,32) A2 2 1;6a (32,32) E 4 1;6a (32,32) 1E 2 1;6a (32,32) 2E 2 1;6a (32,32) E1 4 1;6b (3',3) 1E2E 4 1;6b (3',3) A1 2 1;6b (3',3) 1E2E 4 1;18d (1',1) A 6 0
2 0 0 0 0 2 0 0 1 0 0 1 0 0 0 0
0 2 0 0 0 0 2 0 1 0 0 1 0 0 0 0
0 0 2 0 0 2 2 0 2 0 0 0 1 0 0 0
0 0 0 1 0 0 0 1 0 1 0 0 0 1 0 0
0 0 0 1 0 0 0 1 0 0 1 0 0 0 1 0
0 0 0 0 2 0 0 2 0 1 1 0 0 0 0 1
0 0 2 0 0 2 2 0 2 0 0 0 1 0 0 0
1 1 0 0 0 1 1 0 1 0 0 1 0 0 0 0
0 0 0 0 2 0 0 2 0 1 1 0 0 0 0 1
1 1 2 0 0 3 3 0 3 0 0 1 1 0 0 0

0 0 0 0 0 0 0 0 0 0 0 1 0 0 0 0
0 1 0 0 0 0 0 0 0 0 0 0 0 0 0 0
0 0 0 0 0 0 0 0 0 0 0 0 1 0 0 0
0 0 0 0 0 0 0 0 0 0 0 0 0 1 0 0
0 0 0 1 0 0 0 0 0 0 0 0 0 -1 0 0
0 0 0 0 0 0 0 0 0 0 0 0 0 0 0 1
0 -1 -1 0 0 0 1 0 0 0 0 0 0 0 0 0
-1 0 -1 0 0 1 0 0 0 0 0 0 0 0 0 0
-1 -1 -1 0 0 0 0 0 1 0 0 1 0 0 0 0
0 0 0 1 0 0 0 -1 0 1 0 0 0 -1 0 1
0 0 0 0 0 0 0 -1 0 0 1 0 0 1 0 1
-1 -1 0 0 0 0 0 0 0 0 0 2 0 0 0 0
0 0 -1 0 0 0 0 0 0 0 0 0 2 0 0 0
0 0 0 1 1 0 0 -1 0 0 0 0 0 0 0 0
0 0 0 -1 0 0 0 0 0 0 0 0 0 1 1 0
0 0 0 1 0 0 0 -1 0 0 0 0 0 0 0 2

1 0 0 0 0 0 0 0 0 0
0 1 0 0 0 0 0 0 0 0
0 0 1 0 0 0 0 0 0 0
0 0 0 1 0 0 0 0 0 0
0 0 0 0 1 0 0 0 0 0
0 0 0 0 0 1 0 0 0 0
0 0 0 0 0 0 0 0 0 0
0 0 0 0 0 0 0 0 0 0
0 0 0 0 0 0 0 0 0 0
0 0 0 0 0 0 0 0 0 0
0 0 0 0 0 0 0 0 0 0
0 0 0 0 0 0 0 0 0 0
0 0 0 0 0 0 0 0 0 0
0 0 0 0 0 0 0 0 0 0
0 0 0 0 0 0 0 0 0 0
0 0 0 0 0 0 0 0 0 0

1 -1 0 0 0 0 0 -1 0 -1
0 0 0 0 0 0 0 -1 0 -1
0 -1 1 0 0 0 -1 -1 0 -2
0 0 0 1 0 0 0 0 0 0
0 0 0 0 1 0 0 0 0 0
0 0 0 0 0 1 0 0 -1 0
0 0 0 0 0 0 1 0 0 0
0 0 0 0 0 0 0 1 0 0
0 0 0 0 0 0 0 0 1 0
0 1 0 0 0 0 0 1 0 2
