GM:(0,0,0)  L:(1/2,1/2,1/2)  T:(1,0,0)  Y:(0,1,0)  Z:(0,0,1)
GM:(0,0,0)  L:(1/2,1/2,1/2)  T:(1,0,0)  Y:(0,1,0)  Z:(0,0,1)
GM1  GM2  GM4  GM3  GM5  L1  L2L2  T1  T2  T4  T3  T5  Y1  Y2  Y4  Y3  Y5  Z1  Z2  Z4  Z3  Z5
1 1 1 1 2 1 2 1 1 1 1 2 1 1 1 1 2 1 1 1 1 2
4a (mm21',mm2) A1 1 1,4a (mm21',mm2) A2 1 1,4a (mm21',mm2) B1 1 1,4a (mm21',mm2) B2 1 1,4a (mm21',mm2) E 2 1,8b (21',2) A 2 1,8b (21',2) B 2 1,8b (21',2) 1E2E 4 0
1 0 0 0 0 1 0 1 0 0 0 0 1 0 0 0 0 1 0 0 0 0
0 1 0 0 0 1 0 0 1 0 0 0 0 1 0 0 0 0 1 0 0 0
0 0 1 0 0 1 0 0 0 1 0 0 0 0 1 0 0 0 0 1 0 0
0 0 0 1 0 1 0 0 0 0 1 0 0 0 0 1 0 0 0 0 1 0
0 0 0 0 1 0 1 0 0 0 0 1 0 0 0 0 1 0 0 0 0 1
1 1 0 0 0 2 0 0 0 1 1 0 0 0 1 1 0 1 1 0 0 0
0 0 1 1 0 2 0 1 1 0 0 0 1 1 0 0 0 0 0 1 1 0
0 0 0 0 2 0 2 0 0 0 0 2 0 0 0 0 2 0 0 0 0 2

0 0 0 0 0 0 0 1 0 0 0 0 0 0 0 0 0 0 0 0 0 0
-1 1 0 0 0 0 0 1 0 0 0 0 0 0 0 0 0 0 0 0 0 0
0 0 1 0 0 0 0 0 0 0 0 0 0 0 0 0 0 0 0 0 0 0
0 0 0 1 0 0 0 0 0 0 0 0 0 0 0 0 0 0 0 0 0 0
0 0 0 0 1 0 0 0 0 0 0 0 0 0 0 0 0 0 0 0 0 0
1 0 0 0 0 0 0 -1 0 0 0 0 0 0 0 0 0 0 0 0 0 0
0 0 0 0 -1 0 1 0 0 0 0 0 0 0 0 0 0 0 0 0 0 0
-1 -1 -1 -1 0 1 0 0 0 0 0 0 0 0 0 0 0 0 0 0 0 0
1 -1 0 0 0 0 0 -1 1 0 0 0 0 0 0 0 0 0 0 0 0 0
-1 0 -1 0 0 0 0 1 0 1 0 0 0 0 0 0 0 0 0 0 0 0
-1 0 0 -1 0 0 0 1 0 0 1 0 0 0 0 0 0 0 0 0 0 0
0 0 0 0 -1 0 0 0 0 0 0 1 0 0 0 0 0 0 0 0 0 0
0 0 0 0 0 0 0 -1 0 0 0 0 1 0 0 0 0 0 0 0 0 0
1 -1 0 0 0 0 0 -1 0 0 0 0 0 1 0 0 0 0 0 0 0 0
-1 0 -1 0 0 0 0 1 0 0 0 0 0 0 1 0 0 0 0 0 0 0
-1 0 0 -1 0 0 0 1 0 0 0 0 0 0 0 1 0 0 0 0 0 0
0 0 0 0 -1 0 0 0 0 0 0 0 0 0 0 0 1 0 0 0 0 0
-1 0 0 0 0 0 0 0 0 0 0 0 0 0 0 0 0 1 0 0 0 0
0 -1 0 0 0 0 0 0 0 0 0 0 0 0 0 0 0 0 1 0 0 0
0 0 -1 0 0 0 0 0 0 0 0 0 0 0 0 0 0 0 0 1 0 0
0 0 0 -1 0 0 0 0 0 0 0 0 0 0 0 0 0 0 0 0 1 0
0 0 0 0 -1 0 0 0 0 0 0 0 0 0 0 0 0 0 0 0 0 1

1 0 0 0 0 0 0 0
0 1 0 0 0 0 0 0
0 0 1 0 0 0 0 0
0 0 0 1 0 0 0 0
0 0 0 0 1 0 0 0
0 0 0 0 0 1 0 0
0 0 0 0 0 0 0 0
0 0 0 0 0 0 0 0
0 0 0 0 0 0 0 0
0 0 0 0 0 0 0 0
0 0 0 0 0 0 0 0
0 0 0 0 0 0 0 0
0 0 0 0 0 0 0 0
0 0 0 0 0 0 0 0
0 0 0 0 0 0 0 0
0 0 0 0 0 0 0 0
0 0 0 0 0 0 0 0
0 0 0 0 0 0 0 0
0 0 0 0 0 0 0 0
0 0 0 0 0 0 0 0
0 0 0 0 0 0 0 0
0 0 0 0 0 0 0 0

1 0 0 0 0 0 -1 0
0 1 0 0 0 0 -1 0
0 0 1 0 0 0 -1 0
0 0 0 1 0 0 -1 0
0 0 0 0 1 0 0 -2
0 0 0 0 0 1 1 0
0 0 0 0 0 0 1 0
0 0 0 0 0 0 0 1
