GM:(0,0,0)  M:(1,1,1)  N:(1/2,0,1/2)  P:(1/2,1/2,1/2)  X:(1/2,1/2,0)
GM:(0,0,0)  M:(1,1,1)  N:(1/2,0,1/2)  P:(1/2,1/2,1/2)  X:(1/2,1/2,0)
GM3+GM4+  GM3-GM4-  GM1+  GM1-  GM2+  GM2-  GM6GM8  GM10GM12  GM5GM7  GM11GM9  M3+M4+  M3-M4-  M1+  M1-  M2+  M2-  M6M8  M10M12  M5M7  M11M9  N1-N1+  N2N3  P4  P3  P1P2  P5P8  P6P7  X2+  X2-  X1+  X1-  X3X4  X5X6
2 2 1 1 1 1 2 2 2 2 2 2 1 1 1 1 2 2 2 2 2 2 1 1 2 2 2 1 1 1 1 2 2
4a (4/m,4/m) 1Eg 2 1,4a (4/m,4/m) 1Eu 2 1,4a (4/m,4/m) 2Eg 2 1,4a (4/m,4/m) 2Eu 2 1,4a (4/m,4/m) Ag 2 1,4a (4/m,4/m) Au 2 1,4a (4/m,4/m) Bg 2 1,4a (4/m,4/m) Bu 2 1,4a (4/m,4/m) 1E1g 2 1,4a (4/m,4/m) 1E1u 2 1,4a (4/m,4/m). 1E2g 2 1,4a (4/m,4/m). 1E2u 2 1,4a (4/m,4/m). 2E1g 2 1,4a (4/m,4/m). 2E1u 2 1,4a (4/m,4/m). 2E2g 2 1,4a (4/m,4/m). 2E2u 2 1,4b (4/m',4) A 2 1,4b (4/m',4) B 2 1,4c (4'/m,2/m) Ag 2 1,4c (4'/m,2/m) Au 2 1,4c (4'/m,2/m) BgBg 4 0,4c (4'/m,2/m) BuBu 4 0,4c (4'/m,2/m) 1Eg2Eg 4 0,4c (4'/m,2/m) 1Eu2Eu 4 0,4d (4'/m',4) 1E2E 4 0,4d (4'/m',4) A 2 1,4d (4'/m',4) B 2 1,4d (4'/m',4) 1E12E1 4 0,4d (4'/m',4) 1E22E2 4 0,8e (2'/m,m) A' 4 0,8e (2'/m,m) A'' 4 0,8f (2'/m',1) Ag 4 1,8f (2'/m',1) Au 4 1,8f (2'/m',1) Ag 4 0,8f (2'/m',1) Au 4 0
1 0 0 0 0 0 0 0 0 0 1 0 0 0 0 0 0 0 0 0 1 0 2 0 0 0 0 2 0 0 0 0 0
0 1 0 0 0 0 0 0 0 0 0 1 0 0 0 0 0 0 0 0 1 0 0 2 0 0 0 0 2 0 0 0 0
1 0 0 0 0 0 0 0 0 0 1 0 0 0 0 0 0 0 0 0 1 0 0 2 0 0 0 2 0 0 0 0 0
0 1 0 0 0 0 0 0 0 0 0 1 0 0 0 0 0 0 0 0 1 0 2 0 0 0 0 0 2 0 0 0 0
0 0 2 0 0 0 0 0 0 0 0 0 2 0 0 0 0 0 0 0 1 0 0 0 1 0 0 0 0 2 0 0 0
0 0 0 2 0 0 0 0 0 0 0 0 0 2 0 0 0 0 0 0 1 0 0 0 1 0 0 0 0 0 2 0 0
0 0 0 0 2 0 0 0 0 0 0 0 0 0 2 0 0 0 0 0 1 0 0 0 1 0 0 0 0 2 0 0 0
0 0 0 0 0 2 0 0 0 0 0 0 0 0 0 2 0 0 0 0 1 0 0 0 1 0 0 0 0 0 2 0 0
0 0 0 0 0 0 1 0 0 0 0 0 0 0 0 0 1 0 0 0 0 1 0 0 0 1 0 0 0 0 0 1 0
0 0 0 0 0 0 0 1 0 0 0 0 0 0 0 0 0 1 0 0 0 1 0 0 0 0 1 0 0 0 0 0 1
0 0 0 0 0 0 0 0 1 0 0 0 0 0 0 0 0 0 1 0 0 1 0 0 0 0 1 0 0 0 0 1 0
0 0 0 0 0 0 0 0 0 1 0 0 0 0 0 0 0 0 0 1 0 1 0 0 0 1 0 0 0 0 0 0 1
0 0 0 0 0 0 1 0 0 0 0 0 0 0 0 0 1 0 0 0 0 1 0 0 0 0 1 0 0 0 0 1 0
0 0 0 0 0 0 0 1 0 0 0 0 0 0 0 0 0 1 0 0 0 1 0 0 0 1 0 0 0 0 0 0 1
0 0 0 0 0 0 0 0 1 0 0 0 0 0 0 0 0 0 1 0 0 1 0 0 0 1 0 0 0 0 0 1 0
0 0 0 0 0 0 0 0 0 1 0 0 0 0 0 0 0 0 0 1 0 1 0 0 0 0 1 0 0 0 0 0 1
0 0 1 1 0 0 0 0 0 0 0 0 1 1 0 0 0 0 0 0 1 0 0 0 1 0 0 0 0 1 1 0 0
0 0 0 0 1 1 0 0 0 0 0 0 0 0 1 1 0 0 0 0 1 0 0 0 1 0 0 0 0 1 1 0 0
0 0 1 0 1 0 0 0 0 0 0 0 1 0 1 0 0 0 0 0 1 0 1 1 0 0 0 0 2 0 0 0 0
0 0 0 1 0 1 0 0 0 0 0 0 0 1 0 1 0 0 0 0 1 0 1 1 0 0 0 2 0 0 0 0 0
2 0 0 0 0 0 0 0 0 0 2 0 0 0 0 0 0 0 0 0 2 0 0 0 2 0 0 0 0 0 4 0 0
0 2 0 0 0 0 0 0 0 0 0 2 0 0 0 0 0 0 0 0 2 0 0 0 2 0 0 0 0 4 0 0 0
0 0 0 0 0 0 1 0 1 0 0 0 0 0 0 0 1 0 1 0 0 2 0 0 0 1 1 0 0 0 0 0 2
0 0 0 0 0 0 0 1 0 1 0 0 0 0 0 0 0 1 0 1 0 2 0 0 0 1 1 0 0 0 0 2 0
1 1 0 0 0 0 0 0 0 0 1 1 0 0 0 0 0 0 0 0 2 0 0 0 2 0 0 0 0 2 2 0 0
0 0 1 0 0 1 0 0 0 0 0 0 0 1 1 0 0 0 0 0 1 0 1 1 0 0 0 1 1 0 0 0 0
0 0 0 1 1 0 0 0 0 0 0 0 1 0 0 1 0 0 0 0 1 0 1 1 0 0 0 1 1 0 0 0 0
0 0 0 0 0 0 1 0 0 1 0 0 0 0 0 0 0 1 1 0 0 2 0 0 0 1 1 0 0 0 0 1 1
0 0 0 0 0 0 0 1 1 0 0 0 0 0 0 0 1 0 0 1 0 2 0 0 0 1 1 0 0 0 0 1 1
0 1 1 0 1 0 0 0 0 0 0 1 1 0 1 0 0 0 0 0 2 0 1 1 1 0 0 0 2 2 0 0 0
1 0 0 1 0 1 0 0 0 0 1 0 0 1 0 1 0 0 0 0 2 0 1 1 1 0 0 2 0 0 2 0 0
1 0 1 0 1 0 0 0 0 0 0 1 0 1 0 1 0 0 0 0 2 0 1 1 1 0 0 1 1 1 1 0 0
0 1 0 1 0 1 0 0 0 0 1 0 1 0 1 0 0 0 0 0 2 0 1 1 1 0 0 1 1 1 1 0 0
0 0 0 0 0 0 1 0 1 0 0 0 0 0 0 0 0 1 0 1 0 2 0 0 0 1 1 0 0 0 0 1 1
0 0 0 0 0 0 0 1 0 1 0 0 0 0 0 0 1 0 1 0 0 2 0 0 0 1 1 0 0 0 0 1 1

0 0 0 0 0 0 0 0 0 0 1 0 0 0 0 0 0 0 0 0 0 0 0 0 0 0 0 0 0 0 0 0 0
0 1 0 0 0 0 0 0 0 0 0 0 0 0 0 0 0 0 0 0 0 0 0 0 0 0 0 0 0 0 0 0 0
0 -1 0 0 0 0 0 0 0 0 1 0 0 0 0 0 0 0 0 0 -1 0 0 1 1 0 0 0 0 0 0 0 0
-1 0 0 0 0 0 0 0 0 0 1 0 0 0 0 0 0 0 0 0 0 0 0 0 1 0 0 0 0 0 0 0 0
0 0 0 1 0 0 0 0 0 0 0 0 0 0 0 0 0 0 0 0 0 0 0 0 0 0 0 0 0 0 0 0 0
1 1 0 1 1 1 0 0 0 0 0 0 0 0 0 0 0 0 0 0 -3 0 1 1 1 0 0 0 0 1 0 0 0
-3 -2 0 -1 -1 -2 0 0 0 0 1 0 -1 0 0 1 0 0 0 0 2 0 0 0 0 0 0 0 0 0 0 0 0
-1 -2 0 0 0 -1 0 0 0 -1 1 0 -1 0 0 0 0 0 0 0 -2 0 1 2 2 1 0 0 0 1 0 0 0
-1 -2 0 0 0 -1 0 1 0 0 1 0 -1 0 0 0 0 0 0 0 -2 0 1 2 2 0 0 0 0 1 0 0 0
-1 -2 0 0 0 -1 0 0 1 0 1 0 -1 0 0 0 0 0 0 0 -2 0 1 2 2 0 0 0 0 1 0 0 0
-1 -2 0 0 0 -1 0 0 1 1 1 0 -1 0 0 0 0 0 -1 0 -2 0 1 2 2 0 0 0 0 1 0 0 0
-1 -2 0 0 0 -1 1 0 1 1 1 0 -1 0 0 0 0 0 -1 0 -2 0 1 2 2 -1 0 0 0 1 0 0 0
-3 -3 0 0 0 -2 0 0 0 0 2 0 -1 0 0 1 0 0 0 0 -3 0 2 3 3 0 0 0 0 1 0 0 0
-1 -2 0 0 0 -1 1 0 0 0 1 0 -1 0 0 0 -1 0 0 0 -2 0 1 2 2 0 0 0 0 1 0 0 0
-4 -4 0 -2 -1 -3 2 0 1 0 2 0 -2 0 0 0 -1 0 0 0 2 0 0 1 2 0 0 0 0 0 0 -1 0
-7 -6 0 -3 -2 -4 1 0 0 0 3 0 -3 0 0 0 -1 0 0 0 4 0 0 1 2 0 0 0 0 0 0 0 0
-4 -4 0 -2 -1 -3 2 0 0 0 2 0 -2 0 0 0 -2 0 0 0 2 0 0 1 2 0 0 0 0 0 0 0 0
-6 -4 0 -3 -2 -4 0 0 0 0 2 0 -2 0 0 1 0 0 0 0 6 0 -1 -1 0 0 0 0 0 -1 0 0 0
0 0 0 -2 0 0 -1 0 -1 0 0 0 0 0 0 -2 -1 0 -1 0 4 0 -2 -2 0 0 0 0 0 -2 0 2 0
0 0 0 0 0 0 0 0 -1 -1 0 0 0 0 0 0 0 0 1 1 0 0 0 0 0 0 0 0 0 0 0 0 0
0 0 0 0 0 0 -1 -1 0 0 0 0 0 0 0 0 1 1 0 0 0 0 0 0 0 0 0 0 0 0 0 0 0
0 0 0 0 0 0 -1 -1 -1 -1 0 0 0 0 0 0 0 0 0 0 0 1 0 0 0 0 0 0 0 0 0 0 0
2 2 1 1 1 1 0 0 0 0 0 0 0 0 0 0 0 0 0 0 -2 0 0 0 0 0 0 0 0 0 0 0 0
2 2 0 0 1 1 0 0 0 0 0 0 1 1 0 0 0 0 0 0 -2 0 0 0 0 0 0 0 0 0 0 0 0
0 0 0 0 0 0 0 0 0 0 0 0 0 0 0 0 0 0 0 0 -2 0 1 1 2 0 0 0 0 0 0 0 0
-1 -1 0 0 0 0 0 0 0 0 1 1 0 0 0 0 0 0 0 0 0 0 0 0 0 0 0 0 0 0 0 0 0
0 0 0 0 0 0 -1 -1 -1 -1 0 0 0 0 0 0 0 0 0 0 0 0 0 0 0 1 1 0 0 0 0 0 0
-2 0 0 -1 0 -1 0 0 0 0 0 0 0 0 0 0 0 0 0 0 2 0 -1 -1 0 0 0 1 0 -1 0 0 0
2 0 0 1 0 1 0 0 0 0 0 0 0 0 0 0 0 0 0 0 -2 0 0 0 0 0 0 0 1 1 0 0 0
-4 -2 0 -1 -1 -2 0 0 0 0 2 0 -1 0 0 1 0 0 0 0 2 0 0 0 0 0 0 0 0 0 0 0 0
0 0 0 0 0 0 0 0 0 0 0 0 0 0 0 0 0 0 0 0 -2 0 1 1 0 0 0 0 0 1 1 0 0
0 0 0 0 -1 -1 0 0 0 0 0 0 0 0 1 1 0 0 0 0 0 0 0 0 0 0 0 0 0 0 0 0 0
0 0 0 0 0 0 -1 -1 -1 -1 0 0 0 0 0 0 0 0 0 0 0 0 0 0 0 0 0 0 0 0 0 1 1

1 0 0 0 0 0 0 0 0 0 0 0 0 0 0 0 0 0 0 0 0 0 0 0 0 0 0 0 0 0 0 0 0 0 0
0 1 0 0 0 0 0 0 0 0 0 0 0 0 0 0 0 0 0 0 0 0 0 0 0 0 0 0 0 0 0 0 0 0 0
0 0 1 0 0 0 0 0 0 0 0 0 0 0 0 0 0 0 0 0 0 0 0 0 0 0 0 0 0 0 0 0 0 0 0
0 0 0 1 0 0 0 0 0 0 0 0 0 0 0 0 0 0 0 0 0 0 0 0 0 0 0 0 0 0 0 0 0 0 0
0 0 0 0 1 0 0 0 0 0 0 0 0 0 0 0 0 0 0 0 0 0 0 0 0 0 0 0 0 0 0 0 0 0 0
0 0 0 0 0 1 0 0 0 0 0 0 0 0 0 0 0 0 0 0 0 0 0 0 0 0 0 0 0 0 0 0 0 0 0
0 0 0 0 0 0 1 0 0 0 0 0 0 0 0 0 0 0 0 0 0 0 0 0 0 0 0 0 0 0 0 0 0 0 0
0 0 0 0 0 0 0 1 0 0 0 0 0 0 0 0 0 0 0 0 0 0 0 0 0 0 0 0 0 0 0 0 0 0 0
0 0 0 0 0 0 0 0 1 0 0 0 0 0 0 0 0 0 0 0 0 0 0 0 0 0 0 0 0 0 0 0 0 0 0
0 0 0 0 0 0 0 0 0 1 0 0 0 0 0 0 0 0 0 0 0 0 0 0 0 0 0 0 0 0 0 0 0 0 0
0 0 0 0 0 0 0 0 0 0 1 0 0 0 0 0 0 0 0 0 0 0 0 0 0 0 0 0 0 0 0 0 0 0 0
0 0 0 0 0 0 0 0 0 0 0 1 0 0 0 0 0 0 0 0 0 0 0 0 0 0 0 0 0 0 0 0 0 0 0
0 0 0 0 0 0 0 0 0 0 0 0 1 0 0 0 0 0 0 0 0 0 0 0 0 0 0 0 0 0 0 0 0 0 0
0 0 0 0 0 0 0 0 0 0 0 0 0 1 0 0 0 0 0 0 0 0 0 0 0 0 0 0 0 0 0 0 0 0 0
0 0 0 0 0 0 0 0 0 0 0 0 0 0 1 0 0 0 0 0 0 0 0 0 0 0 0 0 0 0 0 0 0 0 0
0 0 0 0 0 0 0 0 0 0 0 0 0 0 0 1 0 0 0 0 0 0 0 0 0 0 0 0 0 0 0 0 0 0 0
0 0 0 0 0 0 0 0 0 0 0 0 0 0 0 0 2 0 0 0 0 0 0 0 0 0 0 0 0 0 0 0 0 0 0
0 0 0 0 0 0 0 0 0 0 0 0 0 0 0 0 0 2 0 0 0 0 0 0 0 0 0 0 0 0 0 0 0 0 0
0 0 0 0 0 0 0 0 0 0 0 0 0 0 0 0 0 0 4 0 0 0 0 0 0 0 0 0 0 0 0 0 0 0 0
0 0 0 0 0 0 0 0 0 0 0 0 0 0 0 0 0 0 0 0 0 0 0 0 0 0 0 0 0 0 0 0 0 0 0
0 0 0 0 0 0 0 0 0 0 0 0 0 0 0 0 0 0 0 0 0 0 0 0 0 0 0 0 0 0 0 0 0 0 0
0 0 0 0 0 0 0 0 0 0 0 0 0 0 0 0 0 0 0 0 0 0 0 0 0 0 0 0 0 0 0 0 0 0 0
0 0 0 0 0 0 0 0 0 0 0 0 0 0 0 0 0 0 0 0 0 0 0 0 0 0 0 0 0 0 0 0 0 0 0
0 0 0 0 0 0 0 0 0 0 0 0 0 0 0 0 0 0 0 0 0 0 0 0 0 0 0 0 0 0 0 0 0 0 0
0 0 0 0 0 0 0 0 0 0 0 0 0 0 0 0 0 0 0 0 0 0 0 0 0 0 0 0 0 0 0 0 0 0 0
0 0 0 0 0 0 0 0 0 0 0 0 0 0 0 0 0 0 0 0 0 0 0 0 0 0 0 0 0 0 0 0 0 0 0
0 0 0 0 0 0 0 0 0 0 0 0 0 0 0 0 0 0 0 0 0 0 0 0 0 0 0 0 0 0 0 0 0 0 0
0 0 0 0 0 0 0 0 0 0 0 0 0 0 0 0 0 0 0 0 0 0 0 0 0 0 0 0 0 0 0 0 0 0 0
0 0 0 0 0 0 0 0 0 0 0 0 0 0 0 0 0 0 0 0 0 0 0 0 0 0 0 0 0 0 0 0 0 0 0
0 0 0 0 0 0 0 0 0 0 0 0 0 0 0 0 0 0 0 0 0 0 0 0 0 0 0 0 0 0 0 0 0 0 0
0 0 0 0 0 0 0 0 0 0 0 0 0 0 0 0 0 0 0 0 0 0 0 0 0 0 0 0 0 0 0 0 0 0 0
0 0 0 0 0 0 0 0 0 0 0 0 0 0 0 0 0 0 0 0 0 0 0 0 0 0 0 0 0 0 0 0 0 0 0
0 0 0 0 0 0 0 0 0 0 0 0 0 0 0 0 0 0 0 0 0 0 0 0 0 0 0 0 0 0 0 0 0 0 0

1 0 -2 0 -1 0 -1 0 0 0 0 0 0 0 0 0 0 1 0 0 -1 -1 0 0 -2 0 0 -1 0 -2 -1 0 -2 -1 0
0 1 -1 0 -1 0 -1 0 0 0 0 0 0 0 0 0 0 1 0 0 0 -2 0 0 -2 0 0 -1 0 -2 0 0 -2 -1 0
0 0 0 0 0 0 0 0 0 0 0 0 0 0 0 0 0 0 0 0 -1 1 0 0 0 0 0 0 0 0 -1 0 0 1 0
0 0 0 0 0 0 0 0 0 0 0 0 0 0 0 0 0 0 0 0 0 0 0 0 0 0 0 0 0 0 0 0 0 1 0
0 0 -1 1 -1 -1 0 0 0 0 0 0 0 1 0 0 -1 0 0 0 0 -1 0 0 -1 0 0 -1 0 -1 0 0 -1 0 0
0 0 -1 0 0 0 -1 0 0 0 0 0 0 0 0 0 0 1 0 0 -1 0 0 0 -1 0 0 -1 0 -1 -1 0 -1 0 0
0 0 -1 0 -1 0 -1 0 0 0 0 0 0 0 0 0 0 1 0 0 0 -1 0 0 -1 0 0 -1 0 -1 0 -1 -1 0 0
0 0 -1 0 -1 0 0 0 0 0 0 0 0 -1 0 0 1 0 0 0 -1 0 0 0 -1 0 0 -1 0 -1 -1 -1 -1 0 0
0 0 0 0 0 0 -1 1 0 0 0 0 0 -1 -1 0 2 1 -1 -1 0 0 -1 -1 0 1 0 0 -1 0 0 0 0 0 -1
0 0 0 0 0 0 1 0 1 0 0 0 0 -2 0 0 2 -2 0 -1 0 0 0 -1 0 0 0 0 -1 0 0 0 0 0 -1
0 0 0 0 0 0 -1 0 0 1 0 0 0 -1 -1 0 2 1 -1 0 0 0 -1 -1 0 0 0 0 -1 0 0 0 0 0 -1
0 0 0 0 0 0 -2 0 0 0 1 0 0 -1 -1 0 2 2 -2 0 0 0 0 -1 0 -1 0 0 -1 0 0 0 0 0 -1
0 0 0 0 0 0 -2 0 0 0 0 1 0 -1 -1 0 2 2 -2 1 0 0 1 0 0 -1 0 0 0 0 0 0 0 0 0
0 0 0 0 0 0 0 0 0 0 0 0 0 0 0 0 0 0 0 1 0 0 0 0 0 0 0 0 0 0 0 0 0 0 0
0 0 0 0 0 0 0 0 0 0 0 0 0 0 0 0 0 0 0 0 0 0 1 0 0 0 0 0 0 0 0 0 0 0 0
0 0 0 0 0 0 0 0 0 0 0 0 0 0 0 0 0 0 0 0 0 0 0 0 0 1 0 0 0 0 0 0 0 0 0
0 0 0 0 0 0 0 0 0 0 0 0 0 0 0 0 0 0 0 0 0 0 0 0 0 0 0 1 0 0 0 0 0 0 0
0 0 1 0 1 1 0 0 0 0 0 0 0 0 0 0 0 0 0 0 0 0 0 0 0 0 0 1 0 0 0 2 0 0 0
0 0 0 0 0 0 0 0 0 0 0 0 1 -2 0 0 2 -1 0 0 0 2 0 0 1 0 -1 0 0 0 0 0 0 0 0
0 0 0 0 0 0 1 0 0 0 0 0 0 0 0 0 0 -1 0 0 2 0 0 0 1 0 -1 0 0 0 0 0 0 0 0
0 0 0 0 0 0 0 0 0 0 0 0 0 0 0 0 0 0 0 0 1 0 0 0 0 0 0 0 0 0 0 0 0 0 0
0 0 0 0 0 0 0 0 0 0 0 0 0 0 0 0 0 0 0 0 0 1 0 0 0 0 0 0 0 0 0 0 0 0 0
0 0 0 0 0 0 -1 0 0 0 0 0 0 0 0 0 0 1 -1 0 0 0 0 1 0 0 0 0 0 0 0 0 0 0 0
0 0 0 0 0 0 0 0 0 0 0 0 0 0 0 0 0 0 0 0 0 0 0 1 0 0 0 0 0 0 0 0 0 0 0
0 0 0 0 0 0 0 0 0 0 0 0 0 0 0 0 0 0 0 0 0 0 0 0 1 0 0 0 0 0 0 0 0 0 0
0 0 0 0 0 0 1 0 0 0 0 0 0 -1 0 1 0 -2 0 0 0 0 0 0 0 0 1 0 0 0 0 0 0 0 0
0 0 0 0 0 0 0 0 0 0 0 0 0 0 0 0 0 0 0 0 0 0 0 0 0 0 1 0 0 0 0 0 0 0 0
0 0 0 0 0 0 -2 0 0 0 0 0 0 0 -1 0 2 2 -2 0 0 0 0 0 0 0 0 0 1 0 0 0 0 0 0
0 0 0 0 0 0 0 0 0 0 0 0 0 0 0 0 0 0 0 0 0 0 0 0 0 0 0 0 1 0 0 0 0 0 0
0 0 0 0 0 0 0 0 0 0 0 0 0 0 0 0 0 0 0 0 0 0 0 0 0 0 0 0 0 1 0 0 0 0 0
0 0 1 0 0 0 0 0 0 0 0 0 0 0 0 0 0 0 0 0 0 0 0 0 0 0 0 0 0 1 2 0 0 0 0
0 0 1 0 1 0 2 0 0 0 0 0 0 0 0 0 0 -1 0 0 0 0 0 0 1 0 0 1 0 1 0 0 2 0 0
0 0 1 0 1 0 1 0 0 0 0 0 0 0 0 0 0 -1 0 0 0 0 0 0 1 0 0 1 0 1 0 0 2 0 0
0 0 0 0 0 0 3 0 0 0 0 0 0 -1 1 0 0 -4 2 0 0 0 0 0 0 0 0 0 0 0 0 0 0 0 1
0 0 0 0 0 0 0 0 0 0 0 0 0 0 0 0 0 0 0 0 0 0 0 0 0 0 0 0 0 0 0 0 0 0 1
