GM:(0,0,0)  F:(0,1/2,1)  L:(-1/2,1/2,1/2)  T:(0,0,3/2)
GM:(0,0,0)  F:(0,1/2,1)  L:(-1/2,1/2,1/2)  T:(0,0,3/2)
GM3  GM2  GM1  GM5  GM6  GM4  F1  F2  L1L1  L2L2  T3T3  T2T2  T1T1  T5T5  T6T6  T4T4
1 1 1 1 1 1 1 1 2 2 2 2 2 2 2 2
6a (3,3) 1E 2 1,6a (3,3) 2E 2 1,6a (3,3) A1 2 1,6a (3,3) 1E 2 1,6a (3,3) 2E 2 1,6a (3,3) E 2 1
2 0 0 0 0 0 2 0 1 0 1 0 0 0 0 0
0 2 0 0 0 0 2 0 1 0 0 1 0 0 0 0
0 0 2 0 0 0 2 0 1 0 0 0 1 0 0 0
0 0 0 2 0 0 0 2 0 1 0 0 0 1 0 0
0 0 0 0 2 0 0 2 0 1 0 0 0 0 1 0
0 0 0 0 0 2 0 2 0 1 0 0 0 0 0 1

0 0 0 0 0 0 0 0 0 0 1 0 0 0 0 0
0 0 0 0 0 0 0 0 0 0 0 1 0 0 0 0
0 0 0 0 0 0 0 0 0 0 0 0 1 0 0 0
0 0 0 0 0 0 0 0 0 0 0 0 0 1 0 0
0 0 0 0 0 0 0 0 0 0 0 0 0 0 1 0
0 0 0 0 0 0 0 0 0 0 0 0 0 0 0 1
-1 -1 -1 0 0 0 1 0 0 0 0 0 0 0 0 0
0 0 0 -1 -1 -1 0 1 0 0 0 0 0 0 0 0
-1 -1 -1 0 0 0 0 0 1 0 1 1 1 0 0 0
0 0 0 -1 -1 -1 0 0 0 1 0 0 0 1 1 1
-1 0 0 0 0 0 0 0 0 0 2 0 0 0 0 0
0 -1 0 0 0 0 0 0 0 0 0 2 0 0 0 0
0 0 -1 0 0 0 0 0 0 0 0 0 2 0 0 0
0 0 0 -1 0 0 0 0 0 0 0 0 0 2 0 0
0 0 0 0 -1 0 0 0 0 0 0 0 0 0 2 0
0 0 0 0 0 -1 0 0 0 0 0 0 0 0 0 2

1 0 0 0 0 0
0 1 0 0 0 0
0 0 1 0 0 0
0 0 0 1 0 0
0 0 0 0 1 0
0 0 0 0 0 1
0 0 0 0 0 0
0 0 0 0 0 0
0 0 0 0 0 0
0 0 0 0 0 0
0 0 0 0 0 0
0 0 0 0 0 0
0 0 0 0 0 0
0 0 0 0 0 0
0 0 0 0 0 0
0 0 0 0 0 0

1 0 0 0 0 0
0 1 0 0 0 0
0 0 1 0 0 0
0 0 0 1 0 0
0 0 0 0 1 0
0 0 0 0 0 1
