GM:(0,0,0)  M:(1/2,1/2,0)  R:(1/2,1/2,1/2)  X:(0,1/2,0)
GM:(0,0,0)  M:(1/2,1/2,0)  R:(1/2,1/2,1/2)  X:(0,1/2,0)
GM1  GM5  GM2  GM4  GM3  GM8  GM6  GM7  M1M4  M5  M2M3  M6M7  R3  R1R2  R4R5  R7R8  R6  X1  X2  X3X6  X4X5  X7
1 3 1 3 2 4 2 2 2 2 2 4 4 4 2 6 2 2 2 2 2 2
4a (321',32) A1 4 1;4a (321',32) A2 4 1;4a (321',32) E 8 1;4a (321',32) 1E2E 8 1;4a (321',32) E1 8 1;4b (321',32) A1 4 1;4b (321',32) A2 4 1;4b (321',32) E 8 1;4b (321',32) 1E2E 8 1;4b (321',32) E1 8 1
1 1 0 0 0 0 0 0 1 1 0 0 1 0 0 0 0 1 1 0 0 0
0 0 1 1 0 0 0 0 0 1 1 0 1 0 0 0 0 1 1 0 0 0
0 1 0 1 1 0 0 0 1 2 1 0 1 1 0 0 0 2 2 0 0 0
0 0 0 0 0 2 0 0 0 0 0 2 0 0 1 1 0 0 0 1 1 2
0 0 0 0 0 1 1 1 0 0 0 2 0 0 0 1 1 0 0 1 1 2
1 1 0 0 0 0 0 0 1 1 0 0 1 0 0 0 0 1 1 0 0 0
0 0 1 1 0 0 0 0 0 1 1 0 1 0 0 0 0 1 1 0 0 0
0 1 0 1 1 0 0 0 1 2 1 0 1 1 0 0 0 2 2 0 0 0
0 0 0 0 0 2 0 0 0 0 0 2 0 0 1 1 0 0 0 1 1 2
0 0 0 0 0 1 1 1 0 0 0 2 0 0 0 1 1 0 0 1 1 2

1 0 0 0 0 0 0 0 0 0 0 0 0 0 0 0 0 0 0 0 0 0
0 0 1 0 0 0 0 0 0 0 0 0 0 0 0 0 0 0 0 0 0 0
-1 1 0 0 0 0 0 0 0 0 0 0 0 0 0 0 0 0 0 0 0 0
0 0 0 0 0 0 0 0 0 0 0 0 0 0 1 0 0 0 0 0 0 0
0 0 0 0 0 1 0 0 0 0 0 0 0 0 -2 0 0 0 0 0 0 0
1 -1 0 0 1 0 0 0 0 0 0 0 0 0 0 0 0 0 0 0 0 0
0 0 0 0 0 -1 1 0 0 0 0 0 0 0 2 0 0 0 0 0 0 0
0 0 0 0 0 -1 0 1 0 0 0 0 0 0 2 0 0 0 0 0 0 0
0 -1 0 0 0 0 0 0 1 0 0 0 0 0 0 0 0 0 0 0 0 0
1 -2 -1 0 0 0 0 0 0 1 0 0 0 0 0 0 0 0 0 0 0 0
1 -1 -1 0 0 0 0 0 0 0 1 0 0 0 0 0 0 0 0 0 0 0
0 0 0 0 0 -2 0 0 0 0 0 1 0 0 2 0 0 0 0 0 0 0
0 -1 -1 0 0 0 0 0 0 0 0 0 1 0 0 0 0 0 0 0 0 0
1 -1 0 0 0 0 0 0 0 0 0 0 0 1 0 0 0 0 0 0 0 0
1 -1 -1 1 0 0 0 0 0 0 0 0 0 0 0 0 0 0 0 0 0 0
0 0 0 0 0 -1 0 0 0 0 0 0 0 0 1 1 0 0 0 0 0 0
0 0 0 0 0 -1 0 0 0 0 0 0 0 0 2 0 1 0 0 0 0 0
1 -2 -1 0 0 0 0 0 0 0 0 0 0 0 0 0 0 1 0 0 0 0
1 -2 -1 0 0 0 0 0 0 0 0 0 0 0 0 0 0 0 1 0 0 0
0 0 0 0 0 -1 0 0 0 0 0 0 0 0 1 0 0 0 0 1 0 0
0 0 0 0 0 -1 0 0 0 0 0 0 0 0 1 0 0 0 0 0 1 0
0 0 0 0 0 -2 0 0 0 0 0 0 0 0 2 0 0 0 0 0 0 1

1 0 0 0 0 0 0 0 0 0
0 1 0 0 0 0 0 0 0 0
0 0 1 0 0 0 0 0 0 0
0 0 0 1 0 0 0 0 0 0
0 0 0 0 1 0 0 0 0 0
0 0 0 0 0 0 0 0 0 0
0 0 0 0 0 0 0 0 0 0
0 0 0 0 0 0 0 0 0 0
0 0 0 0 0 0 0 0 0 0
0 0 0 0 0 0 0 0 0 0
0 0 0 0 0 0 0 0 0 0
0 0 0 0 0 0 0 0 0 0
0 0 0 0 0 0 0 0 0 0
0 0 0 0 0 0 0 0 0 0
0 0 0 0 0 0 0 0 0 0
0 0 0 0 0 0 0 0 0 0
0 0 0 0 0 0 0 0 0 0
0 0 0 0 0 0 0 0 0 0
0 0 0 0 0 0 0 0 0 0
0 0 0 0 0 0 0 0 0 0
0 0 0 0 0 0 0 0 0 0
0 0 0 0 0 0 0 0 0 0

1 0 0 0 0 -1 0 0 0 0
0 1 0 0 0 0 -1 0 0 0
0 0 1 0 0 0 0 -1 0 0
0 0 0 1 0 0 0 0 -1 0
0 0 0 0 1 0 0 0 0 -1
0 0 0 0 0 1 0 0 0 0
0 0 0 0 0 0 1 0 0 0
0 0 0 0 0 0 0 1 0 0
0 0 0 0 0 0 0 0 1 0
0 0 0 0 0 0 0 0 0 1
