GM:(0,0,0)  M:(1/2,1/2,0)  R:(1/2,1/2,1/2)  X:(0,1/2,0)
GM:(0,0,0)  M:(1/2,1/2,0)  R:(1/2,1/2,1/2)  X:(0,1/2,0)
GM2+  GM2-  GM3+  GM3-  GM1+  GM1-  GM4+  GM4-  GM7  GM10  GM6  GM9  GM5  GM8  M1  M2  M3  M4  R2-R2+  R3-R3+  R1-R1+  R4-R4+  R10R7  R6R9  R5R8  X1  X2X2  X3X4
1 1 1 1 1 1 3 3 2 2 2 2 2 2 2 2 2 2 2 2 2 6 4 4 4 2 4 4
2a (4'32',23) 1E 2 1;2a (4'32',23) 2E 2 1;2a (4'32',23) A 2 1;2a (4'32',23) T 6 1;2a (4'32',23) 1F 4 1;2a (4'32',23) 2F 4 1;2a (4'32',23) E 4 1;6b (4'22',222) A1 6 1;6b (4'22',222) B1 6 1;6b (4'22',222) B2B3 2 0;6b (4'22',222) E 2 0;8c (3,3) 1Eg 8 1;8c (3,3) 1Eu 8 1;8c (3,3) 2Eg 8 1;8c (3,3) 2Eu 8 1;8c (3,3) Ag 8 1;8c (3,3) Au 8 1;8c (3,3) 1Eg 8 0;8c (3,3) 1Eu 8 0;8c (3,3) 2Eg 8 0;8c (3,3) 2Eu 8 0;8c (3,3). Eg 8 0;8c (3,3). Eu 8 0;12d (4',2) A 2 0
1 1 0 0 0 0 0 0 0 0 0 0 0 0 1 0 0 0 1 0 0 0 0 0 0 1 0 0
0 0 1 1 0 0 0 0 0 0 0 0 0 0 1 0 0 0 0 1 0 0 0 0 0 1 0 0
0 0 0 0 1 1 0 0 0 0 0 0 0 0 1 0 0 0 0 0 1 0 0 0 0 1 0 0
0 0 0 0 0 0 1 1 0 0 0 0 0 0 1 2 0 0 0 0 0 1 0 0 0 1 1 0
0 0 0 0 0 0 0 0 1 1 0 0 0 0 0 0 1 1 0 0 0 0 1 0 0 0 0 1
0 0 0 0 0 0 0 0 0 0 1 1 0 0 0 0 1 1 0 0 0 0 0 1 0 0 0 1
0 0 0 0 0 0 0 0 0 0 0 0 1 1 0 0 1 1 0 0 0 0 0 0 1 0 0 1
1 1 1 1 1 1 0 0 0 0 0 0 0 0 1 2 0 0 0 0 0 1 0 0 0 3 0 0
0 0 0 0 0 0 1 1 0 0 0 0 0 0 3 0 0 0 1 1 1 0 0 0 0 1 1 0
0 0 0 0 0 0 2 2 0 0 0 0 0 0 2 4 0 0 0 0 0 2 0 0 0 2 2 0
0 0 0 0 0 0 0 0 1 1 1 1 1 1 0 0 3 3 0 0 0 0 1 1 1 0 0 3
0 0 2 0 0 0 2 0 0 0 0 0 0 0 2 2 0 0 0 1 0 1 0 0 0 2 1 0
0 0 0 2 0 0 0 2 0 0 0 0 0 0 2 2 0 0 0 1 0 1 0 0 0 2 1 0
2 0 0 0 0 0 2 0 0 0 0 0 0 0 2 2 0 0 1 0 0 1 0 0 0 2 1 0
0 2 0 0 0 0 0 2 0 0 0 0 0 0 2 2 0 0 1 0 0 1 0 0 0 2 1 0
0 0 0 0 2 0 2 0 0 0 0 0 0 0 2 2 0 0 0 0 1 1 0 0 0 2 1 0
0 0 0 0 0 2 0 2 0 0 0 0 0 0 2 2 0 0 0 0 1 1 0 0 0 2 1 0
0 0 0 0 0 0 0 0 2 0 0 0 2 0 0 0 2 2 0 0 0 0 1 0 1 0 0 2
0 0 0 0 0 0 0 0 0 2 0 0 0 2 0 0 2 2 0 0 0 0 1 0 1 0 0 2
0 0 0 0 0 0 0 0 0 0 2 0 2 0 0 0 2 2 0 0 0 0 0 1 1 0 0 2
0 0 0 0 0 0 0 0 0 0 0 2 0 2 0 0 2 2 0 0 0 0 0 1 1 0 0 2
0 0 0 0 0 0 0 0 2 0 2 0 0 0 0 0 2 2 0 0 0 0 1 1 0 0 0 2
0 0 0 0 0 0 0 0 0 2 0 2 0 0 0 0 2 2 0 0 0 0 1 1 0 0 0 2
1 1 1 1 1 1 1 1 0 0 0 0 0 0 2 4 0 0 0 0 0 2 0 0 0 4 1 0

0 -1 1 -1 1 -1 -2 0 0 0 0 0 0 0 0 0 0 0 2 0 0 1 0 0 0 0 1 0
0 -2 1 0 1 -1 -2 0 0 0 0 0 0 0 0 0 0 0 2 0 0 1 0 0 0 0 1 0
0 -2 1 -1 1 0 -2 0 0 0 0 0 0 0 0 0 0 0 2 0 0 1 0 0 0 0 1 0
-1 1 -1 1 -1 1 1 0 0 0 0 0 0 0 0 0 0 0 0 0 0 0 0 0 0 0 0 0
0 0 0 0 0 0 0 0 0 1 0 0 0 0 0 0 0 0 0 0 0 0 0 0 0 0 0 0
0 0 0 0 0 0 0 0 -1 -1 -1 0 -1 -1 0 0 2 0 0 0 0 0 0 0 0 0 0 0
0 0 0 0 0 0 0 0 0 0 0 0 0 1 0 0 0 0 0 0 0 0 0 0 0 0 0 0
1 -1 1 -1 1 -1 -2 0 0 0 0 0 0 0 0 0 0 0 0 0 0 1 0 0 0 0 1 0
1 0 1 -1 0 -1 -1 0 0 0 0 0 0 0 0 0 0 0 -1 0 1 0 0 0 0 0 1 0
1 -2 1 -1 1 -1 -2 0 0 0 0 0 0 0 0 0 0 0 1 0 0 1 0 0 0 0 1 0
1 -1 1 -1 1 -2 -2 0 0 0 0 0 0 0 0 0 0 0 0 0 1 1 0 0 0 0 1 0
0 0 0 0 0 0 0 0 1 0 0 0 0 0 0 0 -1 0 0 0 0 0 0 1 1 0 0 0
0 0 0 0 0 0 0 0 1 1 1 0 1 1 0 0 -2 0 0 0 0 0 0 1 0 0 0 0
0 0 0 0 0 0 0 0 1 0 1 0 0 1 0 0 -1 0 0 0 0 0 0 0 0 0 0 0
1 0 0 -1 0 -1 -1 0 0 0 0 0 0 0 1 0 0 0 -2 0 0 0 0 0 0 0 0 0
0 -2 1 -1 1 -1 -2 0 0 0 0 0 0 0 0 1 0 0 2 0 0 0 0 0 0 0 0 0
0 0 0 0 0 0 0 0 1 1 1 1 1 1 0 0 -2 0 0 0 0 0 0 0 0 0 0 0
0 0 0 0 0 0 0 0 0 0 0 0 0 0 0 0 -1 1 0 0 0 0 0 0 0 0 0 0
1 -1 1 -1 1 -1 -1 1 0 0 0 0 0 0 0 0 0 0 0 0 0 0 0 0 0 0 0 0
1 0 0 -1 0 -1 -1 0 0 0 0 0 0 0 0 0 0 0 -1 1 1 1 0 0 0 0 0 0
1 1 0 0 -1 -1 0 0 0 0 0 0 0 0 0 0 0 0 -2 0 2 0 0 0 0 0 0 0
0 -2 1 -1 1 -1 -2 0 0 0 0 0 0 0 0 0 0 0 2 0 0 2 0 0 0 0 0 0
0 0 0 0 0 0 0 0 0 0 0 0 0 0 0 0 -1 0 0 0 0 0 1 1 1 0 0 0
0 0 0 0 0 0 0 0 1 1 0 0 1 1 0 0 -2 0 0 0 0 0 0 2 0 0 0 0
0 0 0 0 0 0 0 0 0 0 0 0 -1 -1 0 0 0 0 0 0 0 0 0 0 2 0 0 0
0 -1 0 -1 0 -1 -1 0 0 0 0 0 0 0 0 0 0 0 0 0 0 0 0 0 0 1 0 0
1 -1 1 -1 1 -1 -2 0 0 0 0 0 0 0 0 0 0 0 0 0 0 0 0 0 0 0 2 0
0 0 0 0 0 0 0 0 0 0 0 0 0 0 0 0 -1 0 0 0 0 0 0 0 0 0 0 1

1 0 0 0 0 0 0 0 0 0 0 0 0 0 0 0 0 0 0 0 0 0 0 0
0 1 0 0 0 0 0 0 0 0 0 0 0 0 0 0 0 0 0 0 0 0 0 0
0 0 1 0 0 0 0 0 0 0 0 0 0 0 0 0 0 0 0 0 0 0 0 0
0 0 0 1 0 0 0 0 0 0 0 0 0 0 0 0 0 0 0 0 0 0 0 0
0 0 0 0 1 0 0 0 0 0 0 0 0 0 0 0 0 0 0 0 0 0 0 0
0 0 0 0 0 1 0 0 0 0 0 0 0 0 0 0 0 0 0 0 0 0 0 0
0 0 0 0 0 0 1 0 0 0 0 0 0 0 0 0 0 0 0 0 0 0 0 0
0 0 0 0 0 0 0 1 0 0 0 0 0 0 0 0 0 0 0 0 0 0 0 0
0 0 0 0 0 0 0 0 1 0 0 0 0 0 0 0 0 0 0 0 0 0 0 0
0 0 0 0 0 0 0 0 0 1 0 0 0 0 0 0 0 0 0 0 0 0 0 0
0 0 0 0 0 0 0 0 0 0 1 0 0 0 0 0 0 0 0 0 0 0 0 0
0 0 0 0 0 0 0 0 0 0 0 1 0 0 0 0 0 0 0 0 0 0 0 0
0 0 0 0 0 0 0 0 0 0 0 0 1 0 0 0 0 0 0 0 0 0 0 0
0 0 0 0 0 0 0 0 0 0 0 0 0 2 0 0 0 0 0 0 0 0 0 0
0 0 0 0 0 0 0 0 0 0 0 0 0 0 0 0 0 0 0 0 0 0 0 0
0 0 0 0 0 0 0 0 0 0 0 0 0 0 0 0 0 0 0 0 0 0 0 0
0 0 0 0 0 0 0 0 0 0 0 0 0 0 0 0 0 0 0 0 0 0 0 0
0 0 0 0 0 0 0 0 0 0 0 0 0 0 0 0 0 0 0 0 0 0 0 0
0 0 0 0 0 0 0 0 0 0 0 0 0 0 0 0 0 0 0 0 0 0 0 0
0 0 0 0 0 0 0 0 0 0 0 0 0 0 0 0 0 0 0 0 0 0 0 0
0 0 0 0 0 0 0 0 0 0 0 0 0 0 0 0 0 0 0 0 0 0 0 0
0 0 0 0 0 0 0 0 0 0 0 0 0 0 0 0 0 0 0 0 0 0 0 0
0 0 0 0 0 0 0 0 0 0 0 0 0 0 0 0 0 0 0 0 0 0 0 0
0 0 0 0 0 0 0 0 0 0 0 0 0 0 0 0 0 0 0 0 0 0 0 0
0 0 0 0 0 0 0 0 0 0 0 0 0 0 0 0 0 0 0 0 0 0 0 0
0 0 0 0 0 0 0 0 0 0 0 0 0 0 0 0 0 0 0 0 0 0 0 0
0 0 0 0 0 0 0 0 0 0 0 0 0 0 0 0 0 0 0 0 0 0 0 0
0 0 0 0 0 0 0 0 0 0 0 0 0 0 0 0 0 0 0 0 0 0 0 0

1 0 0 0 0 0 0 0 0 0 0 0 0 0 -2 0 0 -1 0 0 0 0 0 0
0 1 0 0 0 0 0 0 0 0 0 0 0 0 0 0 0 -1 0 -2 0 0 0 0
0 0 1 0 0 0 0 0 0 0 0 0 0 0 0 0 -2 -1 0 0 0 0 0 0
0 0 0 1 0 0 0 0 0 0 0 0 0 0 -2 0 -2 -1 0 -2 0 -2 0 -1
0 0 0 0 1 0 0 0 0 0 0 0 0 0 0 -1 0 0 -2 0 0 0 -2 0
0 0 0 0 0 1 0 0 0 0 0 0 0 0 0 -1 0 0 0 0 -2 0 -2 0
0 0 0 0 0 0 1 0 0 0 0 0 0 0 0 -1 0 0 -2 0 -2 0 0 0
0 0 0 0 0 0 0 1 0 0 0 0 0 0 0 0 0 1 0 0 0 0 0 -1
0 0 0 0 0 0 0 0 0 0 0 0 0 0 0 0 0 1 0 0 0 0 0 0
0 0 0 0 0 0 0 0 0 0 0 0 0 0 0 0 0 0 0 0 0 1 0 0
0 0 0 0 0 0 0 0 0 0 0 0 0 0 0 1 0 0 0 0 0 0 0 0
0 0 0 0 0 0 0 0 1 0 0 0 0 0 0 0 0 0 0 1 0 0 0 0
0 0 0 0 0 0 0 0 0 0 0 0 0 0 0 0 0 0 0 1 0 0 0 0
0 0 0 0 0 0 0 0 0 1 0 0 0 0 1 0 0 0 0 0 0 0 0 0
0 0 0 0 0 0 0 0 0 0 0 0 0 0 1 0 0 0 0 0 0 0 0 0
0 0 0 0 0 0 0 0 0 0 1 0 0 0 0 0 1 0 0 0 0 0 0 0
0 0 0 0 0 0 0 0 0 0 0 0 0 0 0 0 1 0 0 0 0 0 0 0
0 0 0 0 0 0 0 0 0 0 0 1 0 -1 0 0 0 0 1 0 0 0 0 0
0 0 0 0 0 0 0 0 0 0 0 0 0 0 0 0 0 0 1 0 0 0 0 0
0 0 0 0 0 0 0 0 0 0 0 0 1 -1 0 0 0 0 0 0 1 0 0 0
0 0 0 0 0 0 0 0 0 0 0 0 0 0 0 0 0 0 0 0 1 0 0 0
0 0 0 0 0 0 0 0 0 0 0 0 0 1 0 0 0 0 0 0 0 0 1 0
0 0 0 0 0 0 0 0 0 0 0 0 0 0 0 0 0 0 0 0 0 0 1 0
0 0 0 0 0 0 0 0 0 0 0 0 0 0 0 0 0 0 0 0 0 0 0 1
