GM:(0,0,0)  R:(1/2,0,1/2)  S:(0,1/2,1/2)  T:(1/2,1/2,0)  W:(1/2,1/2,1/2)  X:(1,1,1)
GM:(0,0,0)  R:(1/2,0,1/2)  S:(0,1/2,1/2)  T:(1/2,1/2,0)  W:(1/2,1/2,1/2)  X:(1,1,1)
GM1  GM2  GM4  GM3  GM5  R1  R2  R3R4  S1  S2  S3S4  T1  T2  T3T4  W1  W2  W3  W4  X1  X2  X4  X3  X5
1 1 1 1 2 1 1 2 1 1 2 1 1 2 1 1 1 1 1 1 1 1 2
2a (mm21',mm2) A1 1 1,2a (mm21',mm2) A2 1 1,2a (mm21',mm2) B1 1 1,2a (mm21',mm2) B2 1 1,2a (mm21',mm2) E 2 1,2b (mm21',mm2) A1 1 1,2b (mm21',mm2) A2 1 1,2b (mm21',mm2) B1 1 1,2b (mm21',mm2) B2 1 1,2b (mm21',mm2) E 2 1
1 0 0 0 0 1 0 0 1 0 0 1 0 0 1 0 0 0 1 0 0 0 0
0 1 0 0 0 0 1 0 0 1 0 1 0 0 1 0 0 0 0 1 0 0 0
0 0 1 0 0 1 0 0 0 1 0 0 1 0 0 1 0 0 0 0 1 0 0
0 0 0 1 0 0 1 0 1 0 0 0 1 0 0 1 0 0 0 0 0 1 0
0 0 0 0 1 0 0 1 0 0 1 0 0 1 0 0 1 1 0 0 0 0 1
1 0 0 0 0 1 0 0 1 0 0 0 1 0 0 1 0 0 1 0 0 0 0
0 1 0 0 0 0 1 0 0 1 0 0 1 0 0 1 0 0 0 1 0 0 0
0 0 1 0 0 1 0 0 0 1 0 1 0 0 1 0 0 0 0 0 1 0 0
0 0 0 1 0 0 1 0 1 0 0 1 0 0 1 0 0 0 0 0 0 1 0
0 0 0 0 1 0 0 1 0 0 1 0 0 1 0 0 1 1 0 0 0 0 1

0 -1 0 0 0 0 0 0 0 0 0 1 0 0 0 0 0 0 0 0 0 0 0
0 1 0 0 0 0 0 0 0 0 0 0 0 0 0 0 0 0 0 0 0 0 0
0 0 1 0 0 0 0 0 0 0 0 0 0 0 0 0 0 0 0 0 0 0 0
0 0 0 1 0 0 0 0 0 0 0 0 0 0 0 0 0 0 0 0 0 0 0
0 0 0 0 1 0 0 0 0 0 0 0 0 0 0 0 0 0 0 0 0 0 0
1 1 0 0 0 0 0 0 0 0 0 -1 0 0 0 0 0 0 0 0 0 0 0
0 -1 0 -1 0 0 1 0 0 0 0 0 0 0 0 0 0 0 0 0 0 0 0
0 0 0 0 -1 0 0 1 0 0 0 0 0 0 0 0 0 0 0 0 0 0 0
-1 0 0 -1 0 0 0 0 1 0 0 0 0 0 0 0 0 0 0 0 0 0 0
0 -1 -1 0 0 0 0 0 0 1 0 0 0 0 0 0 0 0 0 0 0 0 0
0 0 0 0 -1 0 0 0 0 0 1 0 0 0 0 0 0 0 0 0 0 0 0
-1 0 -1 0 0 1 0 0 0 0 0 0 0 0 0 0 0 0 0 0 0 0 0
-1 -1 -1 -1 0 0 0 0 0 0 0 1 1 0 0 0 0 0 0 0 0 0 0
0 0 0 0 -1 0 0 0 0 0 0 0 0 1 0 0 0 0 0 0 0 0 0
0 0 0 0 0 0 0 0 0 0 0 -1 0 0 1 0 0 0 0 0 0 0 0
-1 -1 -1 -1 0 0 0 0 0 0 0 1 0 0 0 1 0 0 0 0 0 0 0
0 0 0 0 -1 0 0 0 0 0 0 0 0 0 0 0 1 0 0 0 0 0 0
0 0 0 0 -1 0 0 0 0 0 0 0 0 0 0 0 0 1 0 0 0 0 0
-1 0 0 0 0 0 0 0 0 0 0 0 0 0 0 0 0 0 1 0 0 0 0
0 -1 0 0 0 0 0 0 0 0 0 0 0 0 0 0 0 0 0 1 0 0 0
0 0 -1 0 0 0 0 0 0 0 0 0 0 0 0 0 0 0 0 0 1 0 0
0 0 0 -1 0 0 0 0 0 0 0 0 0 0 0 0 0 0 0 0 0 1 0
0 0 0 0 -1 0 0 0 0 0 0 0 0 0 0 0 0 0 0 0 0 0 1

1 0 0 0 0 0 0 0 0 0
0 1 0 0 0 0 0 0 0 0
0 0 1 0 0 0 0 0 0 0
0 0 0 1 0 0 0 0 0 0
0 0 0 0 1 0 0 0 0 0
0 0 0 0 0 1 0 0 0 0
0 0 0 0 0 0 0 0 0 0
0 0 0 0 0 0 0 0 0 0
0 0 0 0 0 0 0 0 0 0
0 0 0 0 0 0 0 0 0 0
0 0 0 0 0 0 0 0 0 0
0 0 0 0 0 0 0 0 0 0
0 0 0 0 0 0 0 0 0 0
0 0 0 0 0 0 0 0 0 0
0 0 0 0 0 0 0 0 0 0
0 0 0 0 0 0 0 0 0 0
0 0 0 0 0 0 0 0 0 0
0 0 0 0 0 0 0 0 0 0
0 0 0 0 0 0 0 0 0 0
0 0 0 0 0 0 0 0 0 0
0 0 0 0 0 0 0 0 0 0
0 0 0 0 0 0 0 0 0 0
0 0 0 0 0 0 0 0 0 0

1 0 0 0 0 0 1 -1 -1 0
0 1 0 0 0 0 -1 0 0 0
0 0 1 0 0 0 0 -1 0 0
0 0 0 1 0 0 0 0 -1 0
0 0 0 0 1 0 0 0 0 -1
0 0 0 0 0 1 -1 1 1 0
0 0 0 0 0 0 1 0 0 0
0 0 0 0 0 0 0 1 0 0
0 0 0 0 0 0 0 0 1 0
0 0 0 0 0 0 0 0 0 1
