GM:(0,0,0)  M:(1,1,1)  N:(1/2,0,1/2)  P:(1/2,1/2,1/2)  X:(1/2,1/2,0)
GM:(0,0,0)  M:(1,1,1)  N:(1/2,0,1/2)  P:(1/2,1/2,1/2)  X:(1/2,1/2,0)
GM1  GM2  GM3  GM4  GM6  GM7  GM5  M5  M6M7  M1M2  M3M4  N1N2  N3N3  N4N4  P1P1  P2P2  P3P3  P4P4  P5P5  X1X3  X2X4  X5X5
1 1 1 1 2 2 2 2 4 2 2 2 2 2 4 2 2 2 2 2 2 4
8a (4',2) A 4 1,8a (4',2) 1E2E 8 1,8b (222,222) A1 4 1,8b (222,222) B1 4 1,8b (222,222) B2 4 1,8b (222,222) B3 4 1,8b (222,222) E 8 1,16c (1',1) A 8 0,16e (2,2) A 8 0,16e (2,2) B 8 0,16e (2,2) 1E 8 1,16e (2,2) 2E 8 1
1 1 1 1 0 0 0 2 0 0 0 2 0 0 1 0 0 0 0 1 1 0
0 0 0 0 2 2 0 0 2 0 0 0 2 2 0 1 1 1 1 0 0 2
2 0 0 2 0 0 0 2 0 0 0 2 0 0 1 0 0 0 0 2 0 0
0 2 2 0 0 0 0 2 0 0 0 2 0 0 1 0 0 0 0 0 2 0
0 0 0 0 0 0 2 0 0 1 1 2 0 0 1 0 0 0 0 1 1 0
0 0 0 0 0 0 2 0 0 1 1 2 0 0 1 0 0 0 0 1 1 0
0 0 0 0 2 2 0 0 2 0 0 0 2 2 0 1 1 1 1 0 0 2
1 1 1 1 0 0 2 2 0 1 1 4 0 0 2 0 0 0 0 2 2 0
2 2 0 0 0 0 2 2 0 2 0 4 0 0 2 0 0 0 0 2 2 0
0 0 2 2 0 0 2 2 0 0 2 4 0 0 2 0 0 0 0 2 2 0
0 0 0 0 2 2 0 0 2 0 0 0 3 1 0 2 1 0 1 0 0 2
0 0 0 0 2 2 0 0 2 0 0 0 1 3 0 0 1 2 1 0 0 2

0 1 0 0 0 0 1 0 0 -2 0 0 0 0 0 0 0 0 0 0 0 0
0 0 0 0 0 1 0 0 0 0 0 0 0 0 0 -1 0 0 0 0 0 0
0 -1 0 0 0 0 -1 0 0 1 0 0 0 0 1 0 0 0 0 0 0 0
0 0 0 0 0 0 1 0 0 -1 0 0 0 0 0 0 0 0 0 0 0 0
0 0 0 0 0 -1 0 0 0 0 0 0 0 0 0 1 0 0 1 0 0 0
0 0 0 0 0 -2 1 0 0 -2 0 0 0 0 0 2 0 0 2 0 0 0
0 0 0 0 1 -1 0 0 0 0 0 0 0 0 0 0 0 0 0 0 0 0
-1 -1 0 0 0 0 -1 1 0 2 0 0 0 0 0 0 0 0 0 0 0 0
0 0 0 0 0 -1 0 0 1 0 0 0 0 0 0 0 0 0 0 0 0 0
-1 0 0 1 0 0 -1 0 0 2 0 0 0 0 0 0 0 0 0 0 0 0
0 0 0 0 0 0 -1 0 0 1 1 0 0 0 0 0 0 0 0 0 0 0
-1 -1 0 0 0 0 -2 0 0 2 0 1 0 0 0 0 0 0 0 0 0 0
0 0 0 0 0 -1 0 0 0 0 0 0 1 0 0 -1 0 0 1 0 0 0
0 0 0 0 0 -2 0 0 0 0 0 0 0 1 0 1 0 0 1 0 0 0
-1 -1 0 0 0 0 -2 0 0 2 0 0 0 0 2 0 0 0 0 0 0 0
0 -1 1 0 0 0 -1 0 0 2 0 0 0 0 0 0 0 0 0 0 0 0
0 0 0 0 0 -1 0 0 0 0 0 0 0 0 0 0 1 0 1 0 0 0
0 0 0 0 0 -1 0 0 0 0 0 0 0 0 0 1 0 1 0 0 0 0
0 0 0 0 0 -1 0 0 0 0 0 0 0 0 0 0 0 0 2 0 0 0
-1 0 0 0 0 0 -1 0 0 1 0 0 0 0 0 0 0 0 0 1 0 0
0 -1 0 0 0 0 -1 0 0 1 0 0 0 0 0 0 0 0 0 0 1 0
0 0 0 0 0 -1 0 0 0 0 0 0 0 0 0 0 0 0 0 0 0 1

1 0 0 0 0 0 0 0 0 0 0 0
0 1 0 0 0 0 0 0 0 0 0 0
0 0 1 0 0 0 0 0 0 0 0 0
0 0 0 1 0 0 0 0 0 0 0 0
0 0 0 0 1 0 0 0 0 0 0 0
0 0 0 0 0 2 0 0 0 0 0 0
0 0 0 0 0 0 0 0 0 0 0 0
0 0 0 0 0 0 0 0 0 0 0 0
0 0 0 0 0 0 0 0 0 0 0 0
0 0 0 0 0 0 0 0 0 0 0 0
0 0 0 0 0 0 0 0 0 0 0 0
0 0 0 0 0 0 0 0 0 0 0 0
0 0 0 0 0 0 0 0 0 0 0 0
0 0 0 0 0 0 0 0 0 0 0 0
0 0 0 0 0 0 0 0 0 0 0 0
0 0 0 0 0 0 0 0 0 0 0 0
0 0 0 0 0 0 0 0 0 0 0 0
0 0 0 0 0 0 0 0 0 0 0 0
0 0 0 0 0 0 0 0 0 0 0 0
0 0 0 0 0 0 0 0 0 0 0 0
0 0 0 0 0 0 0 0 0 0 0 0
0 0 0 0 0 0 0 0 0 0 0 0

1 0 0 0 0 0 0 -1 -2 -2 0 0
0 1 0 0 0 0 -1 0 0 0 0 -2
0 0 1 0 0 0 0 0 1 0 0 0
0 0 0 0 0 0 0 0 1 0 0 0
0 0 0 1 0 0 0 -1 0 -2 -1 0
0 0 0 0 0 0 0 0 0 0 1 0
0 0 0 0 0 0 1 0 0 0 0 0
0 0 0 0 0 0 0 1 0 0 0 0
0 0 0 0 1 -1 0 0 0 1 0 0
0 0 0 0 0 0 0 0 0 1 0 0
0 0 0 0 1 0 0 0 0 0 0 1
0 0 0 0 0 0 0 0 0 0 0 1
