GM:(0,0,0)  L:(1/2,1/2,1/2)  W:(1/2,1,0)  X:(0,1,0)
GM:(0,0,0)  L:(1/2,1/2,1/2)  W:(1/2,1,0)  X:(0,1,0)
GM3  GM1  GM2  GM4  GM5  GM8  GM6  GM7  L3  L1L2  L4  L5  L6  W1  W2  W3W5  W4  X5  X1  X2  X3  X4  X6  X7
2 1 1 3 3 4 2 2 2 2 1 1 2 2 1 2 1 2 1 1 1 1 2 2
16a (23,23) 1E 4 0;16a (23,23) 2E 4 0;16a (23,23) A 4 0;16a (23,23) T 2 0;16a (23,23) 1F 8 0;16a (23,23) 2F 8 0;16a (23,23) E 8 0;32b (32,32) A1 8 0;32b (32,32) A2 8 0;32b (32,32) 1E 8 0;32b (32,32) 2E 8 0;32c (32',3) 1E 8 0;32c (32',3) 2E 8 0;32c (32',3) A1 8 0;32c (32',3) 1E 8 0;32c (32',3) 2E 8 0;32c (32',3) E 8 0;48d (2'2'2,2) A 2 0;48d (2'2'2,2) B 2 0;48d (2'2'2,2) 1E 2 0;48d (2'2'2,2) 2E 2 0;48e (2'2'2,2) A 2 0;48e (2'2'2,2) B 2 0;48e (2'2'2,2) 1E 2 0;48e (2'2'2,2) 2E 2 0;48f (2'2'2,2) A 2 0;48f (2'2'2,2) B 2 0;48f (2'2'2,2) 1E 2 0;48f (2'2'2,2) 2E 2 0
2 0 0 0 0 0 0 0 2 0 0 0 0 2 0 0 0 2 0 0 0 0 0 0
2 0 0 0 0 0 0 0 2 0 0 0 0 2 0 0 0 2 0 0 0 0 0 0
0 2 2 0 0 0 0 0 0 2 0 0 0 2 0 0 0 2 0 0 0 0 0 0
0 0 0 2 2 0 0 0 4 2 0 0 0 6 0 0 0 2 2 2 2 2 0 0
0 0 0 0 0 2 0 0 0 0 2 2 2 0 2 2 2 0 0 0 0 0 2 2
0 0 0 0 0 2 0 0 0 0 2 2 2 0 2 2 2 0 0 0 0 0 2 2
0 0 0 0 0 0 2 2 0 0 0 0 4 0 2 2 2 0 0 0 0 0 2 2
0 2 0 0 2 0 0 0 2 2 0 0 0 4 0 0 0 2 0 2 2 0 0 0
0 0 2 2 0 0 0 0 2 2 0 0 0 4 0 0 0 2 2 0 0 2 0 0
0 0 0 0 0 2 0 0 0 0 4 0 2 0 4 2 0 0 0 0 0 0 2 2
0 0 0 0 0 2 0 0 0 0 0 4 2 0 0 2 4 0 0 0 0 0 2 2
1 0 0 1 1 0 0 0 3 1 0 0 0 4 0 0 0 2 1 1 1 1 0 0
1 0 0 1 1 0 0 0 3 1 0 0 0 4 0 0 0 2 1 1 1 1 0 0
0 1 1 1 1 0 0 0 2 2 0 0 0 4 0 0 0 2 1 1 1 1 0 0
0 0 0 0 0 1 1 1 0 0 1 1 3 0 2 2 2 0 0 0 0 0 2 2
0 0 0 0 0 1 1 1 0 0 1 1 3 0 2 2 2 0 0 0 0 0 2 2
0 0 0 0 0 2 0 0 0 0 2 2 2 0 2 2 2 0 0 0 0 0 2 2
2 1 1 1 1 0 0 0 4 2 0 0 0 6 0 0 0 4 1 1 1 1 0 0
0 0 0 2 2 0 0 0 4 2 0 0 0 6 0 0 0 2 2 2 2 2 0 0
0 0 0 0 0 2 1 1 0 0 2 2 4 0 3 3 3 0 0 0 0 0 3 3
0 0 0 0 0 2 1 1 0 0 2 2 4 0 3 3 3 0 0 0 0 0 3 3
1 1 0 1 2 0 0 0 4 2 0 0 0 6 0 0 0 3 1 2 2 1 0 0
1 0 1 2 1 0 0 0 4 2 0 0 0 6 0 0 0 3 2 1 1 2 0 0
0 0 0 0 0 2 1 1 0 0 1 3 4 0 2 3 4 0 0 0 0 0 3 3
0 0 0 0 0 2 1 1 0 0 3 1 4 0 4 3 2 0 0 0 0 0 3 3
1 1 0 1 2 0 0 0 4 2 0 0 0 6 0 0 0 3 1 2 2 1 0 0
1 0 1 2 1 0 0 0 4 2 0 0 0 6 0 0 0 3 2 1 1 2 0 0
0 0 0 0 0 2 1 1 0 0 1 3 4 0 2 3 4 0 0 0 0 0 3 3
0 0 0 0 0 2 1 1 0 0 3 1 4 0 4 3 2 0 0 0 0 0 3 3

1 0 0 0 0 0 0 0 0 0 0 0 0 0 0 0 0 0 0 0 0 0 0 0
0 1 0 1 -1 0 0 0 0 0 0 0 0 0 0 0 0 0 0 0 0 0 0 0
0 0 0 0 0 -1 0 0 0 0 1 0 0 0 0 0 0 0 0 0 0 0 0 0
1 1 0 0 -1 1 0 0 0 0 0 0 0 0 0 0 0 0 0 0 0 0 0 0
1 1 0 0 -1 -1 1 0 0 0 1 0 0 0 0 0 0 0 0 0 0 0 0 0
1 1 0 -1 0 -1 0 0 0 0 1 0 0 0 0 0 0 0 0 0 0 0 0 0
1 1 0 0 -1 -2 0 0 0 0 2 0 0 0 0 0 0 0 0 0 0 0 0 0
0 0 0 0 0 0 -1 1 0 0 0 0 0 0 0 0 0 0 0 0 0 0 0 0
-1 0 0 -1 -1 0 0 0 1 0 0 0 0 0 0 0 0 0 0 0 0 0 0 0
0 -1 0 -1 0 0 0 0 0 1 0 0 0 0 0 0 0 0 0 0 0 0 0 0
0 -1 1 -1 1 0 0 0 0 0 0 0 0 0 0 0 0 0 0 0 0 0 0 0
0 0 0 0 0 -2 0 0 0 0 1 1 0 0 0 0 0 0 0 0 0 0 0 0
0 0 0 0 0 -1 -2 0 0 0 0 0 1 0 0 0 0 0 0 0 0 0 0 0
-1 -1 0 -2 -1 0 0 0 0 0 0 0 0 1 0 0 0 0 0 0 0 0 0 0
0 0 0 0 0 0 -1 0 0 0 -1 0 0 0 1 0 0 0 0 0 0 0 0 0
0 0 0 0 0 -1 -1 0 0 0 0 0 0 0 0 1 0 0 0 0 0 0 0 0
0 0 0 0 0 -2 -1 0 0 0 1 0 0 0 0 0 1 0 0 0 0 0 0 0
-1 -1 0 -1 0 0 0 0 0 0 0 0 0 0 0 0 0 1 0 0 0 0 0 0
0 0 0 -1 0 0 0 0 0 0 0 0 0 0 0 0 0 0 1 0 0 0 0 0
0 0 0 0 -1 0 0 0 0 0 0 0 0 0 0 0 0 0 0 1 0 0 0 0
0 0 0 0 -1 0 0 0 0 0 0 0 0 0 0 0 0 0 0 0 1 0 0 0
0 0 0 -1 0 0 0 0 0 0 0 0 0 0 0 0 0 0 0 0 0 1 0 0
0 0 0 0 0 -1 -1 0 0 0 0 0 0 0 0 0 0 0 0 0 0 0 1 0
0 0 0 0 0 -1 -1 0 0 0 0 0 0 0 0 0 0 0 0 0 0 0 0 1

1 0 0 0 0 0 0 0 0 0 0 0 0 0 0 0 0 0 0 0 0 0 0 0 0 0 0 0 0
0 1 0 0 0 0 0 0 0 0 0 0 0 0 0 0 0 0 0 0 0 0 0 0 0 0 0 0 0
0 0 1 0 0 0 0 0 0 0 0 0 0 0 0 0 0 0 0 0 0 0 0 0 0 0 0 0 0
0 0 0 1 0 0 0 0 0 0 0 0 0 0 0 0 0 0 0 0 0 0 0 0 0 0 0 0 0
0 0 0 0 1 0 0 0 0 0 0 0 0 0 0 0 0 0 0 0 0 0 0 0 0 0 0 0 0
0 0 0 0 0 1 0 0 0 0 0 0 0 0 0 0 0 0 0 0 0 0 0 0 0 0 0 0 0
0 0 0 0 0 0 2 0 0 0 0 0 0 0 0 0 0 0 0 0 0 0 0 0 0 0 0 0 0
0 0 0 0 0 0 0 0 0 0 0 0 0 0 0 0 0 0 0 0 0 0 0 0 0 0 0 0 0
0 0 0 0 0 0 0 0 0 0 0 0 0 0 0 0 0 0 0 0 0 0 0 0 0 0 0 0 0
0 0 0 0 0 0 0 0 0 0 0 0 0 0 0 0 0 0 0 0 0 0 0 0 0 0 0 0 0
0 0 0 0 0 0 0 0 0 0 0 0 0 0 0 0 0 0 0 0 0 0 0 0 0 0 0 0 0
0 0 0 0 0 0 0 0 0 0 0 0 0 0 0 0 0 0 0 0 0 0 0 0 0 0 0 0 0
0 0 0 0 0 0 0 0 0 0 0 0 0 0 0 0 0 0 0 0 0 0 0 0 0 0 0 0 0
0 0 0 0 0 0 0 0 0 0 0 0 0 0 0 0 0 0 0 0 0 0 0 0 0 0 0 0 0
0 0 0 0 0 0 0 0 0 0 0 0 0 0 0 0 0 0 0 0 0 0 0 0 0 0 0 0 0
0 0 0 0 0 0 0 0 0 0 0 0 0 0 0 0 0 0 0 0 0 0 0 0 0 0 0 0 0
0 0 0 0 0 0 0 0 0 0 0 0 0 0 0 0 0 0 0 0 0 0 0 0 0 0 0 0 0
0 0 0 0 0 0 0 0 0 0 0 0 0 0 0 0 0 0 0 0 0 0 0 0 0 0 0 0 0
0 0 0 0 0 0 0 0 0 0 0 0 0 0 0 0 0 0 0 0 0 0 0 0 0 0 0 0 0
0 0 0 0 0 0 0 0 0 0 0 0 0 0 0 0 0 0 0 0 0 0 0 0 0 0 0 0 0
0 0 0 0 0 0 0 0 0 0 0 0 0 0 0 0 0 0 0 0 0 0 0 0 0 0 0 0 0
0 0 0 0 0 0 0 0 0 0 0 0 0 0 0 0 0 0 0 0 0 0 0 0 0 0 0 0 0
0 0 0 0 0 0 0 0 0 0 0 0 0 0 0 0 0 0 0 0 0 0 0 0 0 0 0 0 0
0 0 0 0 0 0 0 0 0 0 0 0 0 0 0 0 0 0 0 0 0 0 0 0 0 0 0 0 0

0 -1 -1 0 0 -1 2 0 0 -1 0 -1 -1 -1 0 0 0 -2 0 0 0 -1 -1 0 0 -1 -1 0 0
0 0 0 0 0 0 0 0 0 1 0 0 0 0 0 0 0 0 0 0 0 0 0 0 0 0 0 0 0
0 0 0 0 0 0 0 0 -1 0 0 0 0 -1 0 0 0 -1 0 0 0 0 -1 0 0 0 -1 0 0
0 -1 0 0 0 -1 1 0 -1 0 0 -1 -1 -2 0 0 0 -2 -1 0 0 -1 -2 0 0 -1 -2 0 0
0 0 -3 -1 -1 0 4 -1 0 0 -2 0 0 0 -1 -1 -1 0 0 -2 -2 0 0 -2 -1 0 0 -2 -1
0 0 0 0 0 0 0 1 0 0 0 0 0 0 0 0 0 0 0 0 0 0 0 0 0 0 0 0 0
0 0 -2 -1 0 0 2 0 0 0 0 0 0 0 -1 -1 0 0 0 -1 -1 0 0 -1 -1 0 0 -1 -1
0 0 0 0 0 0 0 0 1 0 0 0 0 0 0 0 0 0 0 0 0 -1 1 0 0 -1 1 0 0
0 0 0 0 0 0 0 0 1 0 0 0 0 0 0 0 0 0 0 0 0 0 0 0 0 0 0 0 0
0 0 0 0 0 0 0 0 0 0 1 0 0 0 0 0 0 0 0 0 0 0 0 0 -1 0 0 0 -1
0 0 0 0 0 0 0 0 0 0 1 0 0 0 0 0 0 0 0 0 0 0 0 0 0 0 0 0 0
0 0 0 0 0 0 0 0 0 0 0 1 0 0 0 0 0 0 0 0 0 0 0 0 0 0 0 0 0
1 0 1 0 0 1 -2 0 0 0 0 1 2 0 0 0 0 0 0 0 0 0 0 0 0 0 0 0 0
0 0 0 0 0 0 0 0 0 0 0 0 0 1 0 0 0 0 0 0 0 0 0 0 0 0 0 0 0
0 0 0 0 0 0 0 0 0 0 0 0 0 0 1 0 0 0 0 0 0 0 0 0 0 0 0 0 0
0 0 2 1 0 0 -2 0 0 0 0 0 0 0 1 2 0 0 0 0 0 0 0 0 0 0 0 0 0
0 0 0 0 0 0 0 0 0 0 0 0 0 0 0 0 1 0 0 0 0 0 0 0 0 0 0 0 0
0 0 0 0 0 0 0 0 0 0 0 0 0 0 0 0 0 1 0 0 0 0 0 0 0 0 0 0 0
0 0 0 0 0 0 0 0 0 0 0 0 0 0 0 0 0 0 1 0 0 0 0 0 0 0 0 0 0
0 0 0 0 0 0 0 0 0 0 0 0 0 0 0 0 0 0 0 1 0 0 0 0 0 0 0 0 0
0 0 2 1 1 0 -4 0 0 0 0 0 0 0 0 0 0 0 0 1 2 0 0 0 0 0 0 0 0
0 0 0 0 0 0 0 0 0 0 0 0 0 0 0 0 0 0 0 0 0 1 0 0 0 0 0 0 0
0 0 0 0 0 0 0 0 0 0 0 0 0 0 0 0 0 0 0 0 0 0 1 0 0 0 0 0 0
0 0 0 0 0 0 0 0 0 0 0 0 0 0 0 0 0 0 0 0 0 0 0 1 0 0 0 0 0
0 0 0 0 0 0 0 0 0 0 0 0 0 0 0 0 0 0 0 0 0 0 0 0 1 0 0 0 0
0 1 1 0 0 1 -2 0 0 0 0 0 0 1 0 0 0 1 0 0 0 1 0 0 0 2 0 0 0
0 1 0 0 0 0 0 0 0 0 0 0 0 1 0 0 0 1 0 0 0 0 1 0 0 0 2 0 0
0 0 0 0 0 0 0 0 0 0 0 0 0 0 0 0 0 0 0 0 0 0 0 0 0 0 0 1 0
0 0 1 0 0 0 0 0 0 0 0 0 0 0 0 0 0 0 0 0 0 0 0 1 1 0 0 1 2
