GM:(0,0,0)  A:(1/2,0,1/2)  B:(0,0,1/2)  C:(1/2,1/2,0)  D:(0,1/2,1/2)  E:(1/2,1/2,1/2)  Y:(1/2,0,0)  Z:(0,1/2,0)
GM:(0,0,0)  A:(1/2,0,1/2)  B:(0,0,1/2)  C:(1/2,1/2,0)  D:(0,1/2,1/2)  E:(1/2,1/2,1/2)  Y:(1/2,0,0)  Z:(0,1/2,0)
GM1+  GM2+  GM1-  GM2-  GM3GM4  GM5GM6  A1+  A2+  A1-  A2-  A3A4  A5A6  B1+  B2+  B1-  B2-  B3B4  B5B6  C1  C2C2  D1  D2D2  E1  E2E2  Y1+  Y2+  Y1-  Y2-  Y3Y4  Y5Y6  Z1  Z2Z2
1 1 1 1 2 2 1 1 1 1 2 2 1 1 1 1 2 2 2 4 2 4 2 4 1 1 1 1 2 2 2 4
2a (11',1) Ag 2 1,2a (11',1) Au 2 1,2a (11',1) AgAg 4 1,2a (11',1) AuAu 4 1,2b (11',1) Ag 2 1,2b (11',1) Au 2 1,2b (11',1) AgAg 4 1,2b (11',1) AuAu 4 1,2c (11',1) Ag 2 1,2c (11',1) Au 2 1,2c (11',1) AgAg 4 1,2c (11',1) AuAu 4 1,2d (11',1) Ag 2 1,2d (11',1) Au 2 1,2d (11',1) AgAg 4 1,2d (11',1) AuAu 4 1,2e (m1',m) A' 2 1,2e (m1',m) A'' 2 1,2e (m1',m) 1E2E 4 1
1 1 0 0 0 0 1 1 0 0 0 0 1 1 0 0 0 0 1 0 1 0 1 0 1 1 0 0 0 0 1 0
0 0 1 1 0 0 0 0 1 1 0 0 0 0 1 1 0 0 1 0 1 0 1 0 0 0 1 1 0 0 1 0
0 0 0 0 2 0 0 0 0 0 2 0 0 0 0 0 2 0 0 1 0 1 0 1 0 0 0 0 2 0 0 1
0 0 0 0 0 2 0 0 0 0 0 2 0 0 0 0 0 2 0 1 0 1 0 1 0 0 0 0 0 2 0 1
1 1 0 0 0 0 0 0 1 1 0 0 1 1 0 0 0 0 1 0 1 0 1 0 0 0 1 1 0 0 1 0
0 0 1 1 0 0 1 1 0 0 0 0 0 0 1 1 0 0 1 0 1 0 1 0 1 1 0 0 0 0 1 0
0 0 0 0 2 0 0 0 0 0 0 2 0 0 0 0 2 0 0 1 0 1 0 1 0 0 0 0 0 2 0 1
0 0 0 0 0 2 0 0 0 0 2 0 0 0 0 0 0 2 0 1 0 1 0 1 0 0 0 0 2 0 0 1
1 1 0 0 0 0 0 0 1 1 0 0 0 0 1 1 0 0 1 0 1 0 1 0 1 1 0 0 0 0 1 0
0 0 1 1 0 0 1 1 0 0 0 0 1 1 0 0 0 0 1 0 1 0 1 0 0 0 1 1 0 0 1 0
0 0 0 0 2 0 0 0 0 0 0 2 0 0 0 0 0 2 0 1 0 1 0 1 0 0 0 0 2 0 0 1
0 0 0 0 0 2 0 0 0 0 2 0 0 0 0 0 2 0 0 1 0 1 0 1 0 0 0 0 0 2 0 1
1 1 0 0 0 0 1 1 0 0 0 0 0 0 1 1 0 0 1 0 1 0 1 0 0 0 1 1 0 0 1 0
0 0 1 1 0 0 0 0 1 1 0 0 1 1 0 0 0 0 1 0 1 0 1 0 1 1 0 0 0 0 1 0
0 0 0 0 2 0 0 0 0 0 2 0 0 0 0 0 0 2 0 1 0 1 0 1 0 0 0 0 0 2 0 1
0 0 0 0 0 2 0 0 0 0 0 2 0 0 0 0 2 0 0 1 0 1 0 1 0 0 0 0 2 0 0 1
1 0 0 1 0 0 1 0 0 1 0 0 1 0 0 1 0 0 1 0 1 0 1 0 1 0 0 1 0 0 1 0
0 1 1 0 0 0 0 1 1 0 0 0 0 1 1 0 0 0 1 0 1 0 1 0 0 1 1 0 0 0 1 0
0 0 0 0 1 1 0 0 0 0 1 1 0 0 0 0 1 1 0 1 0 1 0 1 0 0 0 0 1 1 0 1

0 0 1 -1 0 0 1 0 0 0 0 0 0 0 0 0 0 0 0 0 0 0 0 0 0 0 0 0 0 0 0 0
0 0 1 0 0 0 0 0 0 0 0 0 0 0 0 0 0 0 0 0 0 0 0 0 0 0 0 0 0 0 0 0
0 0 0 0 0 0 0 0 0 0 0 0 0 0 0 0 0 0 0 0 0 0 0 0 0 0 0 0 0 0 0 1
0 0 0 0 0 1 0 0 0 0 0 0 0 0 0 0 0 0 0 0 0 0 0 0 0 0 0 0 0 0 0 0
1 0 0 0 0 0 0 0 0 0 0 0 0 0 0 0 0 0 0 0 0 0 0 0 -1 0 0 0 0 0 0 0
0 0 -1 1 0 0 0 0 0 0 0 0 0 0 0 0 0 0 0 0 0 0 0 0 0 0 0 0 0 0 0 0
1 0 -1 1 -1 0 0 0 0 0 0 0 -1 0 0 0 0 0 0 0 0 0 0 0 0 0 0 0 1 0 0 0
0 0 0 0 0 0 0 0 0 0 0 0 0 0 0 0 -1 0 0 0 0 0 0 0 0 0 0 0 1 0 0 0
1 0 0 0 -1 0 1 0 0 0 0 0 -1 0 0 0 0 0 0 0 0 0 0 0 -1 0 0 0 1 0 0 0
0 0 -2 2 -1 0 0 0 0 0 0 0 0 0 0 0 0 0 0 0 0 0 0 0 0 0 0 0 1 0 0 0
0 0 -4 4 -1 0 0 0 0 0 -1 0 0 0 0 0 1 0 0 0 0 0 0 0 0 0 0 0 1 0 0 0
0 0 0 0 -1 -1 0 0 0 0 1 1 0 0 0 0 0 0 0 0 0 0 0 0 0 0 0 0 0 0 0 0
-1 1 -1 1 0 0 0 0 0 0 0 0 0 0 0 0 0 0 0 0 0 0 0 0 0 0 0 0 0 0 0 0
0 0 -1 1 0 0 0 0 0 0 0 0 -1 1 0 0 0 0 0 0 0 0 0 0 0 0 0 0 0 0 0 0
-1 0 -1 0 0 0 0 0 0 0 0 0 1 0 1 0 0 0 0 0 0 0 0 0 0 0 0 0 0 0 0 0
-1 0 0 -1 0 0 0 0 0 0 0 0 1 0 0 1 0 0 0 0 0 0 0 0 0 0 0 0 0 0 0 0
0 0 -1 1 0 0 -1 1 0 0 0 0 0 0 0 0 0 0 0 0 0 0 0 0 0 0 0 0 0 0 0 0
0 0 0 0 -1 -1 0 0 0 0 0 0 0 0 0 0 1 1 0 0 0 0 0 0 0 0 0 0 0 0 0 0
-1 0 -1 0 0 0 0 0 0 0 0 0 0 0 0 0 0 0 1 0 0 0 0 0 0 0 0 0 0 0 0 0
0 0 0 0 -1 -1 0 0 0 0 0 0 0 0 0 0 0 0 0 1 0 0 0 0 0 0 0 0 0 0 0 1
-1 0 -1 0 0 0 0 0 0 0 0 0 0 0 0 0 0 0 0 0 1 0 0 0 0 0 0 0 0 0 0 0
0 0 0 0 -1 -1 0 0 0 0 0 0 0 0 0 0 0 0 0 0 0 1 0 0 0 0 0 0 0 0 0 1
-1 0 -1 0 0 0 0 0 0 0 0 0 0 0 0 0 0 0 0 0 0 0 1 0 0 0 0 0 0 0 0 0
0 0 0 0 -1 -1 0 0 0 0 0 0 0 0 0 0 0 0 0 0 0 0 0 1 0 0 0 0 0 0 0 1
-1 0 -1 0 0 0 1 0 1 0 0 0 0 0 0 0 0 0 0 0 0 0 0 0 0 0 0 0 0 0 0 0
0 0 -1 1 0 0 0 0 0 0 0 0 0 0 0 0 0 0 0 0 0 0 0 0 -1 1 0 0 0 0 0 0
-1 0 -1 0 0 0 0 0 0 0 0 0 0 0 0 0 0 0 0 0 0 0 0 0 1 0 1 0 0 0 0 0
-1 0 0 -1 0 0 0 0 0 0 0 0 0 0 0 0 0 0 0 0 0 0 0 0 1 0 0 1 0 0 0 0
-1 0 0 -1 0 0 1 0 0 1 0 0 0 0 0 0 0 0 0 0 0 0 0 0 0 0 0 0 0 0 0 0
0 0 0 0 -1 -1 0 0 0 0 0 0 0 0 0 0 0 0 0 0 0 0 0 0 0 0 0 0 1 1 0 0
-1 0 -1 0 0 0 0 0 0 0 0 0 0 0 0 0 0 0 0 0 0 0 0 0 0 0 0 0 0 0 1 0
0 0 0 0 -1 -1 0 0 0 0 0 0 0 0 0 0 0 0 0 0 0 0 0 0 0 0 0 0 0 0 0 2

1 0 0 0 0 0 0 0 0 0 0 0 0 0 0 0 0 0 0
0 1 0 0 0 0 0 0 0 0 0 0 0 0 0 0 0 0 0
0 0 1 0 0 0 0 0 0 0 0 0 0 0 0 0 0 0 0
0 0 0 1 0 0 0 0 0 0 0 0 0 0 0 0 0 0 0
0 0 0 0 1 0 0 0 0 0 0 0 0 0 0 0 0 0 0
0 0 0 0 0 1 0 0 0 0 0 0 0 0 0 0 0 0 0
0 0 0 0 0 0 1 0 0 0 0 0 0 0 0 0 0 0 0
0 0 0 0 0 0 0 2 0 0 0 0 0 0 0 0 0 0 0
0 0 0 0 0 0 0 0 2 0 0 0 0 0 0 0 0 0 0
0 0 0 0 0 0 0 0 0 2 0 0 0 0 0 0 0 0 0
0 0 0 0 0 0 0 0 0 0 4 0 0 0 0 0 0 0 0
0 0 0 0 0 0 0 0 0 0 0 0 0 0 0 0 0 0 0
0 0 0 0 0 0 0 0 0 0 0 0 0 0 0 0 0 0 0
0 0 0 0 0 0 0 0 0 0 0 0 0 0 0 0 0 0 0
0 0 0 0 0 0 0 0 0 0 0 0 0 0 0 0 0 0 0
0 0 0 0 0 0 0 0 0 0 0 0 0 0 0 0 0 0 0
0 0 0 0 0 0 0 0 0 0 0 0 0 0 0 0 0 0 0
0 0 0 0 0 0 0 0 0 0 0 0 0 0 0 0 0 0 0
0 0 0 0 0 0 0 0 0 0 0 0 0 0 0 0 0 0 0
0 0 0 0 0 0 0 0 0 0 0 0 0 0 0 0 0 0 0
0 0 0 0 0 0 0 0 0 0 0 0 0 0 0 0 0 0 0
0 0 0 0 0 0 0 0 0 0 0 0 0 0 0 0 0 0 0
0 0 0 0 0 0 0 0 0 0 0 0 0 0 0 0 0 0 0
0 0 0 0 0 0 0 0 0 0 0 0 0 0 0 0 0 0 0
0 0 0 0 0 0 0 0 0 0 0 0 0 0 0 0 0 0 0
0 0 0 0 0 0 0 0 0 0 0 0 0 0 0 0 0 0 0
0 0 0 0 0 0 0 0 0 0 0 0 0 0 0 0 0 0 0
0 0 0 0 0 0 0 0 0 0 0 0 0 0 0 0 0 0 0
0 0 0 0 0 0 0 0 0 0 0 0 0 0 0 0 0 0 0
0 0 0 0 0 0 0 0 0 0 0 0 0 0 0 0 0 0 0
0 0 0 0 0 0 0 0 0 0 0 0 0 0 0 0 0 0 0
0 0 0 0 0 0 0 0 0 0 0 0 0 0 0 0 0 0 0

1 0 0 0 0 -1 0 0 -1 1 0 0 -1 -1 -1 0 0 -1 0
0 1 0 0 0 0 0 0 0 0 0 0 -1 -1 -1 0 0 -1 0
0 0 1 -1 0 -1 0 -1 0 2 -1 -1 0 0 0 -1 -1 0 -1
0 0 0 0 0 0 0 0 0 0 0 -1 0 0 0 -1 -1 0 -1
0 0 0 0 1 -1 0 0 -1 1 0 0 1 0 0 0 0 0 0
0 0 0 0 0 0 0 0 0 0 0 0 1 0 0 0 0 0 0
0 0 0 0 0 0 0 0 0 -1 1 0 0 0 0 0 1 0 0
0 0 0 0 0 0 0 0 0 0 0 0 0 0 0 0 1 0 0
0 0 0 0 0 0 1 0 -1 -1 0 0 0 0 1 0 0 0 0
0 0 0 0 0 0 0 0 0 0 0 0 0 0 1 0 0 0 0
0 0 0 0 0 0 0 1 0 -1 1 1 0 0 0 0 0 0 0
0 0 0 0 0 0 0 0 0 0 0 1 0 0 0 0 0 0 0
0 0 0 0 0 1 0 0 1 -1 0 0 0 1 0 0 0 0 0
0 0 0 0 0 0 0 0 0 0 0 0 0 1 0 0 0 0 0
0 0 0 0 0 1 0 0 0 0 -1 0 0 0 0 1 0 0 0
0 0 0 0 0 0 0 0 0 0 0 0 0 0 0 1 0 0 0
0 0 0 0 0 1 0 0 0 0 0 0 0 0 0 0 0 1 0
0 0 0 0 0 0 0 0 0 0 0 0 0 0 0 0 0 1 0
0 0 0 1 0 0 0 0 0 0 0 0 0 0 0 0 0 0 2
