GM:(0,0,0)  R:(1/2,1/2,1/2)  S:(1/2,1/2,0)  T:(0,1/2,1/2)  U:(1/2,0,1/2)  X:(1/2,0,0)  Y:(0,1/2,0)  Z:(0,0,1/2)
GM:(0,0,0)  R:(1/2,1/2,1/2)  U:(1/2,0,1/2)  T:(0,1/2,1/2)  S:(1/2,1/2,0)  X:(1/2,0,0)  Z:(0,0,1/2)  Y:(0,1/2,0)
GM1  GM2  GM3  GM4  GM5  R1  R2R5  R3R4  (S)U1U1  (S)U2U2  (S)U5U5  (S)U3U3  (S)U4U4  T1  T2T4  T3T5  (U)S1S2  (U)S3S4  (U)S5S5  X1X3  X2X4  X5X5  (Y)Z1  (Y)Z2Z3  (Y)Z4Z5  (Z)Y1Y4  (Z)Y2Y3  (Z)Y5Y5
1 1 1 1 2 2 2 2 4 2 2 2 2 2 2 2 2 2 4 2 2 4 2 2 2 2 2 4
4a (1',1) A 4 1;4b (1',1) A 4 1;4c (2,2) A 4 1;4c (2,2) B 4 1;4c (2,2) 1E 4 1;4c (2,2) 2E 4 1;4d (2,2) A 4 1;4d (2,2) B 4 1;4d (2,2) 1E 4 1;4d (2,2) 2E 4 1
1 1 1 1 0 2 0 0 1 0 0 0 0 2 0 0 1 1 0 1 1 0 2 0 0 1 1 0
1 1 1 1 0 2 0 0 1 0 0 0 0 2 0 0 1 1 0 1 1 0 2 0 0 1 1 0
2 0 0 2 0 2 0 0 1 0 0 0 0 2 0 0 1 1 0 1 1 0 2 0 0 2 0 0
0 2 2 0 0 2 0 0 1 0 0 0 0 2 0 0 1 1 0 1 1 0 2 0 0 0 2 0
0 0 0 0 2 0 2 0 0 1 1 0 0 0 1 1 0 0 1 0 0 1 0 1 1 0 0 1
0 0 0 0 2 0 0 2 0 0 0 1 1 0 1 1 0 0 1 0 0 1 0 1 1 0 0 1
2 0 2 0 0 2 0 0 1 0 0 0 0 2 0 0 1 1 0 2 0 0 2 0 0 1 1 0
0 2 0 2 0 2 0 0 1 0 0 0 0 2 0 0 1 1 0 0 2 0 2 0 0 1 1 0
0 0 0 0 2 0 1 1 0 1 0 1 0 0 1 1 0 0 1 0 0 1 0 2 0 0 0 1
0 0 0 0 2 0 1 1 0 0 1 0 1 0 1 1 0 0 1 0 0 1 0 0 2 0 0 1

-1 0 1 1 0 0 0 0 0 0 0 0 0 0 0 0 0 0 0 0 0 0 0 0 0 0 0 0
1 0 -1 -1 0 0 0 0 0 0 0 0 0 0 0 0 0 0 0 0 1 0 0 0 0 0 0 0
0 0 0 0 0 0 1 0 0 -1 0 0 0 0 0 0 0 0 0 0 0 0 0 0 0 0 0 0
0 0 0 0 0 0 0 0 0 -1 0 0 0 0 0 0 0 0 0 0 0 0 0 0 0 0 0 1
1 0 -1 -1 0 0 0 0 0 0 0 0 0 0 0 0 0 0 0 0 0 0 0 0 0 0 1 0
0 0 0 0 0 0 -1 0 0 2 0 0 0 0 0 0 0 0 0 0 0 0 0 0 0 0 0 0
0 0 -1 -1 0 1 0 0 0 0 0 0 0 0 0 0 0 0 0 0 0 0 0 0 0 0 0 0
0 0 0 0 -1 0 1 1 0 0 0 0 0 0 0 0 0 0 0 0 0 0 0 0 0 0 0 0
1 0 -2 -2 0 0 0 0 1 0 0 0 0 0 0 0 0 0 0 0 1 0 0 0 0 0 1 0
1 1 -1 -1 0 0 0 0 0 0 0 0 0 0 0 0 0 0 0 0 0 0 0 0 0 0 0 0
0 0 0 0 0 0 -1 0 0 1 1 0 0 0 0 0 0 0 0 0 0 0 0 0 0 0 0 0
0 0 0 0 -1 0 1 0 0 -1 0 1 0 0 0 0 0 0 0 0 0 0 0 0 0 0 0 1
0 0 0 0 -1 0 0 0 0 1 0 0 1 0 0 0 0 0 0 0 0 0 0 0 0 0 0 1
0 0 -1 -1 0 0 0 0 0 0 0 0 0 1 0 0 0 0 0 0 0 0 0 0 0 0 0 0
0 0 0 0 -1 0 0 0 0 0 0 0 0 0 1 0 0 0 0 0 0 0 0 0 0 0 0 1
0 0 0 0 -1 0 0 0 0 0 0 0 0 0 0 1 0 0 0 0 0 0 0 0 0 0 0 1
1 0 -2 -2 0 0 0 0 0 0 0 0 0 0 0 0 1 0 0 0 1 0 0 0 0 0 1 0
1 0 -2 -2 0 0 0 0 0 0 0 0 0 0 0 0 0 1 0 0 1 0 0 0 0 0 1 0
0 0 0 0 -1 0 0 0 0 0 0 0 0 0 0 0 0 0 1 0 0 0 0 0 0 0 0 1
0 0 -1 -1 0 0 0 0 0 0 0 0 0 0 0 0 0 0 0 1 1 0 0 0 0 0 0 0
1 0 -1 -2 0 0 0 0 0 0 0 0 0 0 0 0 0 0 0 0 2 0 0 0 0 0 0 0
0 0 0 0 -1 0 0 0 0 0 0 0 0 0 0 0 0 0 0 0 0 1 0 0 0 0 0 1
0 0 -1 -1 0 0 0 0 0 0 0 0 0 0 0 0 0 0 0 0 0 0 1 0 0 0 0 0
0 0 0 0 -1 0 1 0 0 -2 0 0 0 0 0 0 0 0 0 0 0 0 0 1 0 0 0 1
0 0 0 0 -1 0 -1 0 0 2 0 0 0 0 0 0 0 0 0 0 0 0 0 0 1 0 0 1
0 0 -1 -1 0 0 0 0 0 0 0 0 0 0 0 0 0 0 0 0 0 0 0 0 0 1 1 0
1 0 -2 -1 0 0 0 0 0 0 0 0 0 0 0 0 0 0 0 0 0 0 0 0 0 0 2 0
0 0 0 0 -1 0 0 0 0 0 0 0 0 0 0 0 0 0 0 0 0 0 0 0 0 0 0 2

1 0 0 0 0 0 0 0 0 0
0 1 0 0 0 0 0 0 0 0
0 0 1 0 0 0 0 0 0 0
0 0 0 1 0 0 0 0 0 0
0 0 0 0 1 0 0 0 0 0
0 0 0 0 0 1 0 0 0 0
0 0 0 0 0 0 0 0 0 0
0 0 0 0 0 0 0 0 0 0
0 0 0 0 0 0 0 0 0 0
0 0 0 0 0 0 0 0 0 0
0 0 0 0 0 0 0 0 0 0
0 0 0 0 0 0 0 0 0 0
0 0 0 0 0 0 0 0 0 0
0 0 0 0 0 0 0 0 0 0
0 0 0 0 0 0 0 0 0 0
0 0 0 0 0 0 0 0 0 0
0 0 0 0 0 0 0 0 0 0
0 0 0 0 0 0 0 0 0 0
0 0 0 0 0 0 0 0 0 0
0 0 0 0 0 0 0 0 0 0
0 0 0 0 0 0 0 0 0 0
0 0 0 0 0 0 0 0 0 0
0 0 0 0 0 0 0 0 0 0
0 0 0 0 0 0 0 0 0 0
0 0 0 0 0 0 0 0 0 0
0 0 0 0 0 0 0 0 0 0
0 0 0 0 0 0 0 0 0 0
0 0 0 0 0 0 0 0 0 0

1 0 0 0 0 0 -1 -2 -2 0
0 0 0 0 0 0 1 0 0 0
0 1 0 0 0 0 0 0 1 0
0 0 0 0 0 0 0 0 1 0
0 0 1 0 0 0 0 0 0 -1
0 0 0 1 0 0 0 0 0 -1
0 0 0 0 1 0 0 1 0 0
0 0 0 0 0 0 0 1 0 0
0 0 0 0 0 1 0 0 0 1
0 0 0 0 0 0 0 0 0 1
