GM:(0,0,0)  A:(1/2,1/2,1/2)  M:(1/2,1/2,0)  R:(0,1/2,1/2)  X:(0,1/2,0)  Z:(0,0,1/2)
GM:(0,0,0)  A:(1/2,1/2,1/2)  M:(1/2,1/2,0)  R:(0,1/2,1/2)  X:(0,1/2,0)  Z:(0,0,1/2)
GM1  GM2  GM3  GM4  GM5  GM7  GM6  A1A2  A3A4  A5A5  A6A7  M5  M1M3  M2M4  M6M7  R1R1  R2R3  R4R5  X1  X2X5  X3X4  Z5  Z1Z4  Z2Z3  Z6  Z7
1 1 1 1 2 2 2 2 2 4 4 2 2 2 4 4 2 2 2 2 2 2 2 2 2 2
4a (4',2) A 4 1;4b (4,4) 1E 4 1;4b (4,4) 2E 4 1;4b (4,4) A 4 1;4b (4,4) B 4 1;4b (4,4) 1E1 4 1;4b (4,4) 1E2 4 1;4b (4,4) 2E1 4 1;4b (4,4) 2E2 4 1;4c (m'm'2,2) A 4 1;4c (m'm'2,2) B 4 1;4c (m'm'2,2) 1E 4 1;4c (m'm'2,2) 2E 4 1
1 1 1 1 0 0 0 1 1 0 0 2 0 0 0 1 0 0 2 0 0 2 0 0 0 0
0 0 0 0 2 0 0 0 0 1 0 0 1 1 0 1 0 0 2 0 0 0 2 0 0 0
0 0 0 0 2 0 0 0 0 1 0 0 1 1 0 1 0 0 2 0 0 0 0 2 0 0
2 0 0 2 0 0 0 1 1 0 0 2 0 0 0 1 0 0 2 0 0 2 0 0 0 0
0 2 2 0 0 0 0 1 1 0 0 2 0 0 0 1 0 0 2 0 0 2 0 0 0 0
0 0 0 0 0 2 0 0 0 0 1 0 0 0 1 0 1 1 0 1 1 0 0 0 2 0
0 0 0 0 0 0 2 0 0 0 1 0 0 0 1 0 1 1 0 1 1 0 0 0 0 2
0 0 0 0 0 2 0 0 0 0 1 0 0 0 1 0 1 1 0 1 1 0 0 0 0 2
0 0 0 0 0 0 2 0 0 0 1 0 0 0 1 0 1 1 0 1 1 0 0 0 2 0
1 1 1 1 0 0 0 0 0 1 0 0 1 1 0 1 0 0 2 0 0 2 0 0 0 0
0 0 0 0 2 0 0 1 1 0 0 2 0 0 0 1 0 0 2 0 0 0 1 1 0 0
0 0 0 0 0 1 1 0 0 0 1 0 0 0 1 0 1 1 0 1 1 0 0 0 1 1
0 0 0 0 0 1 1 0 0 0 1 0 0 0 1 0 1 1 0 1 1 0 0 0 1 1

0 0 1 0 0 0 0 0 0 0 0 0 0 0 0 0 0 0 0 0 0 0 0 0 0 0
0 0 0 0 0 0 0 -1 0 0 0 0 0 0 0 1 0 0 0 0 0 0 0 0 0 0
0 0 0 0 1 0 0 0 0 0 0 0 0 0 0 0 0 0 0 0 0 0 -1 0 0 0
1 0 0 0 0 0 0 -1 0 0 0 0 0 0 0 0 0 0 0 0 0 0 0 0 0 0
0 0 0 0 0 0 0 0 0 0 0 0 0 0 0 0 0 0 0 0 1 0 0 0 0 0
0 0 0 0 0 0 1 0 0 0 0 0 0 0 0 0 0 0 0 0 0 0 0 0 0 0
0 0 0 0 0 1 0 0 0 0 0 0 0 0 0 0 0 0 0 0 0 0 0 0 -1 0
1 0 1 0 0 0 0 -2 0 0 0 0 0 0 0 0 0 0 0 0 0 0 0 0 0 0
0 0 0 0 0 0 0 -1 1 0 0 0 0 0 0 0 0 0 0 0 0 0 0 0 0 0
-1 0 -1 0 -1 0 0 1 0 1 0 0 0 0 0 1 0 0 0 0 0 0 0 0 0 0
0 0 0 0 0 -1 -1 0 0 0 1 0 0 0 0 0 0 0 0 0 1 0 0 0 0 0
0 0 0 0 0 0 0 -2 0 0 0 1 0 0 0 0 0 0 0 0 0 0 0 0 0 0
-1 0 -1 0 -1 0 0 1 0 0 0 0 1 0 0 1 0 0 0 0 0 0 0 0 0 0
-1 0 -1 0 -1 0 0 1 0 0 0 0 0 1 0 1 0 0 0 0 0 0 0 0 0 0
0 0 0 0 0 -1 -1 0 0 0 0 0 0 0 1 0 0 0 0 0 1 0 0 0 0 0
-1 0 -1 0 -1 0 0 0 0 0 0 0 0 0 0 2 0 0 0 0 0 0 0 0 0 0
0 0 0 0 0 -1 -1 0 0 0 0 0 0 0 0 0 1 0 0 0 1 0 0 0 0 0
0 0 0 0 0 -1 -1 0 0 0 0 0 0 0 0 0 0 1 0 0 1 0 0 0 0 0
-1 0 -1 0 -1 0 0 0 0 0 0 0 0 0 0 0 0 0 1 0 0 0 0 0 0 0
0 0 0 0 0 -1 -1 0 0 0 0 0 0 0 0 0 0 0 0 1 1 0 0 0 0 0
0 0 0 0 0 -1 -1 0 0 0 0 0 0 0 0 0 0 0 0 0 2 0 0 0 0 0
-1 0 -1 0 0 0 0 0 0 0 0 0 0 0 0 0 0 0 0 0 0 1 0 0 0 0
0 1 -1 0 0 0 0 0 0 0 0 0 0 0 0 0 0 0 0 0 0 0 0 0 0 0
0 0 0 0 -1 0 0 0 0 0 0 0 0 0 0 0 0 0 0 0 0 0 1 1 0 0
-1 0 0 1 0 0 0 0 0 0 0 0 0 0 0 0 0 0 0 0 0 0 0 0 0 0
0 0 0 0 0 -1 -1 0 0 0 0 0 0 0 0 0 0 0 0 0 0 0 0 0 1 1

1 0 0 0 0 0 0 0 0 0 0 0 0
0 1 0 0 0 0 0 0 0 0 0 0 0
0 0 1 0 0 0 0 0 0 0 0 0 0
0 0 0 1 0 0 0 0 0 0 0 0 0
0 0 0 0 1 0 0 0 0 0 0 0 0
0 0 0 0 0 1 0 0 0 0 0 0 0
0 0 0 0 0 0 2 0 0 0 0 0 0
0 0 0 0 0 0 0 2 0 0 0 0 0
0 0 0 0 0 0 0 0 0 0 0 0 0
0 0 0 0 0 0 0 0 0 0 0 0 0
0 0 0 0 0 0 0 0 0 0 0 0 0
0 0 0 0 0 0 0 0 0 0 0 0 0
0 0 0 0 0 0 0 0 0 0 0 0 0
0 0 0 0 0 0 0 0 0 0 0 0 0
0 0 0 0 0 0 0 0 0 0 0 0 0
0 0 0 0 0 0 0 0 0 0 0 0 0
0 0 0 0 0 0 0 0 0 0 0 0 0
0 0 0 0 0 0 0 0 0 0 0 0 0
0 0 0 0 0 0 0 0 0 0 0 0 0
0 0 0 0 0 0 0 0 0 0 0 0 0
0 0 0 0 0 0 0 0 0 0 0 0 0
0 0 0 0 0 0 0 0 0 0 0 0 0
0 0 0 0 0 0 0 0 0 0 0 0 0
0 0 0 0 0 0 0 0 0 0 0 0 0
0 0 0 0 0 0 0 0 0 0 0 0 0
0 0 0 0 0 0 0 0 0 0 0 0 0

1 0 -1 0 0 0 0 -1 0 -2 -2 0 0
0 1 -1 0 0 0 0 -1 0 0 -1 0 0
0 0 0 0 0 0 0 0 0 0 -1 0 0
0 0 0 1 0 0 0 -1 0 1 0 0 0
0 0 0 0 0 0 0 0 0 1 0 0 0
0 0 0 0 1 -1 -1 0 -1 0 0 -1 -1
0 0 0 0 0 0 0 0 -1 0 0 -1 -1
0 0 0 0 0 0 1 0 1 0 0 0 0
0 0 0 0 0 0 0 0 1 0 0 0 0
0 0 1 0 0 0 0 1 0 0 2 0 0
0 0 1 0 0 0 0 0 0 0 2 0 0
0 0 0 0 0 0 0 0 0 0 0 1 0
0 0 0 0 0 1 0 0 0 0 0 1 2
