GM:(0,0,0)  A:(0,0,1/2)  L:(1/2,1/2,1/2)  LA:(1/2,-1/2,1/2)  M:(0,1,1/2)  V:(1/2,1/2,0)  VA:(1/2,-1/2,0)  Y:(0,1,0)
GM:(0,0,0)  Z:(0,0,1/2)  U:(1/2,0,1/2)  T:(0,1/2,1/2)  R:(1/2,1/2,1/2)  X:(1/2,0,0)  Y:(0,1/2,0)  V:(1/2,1/2,0)
GM1  GM2  (A)Z1  (A)Z2  (L)U1  (L)U2  (LA)T1  (LA)T2  (M)R1  (M)R2  (V)X1  (V)X2  (VA)Y1  (VA)Y2  (Y)V1  (Y)V2
1 1 1 1 1 1 1 1 1 1 1 1 1 1 1 1
2a (2',1) A 1 1;2a (2',1) A 1 1;2b (2',1) A 1 1;2b (2',1) A 1 1
1 0 1 0 1 0 1 0 1 0 1 0 1 0 1 0
0 1 0 1 0 1 0 1 0 1 0 1 0 1 0 1
1 0 1 0 1 0 1 0 1 0 1 0 1 0 1 0
0 1 0 1 0 1 0 1 0 1 0 1 0 1 0 1

1 0 0 0 0 0 0 0 0 0 0 0 0 0 0 0
0 1 0 0 0 0 0 0 0 0 0 0 0 0 0 0
-1 0 1 0 0 0 0 0 0 0 0 0 0 0 0 0
0 -1 0 1 0 0 0 0 0 0 0 0 0 0 0 0
-1 0 0 0 1 0 0 0 0 0 0 0 0 0 0 0
0 -1 0 0 0 1 0 0 0 0 0 0 0 0 0 0
-1 0 0 0 0 0 1 0 0 0 0 0 0 0 0 0
0 -1 0 0 0 0 0 1 0 0 0 0 0 0 0 0
-1 0 0 0 0 0 0 0 1 0 0 0 0 0 0 0
0 -1 0 0 0 0 0 0 0 1 0 0 0 0 0 0
-1 0 0 0 0 0 0 0 0 0 1 0 0 0 0 0
0 -1 0 0 0 0 0 0 0 0 0 1 0 0 0 0
-1 0 0 0 0 0 0 0 0 0 0 0 1 0 0 0
0 -1 0 0 0 0 0 0 0 0 0 0 0 1 0 0
-1 0 0 0 0 0 0 0 0 0 0 0 0 0 1 0
0 -1 0 0 0 0 0 0 0 0 0 0 0 0 0 1

1 0 0 0
0 1 0 0
0 0 0 0
0 0 0 0
0 0 0 0
0 0 0 0
0 0 0 0
0 0 0 0
0 0 0 0
0 0 0 0
0 0 0 0
0 0 0 0
0 0 0 0
0 0 0 0
0 0 0 0
0 0 0 0

1 0 -1 0
0 1 0 -1
0 0 1 0
0 0 0 1
