GM:(0,0,0)  A:(0,0,1/2)  H:(1/3,1/3,1/2)  K:(1/3,1/3,0)  L:(1/2,0,1/2)  M:(1/2,0,0)
GM:(0,0,0)  A:(0,0,1/2)  H:(1/3,1/3,1/2)  K:(1/3,1/3,0)  L:(1/2,0,1/2)  M:(1/2,0,0)
GM1  GM2  GM3  GM4GM5  GM6  A1A2  A3A3  A5A5  A4A4  A6A6  H1  H2H3  H4H4  H5H6  K1  K2K3  K4K4  K5K6  L1L2  L4L4  L3L3  M1  M2  M3M4
1 1 2 2 2 2 4 2 2 4 1 2 2 2 1 2 2 2 2 2 2 1 1 2
2a (32,32) A1 2 1;2a (32,32) A2 2 1;2a (32,32) E 4 1;2a (32,32) 1E 2 1;2a (32,32) 2E 2 1;2a (32,32) E1 4 1;2b (3',3) 1E2E 4 1;2b (3',3) A1 2 1;2b (3',3) 1E2E 4 1;2c (32,32) A1 2 1;2c (32,32) A2 2 1;2c (32,32) E 4 1;2c (32,32) 1E 2 1;2c (32,32) 2E 2 1;2c (32,32) E1 4 1;2d (32,32) A1 2 1;2d (32,32) A2 2 1;2d (32,32) E 4 1;2d (32,32) 1E 2 1;2d (32,32) 2E 2 1;2d (32,32) E1 4 1;6g (1',1) A 6 0
2 0 0 0 0 1 0 0 0 0 2 0 0 0 2 0 0 0 1 0 0 2 0 0
0 2 0 0 0 1 0 0 0 0 2 0 0 0 2 0 0 0 1 0 0 0 2 0
0 0 2 0 0 0 1 0 0 0 0 2 0 0 0 2 0 0 2 0 0 2 2 0
0 0 0 1 0 0 0 1 0 0 0 0 1 0 0 0 1 0 0 1 0 0 0 1
0 0 0 1 0 0 0 0 1 0 0 0 1 0 0 0 1 0 0 0 1 0 0 1
0 0 0 0 2 0 0 0 0 1 0 0 0 2 0 0 0 2 0 1 1 0 0 2
0 0 2 0 0 0 1 0 0 0 0 2 0 0 0 2 0 0 2 0 0 2 2 0
1 1 0 0 0 1 0 0 0 0 2 0 0 0 2 0 0 0 1 0 0 1 1 0
0 0 0 0 2 0 0 0 0 1 0 0 0 2 0 0 0 2 0 1 1 0 0 2
2 0 0 0 0 1 0 0 0 0 0 1 0 0 0 1 0 0 1 0 0 2 0 0
0 2 0 0 0 1 0 0 0 0 0 1 0 0 0 1 0 0 1 0 0 0 2 0
0 0 2 0 0 0 1 0 0 0 2 1 0 0 2 1 0 0 2 0 0 2 2 0
0 0 0 1 0 0 0 1 0 0 0 0 0 1 0 0 0 1 0 1 0 0 0 1
0 0 0 1 0 0 0 0 1 0 0 0 0 1 0 0 0 1 0 0 1 0 0 1
0 0 0 0 2 0 0 0 0 1 0 0 1 1 0 0 1 1 0 1 1 0 0 2
2 0 0 0 0 1 0 0 0 0 0 1 0 0 0 1 0 0 1 0 0 2 0 0
0 2 0 0 0 1 0 0 0 0 0 1 0 0 0 1 0 0 1 0 0 0 2 0
0 0 2 0 0 0 1 0 0 0 2 1 0 0 2 1 0 0 2 0 0 2 2 0
0 0 0 1 0 0 0 1 0 0 0 0 0 1 0 0 0 1 0 1 0 0 0 1
0 0 0 1 0 0 0 0 1 0 0 0 0 1 0 0 0 1 0 0 1 0 0 1
0 0 0 0 2 0 0 0 0 1 0 0 1 1 0 0 1 1 0 1 1 0 0 2
1 1 2 0 0 1 1 0 0 0 2 2 0 0 2 2 0 0 3 0 0 3 3 0

-1 -1 -2 0 0 0 0 0 0 0 1 0 0 0 0 1 0 0 1 0 0 0 0 0
0 1 0 0 0 0 0 0 0 0 0 0 0 0 0 0 0 0 0 0 0 0 0 0
0 0 0 0 0 0 1 0 0 0 0 0 0 0 0 0 0 0 0 0 0 0 0 0
0 0 0 -1 0 0 0 1 0 0 0 0 1 0 0 0 0 0 0 0 0 0 0 0
0 0 0 1 0 0 0 -1 0 0 0 0 0 0 0 0 0 0 0 0 0 0 0 0
0 0 0 -1 0 0 0 1 0 0 0 0 0 0 0 0 0 0 0 0 1 0 0 0
0 0 -1 0 0 0 0 0 0 0 0 0 0 0 0 1 0 0 0 0 0 0 0 0
0 0 0 1 0 0 0 0 0 0 0 0 -1 0 0 0 0 0 0 0 0 0 0 0
0 0 0 -1 0 0 0 1 1 0 0 0 0 0 0 0 0 0 0 0 0 0 0 0
0 0 0 -1 -1 0 0 1 0 1 0 0 0 0 0 0 0 0 0 0 1 0 0 0
0 0 -1 0 0 0 2 0 0 0 0 0 0 0 0 0 0 0 0 0 0 0 0 0
-1 -1 -2 0 0 0 0 0 0 0 1 1 0 0 0 1 0 0 0 0 0 0 0 0
-1 -1 -1 0 0 1 0 0 0 0 0 0 0 0 0 0 0 0 1 0 0 0 0 0
0 0 0 -1 -1 0 0 0 0 0 0 0 1 1 0 0 0 0 0 0 0 0 0 0
0 0 0 0 0 0 0 0 0 0 -1 0 0 0 1 0 0 0 0 0 0 0 0 0
-1 -1 -2 0 0 0 0 0 0 0 1 0 0 0 0 2 0 0 0 0 0 0 0 0
0 0 0 0 0 0 0 0 0 0 0 0 -1 0 0 0 1 0 0 0 0 0 0 0
0 0 0 -1 -1 0 0 0 0 0 0 0 1 0 0 0 0 1 0 0 0 0 0 0
-1 -1 -2 0 0 0 0 0 0 0 0 0 0 0 0 0 0 0 2 0 0 0 0 0
0 0 0 -1 -1 0 0 0 0 0 0 0 0 0 0 0 0 0 0 1 1 0 0 0
0 0 0 -2 -1 0 0 2 0 0 0 0 0 0 0 0 0 0 0 0 2 0 0 0
-1 0 -1 0 0 0 0 0 0 0 0 0 0 0 0 0 0 0 0 0 0 1 0 0
0 -1 -1 0 0 0 0 0 0 0 0 0 0 0 0 0 0 0 0 0 0 0 1 0
0 0 0 -1 -1 0 0 0 0 0 0 0 0 0 0 0 0 0 0 0 0 0 0 1

1 0 0 0 0 0 0 0 0 0 0 0 0 0 0 0 0 0 0 0 0 0
0 1 0 0 0 0 0 0 0 0 0 0 0 0 0 0 0 0 0 0 0 0
0 0 1 0 0 0 0 0 0 0 0 0 0 0 0 0 0 0 0 0 0 0
0 0 0 1 0 0 0 0 0 0 0 0 0 0 0 0 0 0 0 0 0 0
0 0 0 0 1 0 0 0 0 0 0 0 0 0 0 0 0 0 0 0 0 0
0 0 0 0 0 1 0 0 0 0 0 0 0 0 0 0 0 0 0 0 0 0
0 0 0 0 0 0 1 0 0 0 0 0 0 0 0 0 0 0 0 0 0 0
0 0 0 0 0 0 0 1 0 0 0 0 0 0 0 0 0 0 0 0 0 0
0 0 0 0 0 0 0 0 0 0 0 0 0 0 0 0 0 0 0 0 0 0
0 0 0 0 0 0 0 0 0 0 0 0 0 0 0 0 0 0 0 0 0 0
0 0 0 0 0 0 0 0 0 0 0 0 0 0 0 0 0 0 0 0 0 0
0 0 0 0 0 0 0 0 0 0 0 0 0 0 0 0 0 0 0 0 0 0
0 0 0 0 0 0 0 0 0 0 0 0 0 0 0 0 0 0 0 0 0 0
0 0 0 0 0 0 0 0 0 0 0 0 0 0 0 0 0 0 0 0 0 0
0 0 0 0 0 0 0 0 0 0 0 0 0 0 0 0 0 0 0 0 0 0
0 0 0 0 0 0 0 0 0 0 0 0 0 0 0 0 0 0 0 0 0 0
0 0 0 0 0 0 0 0 0 0 0 0 0 0 0 0 0 0 0 0 0 0
0 0 0 0 0 0 0 0 0 0 0 0 0 0 0 0 0 0 0 0 0 0
0 0 0 0 0 0 0 0 0 0 0 0 0 0 0 0 0 0 0 0 0 0
0 0 0 0 0 0 0 0 0 0 0 0 0 0 0 0 0 0 0 0 0 0
0 0 0 0 0 0 0 0 0 0 0 0 0 0 0 0 0 0 0 0 0 0
0 0 0 0 0 0 0 0 0 0 0 0 0 0 0 0 0 0 0 0 0 0
0 0 0 0 0 0 0 0 0 0 0 0 0 0 0 0 0 0 0 0 0 0
0 0 0 0 0 0 0 0 0 0 0 0 0 0 0 0 0 0 0 0 0 0

1 -1 0 0 0 0 0 0 0 0 1 -1 -1 0 0 0 1 -1 0 0 0 -1
0 0 0 0 0 0 0 0 0 0 -1 0 -1 0 0 0 -1 0 0 0 0 -1
0 -1 1 0 0 0 0 0 0 -1 0 -1 -1 0 0 0 0 -1 0 0 0 -2
0 0 0 1 0 0 0 0 0 0 0 0 0 1 -1 0 0 0 0 1 -1 0
0 0 0 0 1 0 0 0 0 0 0 0 0 -1 0 0 0 0 0 -1 0 0
0 0 0 0 0 1 0 0 -1 0 0 0 0 0 -1 0 0 0 0 0 -1 0
0 0 0 0 0 0 0 0 0 1 0 0 0 0 0 0 0 0 0 0 0 0
0 0 0 0 0 0 0 0 0 0 0 0 1 0 0 0 0 0 0 0 0 0
0 0 0 0 0 0 0 0 1 0 0 0 0 0 0 0 0 0 0 0 0 0
0 0 0 0 0 0 1 0 0 0 -1 1 0 0 0 -1 -1 1 0 0 0 0
0 0 0 0 0 0 0 0 0 0 1 0 0 0 0 0 0 0 0 0 0 0
0 0 0 0 0 0 0 0 0 0 0 1 0 0 0 0 0 0 0 0 0 0
0 0 0 0 0 0 0 1 0 0 0 0 0 -1 1 0 0 0 -1 -1 1 0
0 0 0 0 0 0 0 0 0 0 0 0 0 1 0 0 0 0 0 0 0 0
0 0 0 0 0 0 0 0 0 0 0 0 0 0 1 0 0 0 0 0 0 0
0 0 0 0 0 0 0 0 0 0 0 0 0 0 0 1 0 0 0 0 0 0
0 0 0 0 0 0 0 0 0 0 0 0 0 0 0 0 1 0 0 0 0 0
0 0 0 0 0 0 0 0 0 0 0 0 0 0 0 0 0 1 0 0 0 0
0 0 0 0 0 0 0 0 0 0 0 0 0 0 0 0 0 0 1 0 0 0
0 0 0 0 0 0 0 0 0 0 0 0 0 0 0 0 0 0 0 1 0 0
0 0 0 0 0 0 0 0 0 0 0 0 0 0 0 0 0 0 0 0 1 0
0 1 0 0 0 0 0 0 0 0 0 0 1 0 0 0 0 0 0 0 0 2
