GM:(0,0,0)  R:(-1/2,-1/2,-1/2)  S:(0,-1/2,-1/2)  T:(1/2,0,-1)  Y:(0,0,-1)  Z:(1/2,0,0)
GM:(0,0,0)  L:(1/2,1/2,1/2)  V:(1/2,1/2,0)  M:(0,1,1/2)  Y:(0,1,0)  A:(0,0,1/2)
GM1  GM2  GM4  GM3  (R)L1  (R)L2  (S)V1  (S)V2  (T)M1  (T)M2  (T)M4  (T)M3  Y1  Y2  Y4  Y3  (Z)A1  (Z)A2  (Z)A4  (Z)A3
1 1 1 1 1 1 1 1 1 1 1 1 1 1 1 1 1 1 1 1
2a (m'm'2,2) A 1 1;2a (m'm'2,2) B 1 1;2a (m'm'2,2) 1E 1 1;2a (m'm'2,2) 2E 1 1;2b (m'm'2,2) A 1 1;2b (m'm'2,2) B 1 1;2b (m'm'2,2) 1E 1 1;2b (m'm'2,2) 2E 1 1
1 0 0 0 1 0 1 0 1 0 0 0 1 0 0 0 1 0 0 0
0 1 0 0 1 0 1 0 0 1 0 0 0 1 0 0 0 1 0 0
0 0 1 0 0 1 0 1 0 0 1 0 0 0 1 0 0 0 1 0
0 0 0 1 0 1 0 1 0 0 0 1 0 0 0 1 0 0 0 1
1 0 0 0 1 0 1 0 0 1 0 0 1 0 0 0 0 1 0 0
0 1 0 0 1 0 1 0 1 0 0 0 0 1 0 0 1 0 0 0
0 0 1 0 0 1 0 1 0 0 0 1 0 0 1 0 0 0 0 1
0 0 0 1 0 1 0 1 0 0 1 0 0 0 0 1 0 0 1 0

0 0 0 0 0 0 0 0 1 0 0 0 0 0 0 0 0 0 0 0
0 1 0 0 0 0 0 0 0 0 0 0 0 0 0 0 0 0 0 0
0 0 0 0 0 0 0 0 0 0 1 0 0 0 0 0 0 0 0 0
0 0 0 1 0 0 0 0 0 0 0 0 0 0 0 0 0 0 0 0
1 0 0 0 0 0 0 0 -1 0 0 0 0 0 0 0 0 0 0 0
0 0 1 0 0 0 0 0 0 0 -1 0 0 0 0 0 0 0 0 0
-1 -1 0 0 0 0 1 0 0 0 0 0 0 0 0 0 0 0 0 0
0 0 -1 -1 0 0 0 1 0 0 0 0 0 0 0 0 0 0 0 0
-1 -1 0 0 1 0 0 0 0 0 0 0 0 0 0 0 0 0 0 0
-1 -1 0 0 0 0 0 0 1 1 0 0 0 0 0 0 0 0 0 0
0 0 -1 -1 0 1 0 0 0 0 0 0 0 0 0 0 0 0 0 0
0 0 -1 -1 0 0 0 0 0 0 1 1 0 0 0 0 0 0 0 0
-1 0 0 0 0 0 0 0 0 0 0 0 1 0 0 0 0 0 0 0
0 -1 0 0 0 0 0 0 0 0 0 0 0 1 0 0 0 0 0 0
0 0 -1 0 0 0 0 0 0 0 0 0 0 0 1 0 0 0 0 0
0 0 0 -1 0 0 0 0 0 0 0 0 0 0 0 1 0 0 0 0
0 0 0 0 0 0 0 0 -1 0 0 0 0 0 0 0 1 0 0 0
-1 -1 0 0 0 0 0 0 1 0 0 0 0 0 0 0 0 1 0 0
0 0 0 0 0 0 0 0 0 0 -1 0 0 0 0 0 0 0 1 0
0 0 -1 -1 0 0 0 0 0 0 1 0 0 0 0 0 0 0 0 1

1 0 0 0 0 0 0 0
0 1 0 0 0 0 0 0
0 0 1 0 0 0 0 0
0 0 0 1 0 0 0 0
0 0 0 0 1 0 0 0
0 0 0 0 0 1 0 0
0 0 0 0 0 0 0 0
0 0 0 0 0 0 0 0
0 0 0 0 0 0 0 0
0 0 0 0 0 0 0 0
0 0 0 0 0 0 0 0
0 0 0 0 0 0 0 0
0 0 0 0 0 0 0 0
0 0 0 0 0 0 0 0
0 0 0 0 0 0 0 0
0 0 0 0 0 0 0 0
0 0 0 0 0 0 0 0
0 0 0 0 0 0 0 0
0 0 0 0 0 0 0 0
0 0 0 0 0 0 0 0

1 0 0 0 0 0 -1 0
0 1 0 0 0 0 -1 0
0 0 1 0 0 0 0 -1
0 0 0 1 0 0 0 -1
0 0 0 0 1 0 1 0
0 0 0 0 0 0 1 0
0 0 0 0 0 1 0 1
0 0 0 0 0 0 0 1
