GM:(0,0,0)  F:(0,1/2,1)  L:(-1/2,1/2,1/2)  T:(0,0,3/2)
GM:(0,0,0)  F:(0,1/2,1)  L:(-1/2,1/2,1/2)  T:(0,0,3/2)
GM3  GM2  GM1  GM5  GM6  GM4  F1  F2  L1  L2  T3  T2  T1  T5  T6  T4
1 1 1 1 1 1 1 1 1 1 1 1 1 1 1 1
3a (3m',3) 1E 1 1,3a (3m',3) 2E 1 1,3a (3m',3) A1 1 1,3a (3m',3) 1E 1 1,3a (3m',3) 2E 1 1,3a (3m',3) E 1 1
1 0 0 0 0 0 1 0 1 0 1 0 0 0 0 0
0 1 0 0 0 0 1 0 1 0 0 1 0 0 0 0
0 0 1 0 0 0 1 0 1 0 0 0 1 0 0 0
0 0 0 1 0 0 0 1 0 1 0 0 0 1 0 0
0 0 0 0 1 0 0 1 0 1 0 0 0 0 1 0
0 0 0 0 0 1 0 1 0 1 0 0 0 0 0 1

1 0 0 0 0 0 0 0 0 0 0 0 0 0 0 0
0 1 0 0 0 0 0 0 0 0 0 0 0 0 0 0
0 0 1 0 0 0 0 0 0 0 0 0 0 0 0 0
0 0 0 1 0 0 0 0 0 0 0 0 0 0 0 0
0 0 0 0 1 0 0 0 0 0 0 0 0 0 0 0
0 0 0 0 0 1 0 0 0 0 0 0 0 0 0 0
-1 -1 -1 0 0 0 1 0 0 0 0 0 0 0 0 0
0 0 0 -1 -1 -1 0 1 0 0 0 0 0 0 0 0
-1 -1 -1 0 0 0 0 0 1 0 0 0 0 0 0 0
0 0 0 -1 -1 -1 0 0 0 1 0 0 0 0 0 0
-1 0 0 0 0 0 0 0 0 0 1 0 0 0 0 0
0 -1 0 0 0 0 0 0 0 0 0 1 0 0 0 0
0 0 -1 0 0 0 0 0 0 0 0 0 1 0 0 0
0 0 0 -1 0 0 0 0 0 0 0 0 0 1 0 0
0 0 0 0 -1 0 0 0 0 0 0 0 0 0 1 0
0 0 0 0 0 -1 0 0 0 0 0 0 0 0 0 1

1 0 0 0 0 0
0 1 0 0 0 0
0 0 1 0 0 0
0 0 0 1 0 0
0 0 0 0 1 0
0 0 0 0 0 1
0 0 0 0 0 0
0 0 0 0 0 0
0 0 0 0 0 0
0 0 0 0 0 0
0 0 0 0 0 0
0 0 0 0 0 0
0 0 0 0 0 0
0 0 0 0 0 0
0 0 0 0 0 0
0 0 0 0 0 0

1 0 0 0 0 0
0 1 0 0 0 0
0 0 1 0 0 0
0 0 0 1 0 0
0 0 0 0 1 0
0 0 0 0 0 1
