GM:(0,0,0)  M:(1/2,1/2,0)  R:(1/2,1/2,1/2)  X:(0,1/2,0)
GM:(0,0,0)  M:(1/2,1/2,0)  R:(1/2,1/2,1/2)  X:(0,1/2,0)
GM2  GM3  GM1  GM4  GM7  GM6  GM5  M1  M2  M3M4  M5  R2  R3  R1  R4  R7  R6  R5  X1  X2X3  X4  X5
1 1 1 3 2 2 2 1 1 2 2 1 1 1 3 2 2 2 1 2 1 2
1a (4'3m',23) 1E 1 1,1a (4'3m',23) 2E 1 1,1a (4'3m',23) A 1 1,1a (4'3m',23) T 3 1,1a (4'3m',23) 1F 2 1,1a (4'3m',23) 2F 2 1,1a (4'3m',23) E 2 1,1b (4'3m',23) 1E 1 1,1b (4'3m',23) 2E 1 1,1b (4'3m',23) A 1 1,1b (4'3m',23) T 3 1,1b (4'3m',23) 1F 2 1,1b (4'3m',23) 2F 2 1,1b (4'3m',23) E 2 1,3c (4'2m',222) A1 3 1,3c (4'2m',222) B1 3 1,3d (4'2m',222) A1 3 1,3d (4'2m',222) B1 3 1
1 0 0 0 0 0 0 1 0 0 0 1 0 0 0 0 0 0 1 0 0 0
0 1 0 0 0 0 0 1 0 0 0 0 1 0 0 0 0 0 1 0 0 0
0 0 1 0 0 0 0 1 0 0 0 0 0 1 0 0 0 0 1 0 0 0
0 0 0 1 0 0 0 0 1 1 0 0 0 0 1 0 0 0 0 1 1 0
0 0 0 0 1 0 0 0 0 0 1 0 0 0 0 1 0 0 0 0 0 1
0 0 0 0 0 1 0 0 0 0 1 0 0 0 0 0 1 0 0 0 0 1
0 0 0 0 0 0 1 0 0 0 1 0 0 0 0 0 0 1 0 0 0 1
1 0 0 0 0 0 0 0 1 0 0 1 0 0 0 0 0 0 0 0 1 0
0 1 0 0 0 0 0 0 1 0 0 0 1 0 0 0 0 0 0 0 1 0
0 0 1 0 0 0 0 0 1 0 0 0 0 1 0 0 0 0 0 0 1 0
0 0 0 1 0 0 0 1 0 1 0 0 0 0 1 0 0 0 1 1 0 0
0 0 0 0 1 0 0 0 0 0 1 0 0 0 0 1 0 0 0 0 0 1
0 0 0 0 0 1 0 0 0 0 1 0 0 0 0 0 1 0 0 0 0 1
0 0 0 0 0 0 1 0 0 0 1 0 0 0 0 0 0 1 0 0 0 1
1 1 1 0 0 0 0 0 1 1 0 0 0 0 1 0 0 0 1 0 2 0
0 0 0 1 0 0 0 1 2 0 0 1 1 1 0 0 0 0 0 1 1 0
1 1 1 0 0 0 0 1 0 1 0 0 0 0 1 0 0 0 2 0 1 0
0 0 0 1 0 0 0 2 1 0 0 1 1 1 0 0 0 0 1 1 0 0

1 0 0 1 0 0 0 0 -1 0 0 0 0 0 0 0 0 0 0 0 0 0
-1 0 -1 -1 0 0 0 1 0 0 0 0 0 0 0 0 0 0 0 0 1 0
-1 -1 0 -1 0 0 0 1 0 0 0 0 0 0 0 0 0 0 0 0 1 0
0 0 0 1 0 0 0 0 0 0 0 0 0 0 0 0 0 0 0 0 0 0
0 0 0 0 1 0 0 0 0 0 0 0 0 0 0 0 0 0 0 0 0 0
0 0 0 0 0 1 0 0 0 0 0 0 0 0 0 0 0 0 0 0 0 0
0 0 0 0 0 0 1 0 0 0 0 0 0 0 0 0 0 0 0 0 0 0
-1 -1 -1 -2 0 0 0 1 1 0 0 0 0 0 0 0 0 0 0 0 1 0
0 0 0 0 0 0 0 0 -1 0 0 0 0 0 0 0 0 0 0 0 1 0
-1 -1 -1 -2 0 0 0 1 0 1 0 0 0 0 0 0 0 0 0 0 1 0
0 0 0 0 -1 -1 -1 0 0 0 1 0 0 0 0 0 0 0 0 0 0 0
-1 0 0 0 0 0 0 0 -1 0 0 1 0 0 0 0 0 0 0 0 1 0
0 -1 0 0 0 0 0 0 -1 0 0 0 1 0 0 0 0 0 0 0 1 0
0 0 -1 0 0 0 0 0 -1 0 0 0 0 1 0 0 0 0 0 0 1 0
-1 -1 -1 -2 0 0 0 1 0 0 0 0 0 0 1 0 0 0 0 0 1 0
0 0 0 0 -1 0 0 0 0 0 0 0 0 0 0 1 0 0 0 0 0 0
0 0 0 0 0 -1 0 0 0 0 0 0 0 0 0 0 1 0 0 0 0 0
0 0 0 0 0 0 -1 0 0 0 0 0 0 0 0 0 0 1 0 0 0 0
-1 -1 -1 -1 0 0 0 0 0 0 0 0 0 0 0 0 0 0 1 0 1 0
0 0 0 -1 0 0 0 0 0 0 0 0 0 0 0 0 0 0 0 1 0 0
-1 -1 -1 -1 0 0 0 1 -1 0 0 0 0 0 0 0 0 0 0 0 2 0
0 0 0 0 -1 -1 -1 0 0 0 0 0 0 0 0 0 0 0 0 0 0 1

1 0 0 0 0 0 0 0 0 0 0 0 0 0 0 0 0 0
0 1 0 0 0 0 0 0 0 0 0 0 0 0 0 0 0 0
0 0 1 0 0 0 0 0 0 0 0 0 0 0 0 0 0 0
0 0 0 1 0 0 0 0 0 0 0 0 0 0 0 0 0 0
0 0 0 0 1 0 0 0 0 0 0 0 0 0 0 0 0 0
0 0 0 0 0 1 0 0 0 0 0 0 0 0 0 0 0 0
0 0 0 0 0 0 1 0 0 0 0 0 0 0 0 0 0 0
0 0 0 0 0 0 0 1 0 0 0 0 0 0 0 0 0 0
0 0 0 0 0 0 0 0 1 0 0 0 0 0 0 0 0 0
0 0 0 0 0 0 0 0 0 0 0 0 0 0 0 0 0 0
0 0 0 0 0 0 0 0 0 0 0 0 0 0 0 0 0 0
0 0 0 0 0 0 0 0 0 0 0 0 0 0 0 0 0 0
0 0 0 0 0 0 0 0 0 0 0 0 0 0 0 0 0 0
0 0 0 0 0 0 0 0 0 0 0 0 0 0 0 0 0 0
0 0 0 0 0 0 0 0 0 0 0 0 0 0 0 0 0 0
0 0 0 0 0 0 0 0 0 0 0 0 0 0 0 0 0 0
0 0 0 0 0 0 0 0 0 0 0 0 0 0 0 0 0 0
0 0 0 0 0 0 0 0 0 0 0 0 0 0 0 0 0 0
0 0 0 0 0 0 0 0 0 0 0 0 0 0 0 0 0 0
0 0 0 0 0 0 0 0 0 0 0 0 0 0 0 0 0 0
0 0 0 0 0 0 0 0 0 0 0 0 0 0 0 0 0 0
0 0 0 0 0 0 0 0 0 0 0 0 0 0 0 0 0 0

1 0 0 0 0 0 0 0 0 1 -1 0 0 0 1 1 -1 0
0 1 0 0 0 0 0 0 0 0 0 0 0 0 -1 -1 0 -1
0 0 1 0 0 0 0 0 0 -1 0 0 0 0 0 -1 0 -1
0 0 0 1 0 0 0 0 0 0 -1 0 0 0 0 -1 0 -1
0 0 0 0 1 0 0 0 0 0 0 -1 0 0 0 0 0 0
0 0 0 0 0 1 0 0 0 0 0 0 -1 0 0 0 0 0
0 0 0 0 0 0 1 0 0 0 0 0 0 -1 0 0 0 0
0 0 0 0 0 0 0 1 0 -1 1 0 0 0 -1 -2 1 -1
0 0 0 0 0 0 0 0 0 0 0 0 0 0 1 0 0 0
0 0 0 0 0 0 0 0 0 1 0 0 0 0 0 0 0 0
0 0 0 0 0 0 0 0 0 0 1 0 0 0 0 0 0 0
0 0 0 0 0 0 0 0 0 0 0 1 0 0 0 0 0 0
0 0 0 0 0 0 0 0 0 0 0 0 1 0 0 0 0 0
0 0 0 0 0 0 0 0 0 0 0 0 0 1 0 0 0 0
0 0 0 0 0 0 0 0 1 0 0 0 0 0 0 1 -1 1
0 0 0 0 0 0 0 0 0 0 0 0 0 0 0 1 0 0
0 0 0 0 0 0 0 0 0 0 0 0 0 0 0 0 1 0
0 0 0 0 0 0 0 0 0 0 0 0 0 0 0 0 0 1
