GM:(0,0,0)  R:(-1/2,0,1/2)  S:(0,-1/2,1/2)  T:(1/2,1/2,0)  W:(1/2,1/2,1/2)  X:(1,1,1)
GM:(0,0,0)  S:(0,1/2,1/2)  T:(1/2,1/2,0)  R:(1/2,0,1/2)  W:(1/2,1/2,1/2)  X:(1,1,1)
GM1  GM2  GM3  GM4  GM5  (R)S1  (R)S2  (R)S3S4  (S)T1  (S)T2  (S)T3T4  (T)R1  (T)R2  (T)R3R4  W1  W2  W3W4  X1  X2  X3  X4  X5
1 1 1 1 2 1 1 2 1 1 2 1 1 2 1 1 2 1 1 1 1 2
4a (2/m',2) A 2 1;4a (2/m',2) B 2 1;4b (2/m',2) A 2 1;4b (2/m',2) B 2 1;4c (2'/m,m) A' 2 1;4c (2'/m,m) A'' 2 1;4d (2'/m,m) A' 2 1;4d (2'/m,m) A'' 2 1;4e (m'm2',m) A' 2 1;4e (m'm2',m) A'' 2 1;4e (m'm2',m) 1E 2 1;4e (m'm2',m) 2E 2 1
1 1 0 0 0 1 1 0 1 1 0 1 1 0 1 1 0 1 1 0 0 0
0 0 1 1 0 1 1 0 1 1 0 1 1 0 1 1 0 0 0 1 1 0
1 1 0 0 0 1 1 0 1 1 0 1 1 0 1 1 0 1 1 0 0 0
0 0 1 1 0 1 1 0 1 1 0 1 1 0 1 1 0 0 0 1 1 0
1 0 1 0 0 2 0 0 1 1 0 1 1 0 1 1 0 1 0 1 0 0
0 1 0 1 0 0 2 0 1 1 0 1 1 0 1 1 0 0 1 0 1 0
1 0 1 0 0 2 0 0 1 1 0 1 1 0 1 1 0 1 0 1 0 0
0 1 0 1 0 0 2 0 1 1 0 1 1 0 1 1 0 0 1 0 1 0
1 0 1 0 0 2 0 0 1 1 0 1 1 0 1 1 0 1 0 1 0 0
0 1 0 1 0 0 2 0 1 1 0 1 1 0 1 1 0 0 1 0 1 0
0 0 0 0 1 0 0 1 0 0 1 0 0 1 0 0 1 0 0 0 0 1
0 0 0 0 1 0 0 1 0 0 1 0 0 1 0 0 1 0 0 0 0 1

0 1 0 0 0 0 0 0 0 0 0 0 0 0 0 0 0 0 0 0 0 0
-1 1 1 0 0 0 0 0 0 0 0 0 0 0 0 0 0 0 0 0 0 0
1 -1 0 0 0 0 0 0 0 0 0 0 0 0 0 0 0 0 0 0 0 0
0 0 0 0 1 0 0 0 0 0 0 0 0 0 0 0 0 0 0 0 0 0
1 -1 -1 1 0 0 0 0 0 0 0 0 0 0 0 0 0 0 0 0 0 0
-1 0 -1 0 0 1 0 0 0 0 0 0 0 0 0 0 0 0 0 0 0 0
1 -2 -1 0 0 0 1 0 0 0 0 0 0 0 0 0 0 0 0 0 0 0
0 0 0 0 -1 0 0 1 0 0 0 0 0 0 0 0 0 0 0 0 0 0
0 -1 -1 0 0 0 0 0 1 0 0 0 0 0 0 0 0 0 0 0 0 0
0 -1 -1 0 0 0 0 0 0 1 0 0 0 0 0 0 0 0 0 0 0 0
0 0 0 0 -1 0 0 0 0 0 1 0 0 0 0 0 0 0 0 0 0 0
0 -1 -1 0 0 0 0 0 0 0 0 1 0 0 0 0 0 0 0 0 0 0
0 -1 -1 0 0 0 0 0 0 0 0 0 1 0 0 0 0 0 0 0 0 0
0 0 0 0 -1 0 0 0 0 0 0 0 0 1 0 0 0 0 0 0 0 0
0 -1 -1 0 0 0 0 0 0 0 0 0 0 0 1 0 0 0 0 0 0 0
0 -1 -1 0 0 0 0 0 0 0 0 0 0 0 0 1 0 0 0 0 0 0
0 0 0 0 -1 0 0 0 0 0 0 0 0 0 0 0 1 0 0 0 0 0
-1 0 0 0 0 0 0 0 0 0 0 0 0 0 0 0 0 1 0 0 0 0
0 -1 0 0 0 0 0 0 0 0 0 0 0 0 0 0 0 0 1 0 0 0
0 0 -1 0 0 0 0 0 0 0 0 0 0 0 0 0 0 0 0 1 0 0
1 -1 -1 0 0 0 0 0 0 0 0 0 0 0 0 0 0 0 0 0 1 0
0 0 0 0 -1 0 0 0 0 0 0 0 0 0 0 0 0 0 0 0 0 1

1 0 0 0 0 0 0 0 0 0 0 0
0 1 0 0 0 0 0 0 0 0 0 0
0 0 1 0 0 0 0 0 0 0 0 0
0 0 0 1 0 0 0 0 0 0 0 0
0 0 0 0 0 0 0 0 0 0 0 0
0 0 0 0 0 0 0 0 0 0 0 0
0 0 0 0 0 0 0 0 0 0 0 0
0 0 0 0 0 0 0 0 0 0 0 0
0 0 0 0 0 0 0 0 0 0 0 0
0 0 0 0 0 0 0 0 0 0 0 0
0 0 0 0 0 0 0 0 0 0 0 0
0 0 0 0 0 0 0 0 0 0 0 0
0 0 0 0 0 0 0 0 0 0 0 0
0 0 0 0 0 0 0 0 0 0 0 0
0 0 0 0 0 0 0 0 0 0 0 0
0 0 0 0 0 0 0 0 0 0 0 0
0 0 0 0 0 0 0 0 0 0 0 0
0 0 0 0 0 0 0 0 0 0 0 0
0 0 0 0 0 0 0 0 0 0 0 0
0 0 0 0 0 0 0 0 0 0 0 0
0 0 0 0 0 0 0 0 0 0 0 0
0 0 0 0 0 0 0 0 0 0 0 0

1 0 0 0 -1 -1 0 -1 0 -1 0 0
0 1 0 0 0 -1 0 -1 0 -1 -1 0
0 0 0 0 1 0 0 0 0 0 0 0
0 0 0 0 0 0 0 0 0 0 1 0
0 0 1 0 0 1 -1 1 -1 1 0 0
0 0 0 0 0 1 0 0 0 0 0 0
0 0 0 0 0 0 1 0 0 0 0 0
0 0 0 0 0 0 0 1 0 0 0 0
0 0 0 0 0 0 0 0 1 0 0 0
0 0 0 0 0 0 0 0 0 1 0 0
0 0 0 1 0 0 0 0 0 0 0 -1
0 0 0 0 0 0 0 0 0 0 0 1
