A:(1/2,1/2,1/2)  GM:(0,0,0)  M:(1/2,1/2,0)  R:(0,1/2,-1/2)  RA:(1/2,0,1/2)  X:(0,1/2,0)  XA:(1/2,0,0)  Z:(0,0,1/2)
C:(1/2,1/2,0)  GM:(0,0,0)  Y:(1/2,0,0)  D:(0,1/2,1/2)  E:(1/2,1/2,1/2)  B:(0,0,1/2)  A:(1/2,0,1/2)  Z:(0,1/2,0)
(A)C1+  (A)C1-  (A)C2+C2+  (A)C2-C2-  (A)C3C4  (A)C5C6  GM1+  GM1-  GM2+GM2+  GM2-GM2-  GM3GM4  GM5GM6  (M)Y1-Y1+  (M)Y2-Y2+  (M)Y3Y6  (M)Y4Y5  (R)D1  (R)D2  (RA)E1  (RA)E2  (X)B1  (X)B2  (XA)A1  (XA)A2  Z1-Z1+  Z2-Z2+  Z3Z6  Z4Z5
1 1 2 2 2 2 1 1 2 2 2 2 2 2 2 2 2 2 2 2 2 2 2 2 2 2 2 2
2a (4',2) A 2 1,2a (4',2) BB 4 1,2a (4',2) 1E2E 4 1,2b (4',2) A 2 1,2b (4',2) BB 4 1,2b (4',2) 1E2E 4 1,4c (1,1) Ag 4 1,4c (1,1) Au 4 1,4c (1,1) Ag 4 1,4c (1,1) Au 4 1,4d (1,1) Ag 4 1,4d (1,1) Au 4 1,4d (1,1) Ag 4 1,4d (1,1) Au 4 1,4e (2,2) A 4 1,4e (2,2) B 4 1,4e (2,2) 1E 4 1,4e (2,2) 2E 4 1
1 1 0 0 0 0 1 1 0 0 0 0 1 0 0 0 1 0 1 0 1 0 1 0 1 0 0 0
0 0 1 1 0 0 0 0 1 1 0 0 0 2 0 0 2 0 2 0 2 0 2 0 0 2 0 0
0 0 0 0 1 1 0 0 0 0 1 1 0 0 1 1 0 2 0 2 0 2 0 2 0 0 1 1
1 1 0 0 0 0 1 1 0 0 0 0 1 0 0 0 1 0 1 0 1 0 1 0 1 0 0 0
0 0 1 1 0 0 0 0 1 1 0 0 0 2 0 0 2 0 2 0 2 0 2 0 0 2 0 0
0 0 0 0 1 1 0 0 0 0 1 1 0 0 1 1 0 2 0 2 0 2 0 2 0 0 1 1
2 0 1 0 0 0 2 0 1 0 0 0 1 1 0 0 2 0 2 0 2 0 2 0 1 1 0 0
0 2 0 1 0 0 0 2 0 1 0 0 1 1 0 0 2 0 2 0 2 0 2 0 1 1 0 0
0 0 0 0 2 0 0 0 0 0 2 0 0 0 1 1 0 2 0 2 0 2 0 2 0 0 1 1
0 0 0 0 0 2 0 0 0 0 0 2 0 0 1 1 0 2 0 2 0 2 0 2 0 0 1 1
0 2 0 1 0 0 2 0 1 0 0 0 1 1 0 0 2 0 2 0 2 0 2 0 1 1 0 0
2 0 1 0 0 0 0 2 0 1 0 0 1 1 0 0 2 0 2 0 2 0 2 0 1 1 0 0
0 0 0 0 0 2 0 0 0 0 2 0 0 0 1 1 0 2 0 2 0 2 0 2 0 0 1 1
0 0 0 0 2 0 0 0 0 0 0 2 0 0 1 1 0 2 0 2 0 2 0 2 0 0 1 1
0 0 1 1 0 0 2 2 0 0 0 0 0 2 0 0 2 0 2 0 2 0 2 0 2 0 0 0
2 2 0 0 0 0 0 0 1 1 0 0 2 0 0 0 2 0 2 0 2 0 2 0 0 2 0 0
0 0 0 0 1 1 0 0 0 0 1 1 0 0 1 1 0 2 0 2 0 2 0 2 0 0 1 1
0 0 0 0 1 1 0 0 0 0 1 1 0 0 1 1 0 2 0 2 0 2 0 2 0 0 1 1

0 0 -1 -1 0 0 0 1 0 0 0 0 0 0 0 0 0 0 0 0 0 0 0 0 0 1 0 0
0 0 0 0 0 0 0 0 0 1 0 0 0 0 0 0 0 0 0 0 0 0 0 0 0 0 0 0
0 0 0 0 0 0 0 0 0 0 0 1 0 0 0 0 0 0 0 0 0 0 0 0 0 0 0 0
-1 0 1 -2 0 0 1 0 0 1 0 0 0 0 0 0 0 0 0 0 0 0 0 0 0 0 0 0
0 0 0 0 0 0 0 0 0 0 0 -1 0 0 0 0 0 0 0 0 0 0 0 0 0 0 0 1
-1 0 0 -1 0 0 1 0 0 1 0 0 0 0 0 0 0 0 0 0 0 0 0 0 0 0 0 0
0 0 0 0 0 1 0 0 0 0 0 -1 0 0 0 0 0 0 0 0 0 0 0 0 0 0 0 0
-2 0 1 -3 0 0 1 1 0 0 0 0 0 0 0 0 0 0 0 0 0 0 0 0 0 1 0 0
-2 0 0 -4 0 0 1 1 1 1 0 0 0 0 0 0 0 0 0 0 0 0 0 0 0 1 0 0
-1 0 0 -2 0 0 1 0 0 2 0 0 0 0 0 0 0 0 0 0 0 0 0 0 0 0 0 0
0 0 0 0 -1 -1 0 0 0 0 1 1 0 0 0 0 0 0 0 0 0 0 0 0 0 0 0 0
-1 1 2 -2 0 0 0 0 0 0 0 0 0 0 0 0 0 0 0 0 0 0 0 0 0 0 0 0
-1 0 1 -1 0 0 0 0 0 0 0 0 1 0 0 0 0 0 0 0 0 0 0 0 0 0 0 0
0 0 -1 -1 0 0 0 0 0 0 0 0 0 1 0 0 0 0 0 0 0 0 0 0 0 0 0 0
0 0 0 0 -1 -1 0 0 0 0 0 0 0 0 1 0 0 0 0 0 0 0 0 0 0 0 0 1
0 0 0 0 -1 -1 0 0 0 0 0 0 0 0 0 1 0 0 0 0 0 0 0 0 0 0 0 1
-1 0 0 -2 0 0 0 0 0 0 0 0 0 0 0 0 1 0 0 0 0 0 0 0 0 0 0 0
0 0 0 0 -1 -1 0 0 0 0 0 0 0 0 0 0 0 1 0 0 0 0 0 0 0 0 0 0
-1 0 0 -2 0 0 0 0 0 0 0 0 0 0 0 0 0 0 1 0 0 0 0 0 0 0 0 0
0 0 0 0 -1 -1 0 0 0 0 0 0 0 0 0 0 0 0 0 1 0 0 0 0 0 0 0 0
-1 0 0 -2 0 0 0 0 0 0 0 0 0 0 0 0 0 0 0 0 1 0 0 0 0 0 0 0
0 0 0 0 -1 -1 0 0 0 0 0 0 0 0 0 0 0 0 0 0 0 1 0 0 0 0 0 0
-1 0 0 -2 0 0 0 0 0 0 0 0 0 0 0 0 0 0 0 0 0 0 1 0 0 0 0 0
0 0 0 0 -1 -1 0 0 0 0 0 0 0 0 0 0 0 0 0 0 0 0 0 1 0 0 0 0
-1 0 0 -2 0 0 0 0 0 0 0 0 0 0 0 0 0 0 0 0 0 0 0 0 1 1 0 0
-2 0 0 -4 0 0 1 1 0 0 0 0 0 0 0 0 0 0 0 0 0 0 0 0 0 2 0 0
0 0 0 0 -1 -1 0 0 0 0 0 0 0 0 0 0 0 0 0 0 0 0 0 0 0 0 1 1
0 0 0 0 -1 -1 0 0 0 0 0 0 0 0 0 0 0 0 0 0 0 0 0 0 0 0 0 2

1 0 0 0 0 0 0 0 0 0 0 0 0 0 0 0 0 0
0 1 0 0 0 0 0 0 0 0 0 0 0 0 0 0 0 0
0 0 1 0 0 0 0 0 0 0 0 0 0 0 0 0 0 0
0 0 0 1 0 0 0 0 0 0 0 0 0 0 0 0 0 0
0 0 0 0 1 0 0 0 0 0 0 0 0 0 0 0 0 0
0 0 0 0 0 1 0 0 0 0 0 0 0 0 0 0 0 0
0 0 0 0 0 0 2 0 0 0 0 0 0 0 0 0 0 0
0 0 0 0 0 0 0 2 0 0 0 0 0 0 0 0 0 0
0 0 0 0 0 0 0 0 0 0 0 0 0 0 0 0 0 0
0 0 0 0 0 0 0 0 0 0 0 0 0 0 0 0 0 0
0 0 0 0 0 0 0 0 0 0 0 0 0 0 0 0 0 0
0 0 0 0 0 0 0 0 0 0 0 0 0 0 0 0 0 0
0 0 0 0 0 0 0 0 0 0 0 0 0 0 0 0 0 0
0 0 0 0 0 0 0 0 0 0 0 0 0 0 0 0 0 0
0 0 0 0 0 0 0 0 0 0 0 0 0 0 0 0 0 0
0 0 0 0 0 0 0 0 0 0 0 0 0 0 0 0 0 0
0 0 0 0 0 0 0 0 0 0 0 0 0 0 0 0 0 0
0 0 0 0 0 0 0 0 0 0 0 0 0 0 0 0 0 0
0 0 0 0 0 0 0 0 0 0 0 0 0 0 0 0 0 0
0 0 0 0 0 0 0 0 0 0 0 0 0 0 0 0 0 0
0 0 0 0 0 0 0 0 0 0 0 0 0 0 0 0 0 0
0 0 0 0 0 0 0 0 0 0 0 0 0 0 0 0 0 0
0 0 0 0 0 0 0 0 0 0 0 0 0 0 0 0 0 0
0 0 0 0 0 0 0 0 0 0 0 0 0 0 0 0 0 0
0 0 0 0 0 0 0 0 0 0 0 0 0 0 0 0 0 0
0 0 0 0 0 0 0 0 0 0 0 0 0 0 0 0 0 0
0 0 0 0 0 0 0 0 0 0 0 0 0 0 0 0 0 0
0 0 0 0 0 0 0 0 0 0 0 0 0 0 0 0 0 0

1 0 0 0 0 0 0 0 0 0 0 -2 -1 0 -2 -2 0 0
0 1 0 0 0 0 0 0 -1 0 0 -1 0 0 -1 -1 0 0
0 0 1 0 0 0 0 0 0 -2 -1 0 0 -2 0 0 -1 -1
0 0 0 0 0 0 0 0 0 0 0 0 1 0 0 0 0 0
0 0 0 0 0 0 0 0 1 0 0 0 0 0 0 0 0 0
0 0 0 0 0 0 0 0 0 0 1 0 0 0 0 0 0 0
0 0 0 1 0 0 0 -1 0 0 0 0 0 0 1 0 0 0
0 0 0 0 0 0 0 0 0 0 0 0 0 0 1 0 0 0
0 0 0 0 1 0 -1 0 0 1 0 0 0 0 0 0 0 0
0 0 0 0 0 0 0 0 0 1 0 0 0 0 0 0 0 0
0 0 0 0 0 1 0 -1 0 0 0 1 0 0 0 0 0 0
0 0 0 0 0 0 0 0 0 0 0 1 0 0 0 0 0 0
0 0 0 0 0 0 1 0 0 0 0 0 0 1 0 0 0 0
0 0 0 0 0 0 0 0 0 0 0 0 0 1 0 0 0 0
0 0 0 0 0 0 0 1 0 0 0 0 0 0 0 1 0 0
0 0 0 0 0 0 0 0 0 0 0 0 0 0 0 1 0 0
0 0 0 0 0 0 0 0 0 0 0 0 0 0 0 0 1 0
0 0 0 0 0 0 0 0 0 0 0 0 0 0 0 0 0 1
