GM:(0,0,0)  A:(0,0,1/2)  H:(1/3,1/3,1/2)  K:(1/3,1/3,0)  L:(1/2,0,1/2)  M:(1/2,0,0)
GM:(0,0,0)  A:(0,0,1/2)  H:(1/3,1/3,1/2)  K:(1/3,1/3,0)  L:(1/2,0,1/2)  M:(1/2,0,0)
GM1  GM2  GM3  GM5  GM4  GM6  A1  A2  A3  A5  A4  A6  H1  H2H3  H4  H5H6  K1  K2K3  K4  K5K6  L1  L2  L4  L3  M1  M2  M4  M3
1 1 2 1 1 2 1 1 2 1 1 2 1 2 1 2 1 2 1 2 1 1 1 1 1 1 1 1
1a (6'mm',3m) A1 1 1,1a (6'mm',3m) A2 1 1,1a (6'mm',3m) E 2 1,1a (6'mm',3m) 1E 1 1,1a (6'mm',3m) 2E 1 1,1a (6'mm',3m) E1 2 1,2b (3m,3m) A1 2 1,2b (3m,3m) A2 2 1,2b (3m,3m) E 4 0,2b (3m,3m) 1E 2 1,2b (3m,3m) 2E 2 1,2b (3m,3m) E1 4 0,3c (m'm2',m) A' 3 0,3c (m'm2',m) A'' 3 0,3c (m'm2',m) 1E 3 0,3c (m'm2',m) 2E 3 0
1 0 0 0 0 0 1 0 0 0 0 0 1 0 0 0 1 0 0 0 1 0 0 0 1 0 0 0
0 1 0 0 0 0 0 1 0 0 0 0 1 0 0 0 1 0 0 0 0 1 0 0 0 1 0 0
0 0 1 0 0 0 0 0 1 0 0 0 0 1 0 0 0 1 0 0 1 1 0 0 1 1 0 0
0 0 0 1 0 0 0 0 0 1 0 0 0 0 1 0 0 0 1 0 0 0 1 0 0 0 1 0
0 0 0 0 1 0 0 0 0 0 1 0 0 0 1 0 0 0 1 0 0 0 0 1 0 0 0 1
0 0 0 0 0 1 0 0 0 0 0 1 0 0 0 1 0 0 0 1 0 0 1 1 0 0 1 1
2 0 0 0 0 0 2 0 0 0 0 0 0 1 0 0 0 1 0 0 2 0 0 0 2 0 0 0
0 2 0 0 0 0 0 2 0 0 0 0 0 1 0 0 0 1 0 0 0 2 0 0 0 2 0 0
0 0 2 0 0 0 0 0 2 0 0 0 2 1 0 0 2 1 0 0 2 2 0 0 2 2 0 0
0 0 0 2 0 0 0 0 0 2 0 0 0 0 0 1 0 0 0 1 0 0 2 0 0 0 2 0
0 0 0 0 2 0 0 0 0 0 2 0 0 0 0 1 0 0 0 1 0 0 0 2 0 0 0 2
0 0 0 0 0 2 0 0 0 0 0 2 0 0 2 1 0 0 2 1 0 0 2 2 0 0 2 2
1 0 1 0 0 0 1 0 1 0 0 0 1 1 0 0 1 1 0 0 2 1 0 0 2 1 0 0
0 1 1 0 0 0 0 1 1 0 0 0 1 1 0 0 1 1 0 0 1 2 0 0 1 2 0 0
0 0 0 0 1 1 0 0 0 0 1 1 0 0 1 1 0 0 1 1 0 0 1 2 0 0 1 2
0 0 0 1 0 1 0 0 0 1 0 1 0 0 1 1 0 0 1 1 0 0 2 1 0 0 2 1

0 -1 0 0 0 0 0 0 0 0 0 0 1 0 0 0 0 0 0 0 0 0 0 0 0 0 0 0
0 1 0 0 0 0 0 0 0 0 0 0 0 0 0 0 0 0 0 0 0 0 0 0 0 0 0 0
0 0 1 0 0 0 0 0 0 0 0 0 0 0 0 0 0 0 0 0 0 0 0 0 0 0 0 0
0 0 0 0 -1 0 0 0 0 0 0 0 0 0 1 0 0 0 0 0 0 0 0 0 0 0 0 0
0 0 0 0 1 0 0 0 0 0 0 0 0 0 0 0 0 0 0 0 0 0 0 0 0 0 0 0
0 0 0 0 0 1 0 0 0 0 0 0 0 0 0 0 0 0 0 0 0 0 0 0 0 0 0 0
0 0 -1 0 0 0 0 0 0 0 0 0 0 0 0 0 0 1 0 0 0 0 0 0 0 0 0 0
0 0 0 0 0 -1 0 0 0 0 0 0 0 0 0 0 0 0 0 1 0 0 0 0 0 0 0 0
0 0 -1 0 0 0 0 0 1 0 0 0 0 0 0 0 0 0 0 0 0 0 0 0 0 0 0 0
0 0 0 -1 0 0 0 0 0 1 0 0 0 0 0 0 0 0 0 0 0 0 0 0 0 0 0 0
0 0 0 0 -1 0 0 0 0 0 1 0 0 0 0 0 0 0 0 0 0 0 0 0 0 0 0 0
0 0 0 0 0 -1 0 0 0 0 0 1 0 0 0 0 0 0 0 0 0 0 0 0 0 0 0 0
-1 0 0 0 0 0 1 0 0 0 0 0 0 0 0 0 0 0 0 0 0 0 0 0 0 0 0 0
-1 -1 -2 0 0 0 0 0 0 0 0 0 1 1 0 0 0 1 0 0 0 0 0 0 0 0 0 0
0 -1 0 0 0 0 0 1 0 0 0 0 0 0 0 0 0 0 0 0 0 0 0 0 0 0 0 0
0 0 0 -1 -1 -2 0 0 0 0 0 0 0 0 1 1 0 0 0 1 0 0 0 0 0 0 0 0
0 0 0 0 0 0 0 0 0 0 0 0 -1 0 0 0 1 0 0 0 0 0 0 0 0 0 0 0
-1 -1 -2 0 0 0 0 0 0 0 0 0 1 0 0 0 0 2 0 0 0 0 0 0 0 0 0 0
0 0 0 0 0 0 0 0 0 0 0 0 0 0 -1 0 0 0 1 0 0 0 0 0 0 0 0 0
0 0 0 -1 -1 -2 0 0 0 0 0 0 0 0 1 0 0 0 0 2 0 0 0 0 0 0 0 0
-1 0 -1 0 0 0 0 0 0 0 0 0 0 0 0 0 0 0 0 0 1 0 0 0 0 0 0 0
0 -1 -1 0 0 0 0 0 0 0 0 0 0 0 0 0 0 0 0 0 0 1 0 0 0 0 0 0
0 0 0 -1 0 -1 0 0 0 0 0 0 0 0 0 0 0 0 0 0 0 0 1 0 0 0 0 0
0 0 0 0 -1 -1 0 0 0 0 0 0 0 0 0 0 0 0 0 0 0 0 0 1 0 0 0 0
-1 0 -1 0 0 0 0 0 0 0 0 0 0 0 0 0 0 0 0 0 0 0 0 0 1 0 0 0
0 -1 -1 0 0 0 0 0 0 0 0 0 0 0 0 0 0 0 0 0 0 0 0 0 0 1 0 0
0 0 0 -1 0 -1 0 0 0 0 0 0 0 0 0 0 0 0 0 0 0 0 0 0 0 0 1 0
0 0 0 0 -1 -1 0 0 0 0 0 0 0 0 0 0 0 0 0 0 0 0 0 0 0 0 0 1

1 0 0 0 0 0 0 0 0 0 0 0 0 0 0 0
0 1 0 0 0 0 0 0 0 0 0 0 0 0 0 0
0 0 1 0 0 0 0 0 0 0 0 0 0 0 0 0
0 0 0 1 0 0 0 0 0 0 0 0 0 0 0 0
0 0 0 0 1 0 0 0 0 0 0 0 0 0 0 0
0 0 0 0 0 1 0 0 0 0 0 0 0 0 0 0
0 0 0 0 0 0 1 0 0 0 0 0 0 0 0 0
0 0 0 0 0 0 0 1 0 0 0 0 0 0 0 0
0 0 0 0 0 0 0 0 0 0 0 0 0 0 0 0
0 0 0 0 0 0 0 0 0 0 0 0 0 0 0 0
0 0 0 0 0 0 0 0 0 0 0 0 0 0 0 0
0 0 0 0 0 0 0 0 0 0 0 0 0 0 0 0
0 0 0 0 0 0 0 0 0 0 0 0 0 0 0 0
0 0 0 0 0 0 0 0 0 0 0 0 0 0 0 0
0 0 0 0 0 0 0 0 0 0 0 0 0 0 0 0
0 0 0 0 0 0 0 0 0 0 0 0 0 0 0 0
0 0 0 0 0 0 0 0 0 0 0 0 0 0 0 0
0 0 0 0 0 0 0 0 0 0 0 0 0 0 0 0
0 0 0 0 0 0 0 0 0 0 0 0 0 0 0 0
0 0 0 0 0 0 0 0 0 0 0 0 0 0 0 0
0 0 0 0 0 0 0 0 0 0 0 0 0 0 0 0
0 0 0 0 0 0 0 0 0 0 0 0 0 0 0 0
0 0 0 0 0 0 0 0 0 0 0 0 0 0 0 0
0 0 0 0 0 0 0 0 0 0 0 0 0 0 0 0
0 0 0 0 0 0 0 0 0 0 0 0 0 0 0 0
0 0 0 0 0 0 0 0 0 0 0 0 0 0 0 0
0 0 0 0 0 0 0 0 0 0 0 0 0 0 0 0
0 0 0 0 0 0 0 0 0 0 0 0 0 0 0 0

1 0 0 0 0 0 0 0 -2 2 0 0 -1 0 0 0
0 1 0 0 0 0 0 0 0 -2 0 0 0 -1 0 0
0 0 1 0 0 0 0 0 -2 0 0 0 -1 -1 0 0
0 0 0 1 0 0 0 0 0 0 2 -2 0 0 0 -1
0 0 0 0 1 0 0 0 0 0 -2 0 0 0 -1 0
0 0 0 0 0 1 0 0 0 0 0 -2 0 0 -1 -1
0 0 0 0 0 0 1 0 1 -1 0 0 0 0 0 0
0 0 0 0 0 0 0 0 0 1 0 0 0 0 0 0
0 0 0 0 0 0 0 0 1 0 0 0 0 0 0 0
0 0 0 0 0 0 0 1 0 0 -1 1 0 0 0 0
0 0 0 0 0 0 0 0 0 0 1 0 0 0 0 0
0 0 0 0 0 0 0 0 0 0 0 1 0 0 0 0
0 0 0 0 0 0 0 0 0 0 0 0 1 0 0 0
0 0 0 0 0 0 0 0 0 0 0 0 0 1 0 0
0 0 0 0 0 0 0 0 0 0 0 0 0 0 1 0
0 0 0 0 0 0 0 0 0 0 0 0 0 0 0 1
