GM:(0,0,0)  R:(1/2,1/2,1/2)  S:(1/2,1/2,0)  T:(1,0,1/2)  Y:(1,0,0)  Z:(0,0,1/2)
GM:(0,0,0)  R:(1/2,1/2,1/2)  S:(1/2,1/2,0)  T:(1,0,1/2)  Y:(1,0,0)  Z:(0,0,1/2)
GM1+  GM2+  GM1-  GM2-  GM3+  GM4+  GM3-  GM4-  GM5  GM6  R1+R2-  R1-R2+  R3R5  R4R6  S1+S2-  S1-S2+  S3S5  S4S6  T1  T2  T3T4  Y1+  Y2+  Y1-  Y2-  Y3+  Y4+  Y3-  Y4-  Y5  Y6  Z1  Z2  Z3Z4
1 1 1 1 1 1 1 1 2 2 2 2 2 2 2 2 2 2 2 2 4 1 1 1 1 1 1 1 1 2 2 2 2 4
8a (2/m,2/m) Ag 4 1;8a (2/m,2/m) Au 4 1;8a (2/m,2/m) Bg 4 1;8a (2/m,2/m) Bu 4 1;8a (2/m,2/m) 1Eg 4 1;8a (2/m,2/m) 1Eu 4 1;8a (2/m,2/m) 2Eg 4 1;8a (2/m,2/m) 2Eu 4 1;8b (2/m,2/m) Ag 4 1;8b (2/m,2/m) Au 4 1;8b (2/m,2/m) Bg 4 1;8b (2/m,2/m) Bu 4 1;8b (2/m,2/m) 1Eg 4 1;8b (2/m,2/m) 1Eu 4 1;8b (2/m,2/m) 2Eg 4 1;8b (2/m,2/m) 2Eu 4 1;8c (2'/m,m) A' 4 1;8c (2'/m,m) A'' 4 1;8d (2'/m,m) A' 4 1;8d (2'/m,m) A'' 4 1;8e (222,222) A1 4 1;8e (222,222) B1 4 1;8e (222,222) B2 4 1;8e (222,222) B3 4 1;8f (2'2'2,2) A 4 1;8f (2'2'2,2) B 4 1;8f (2'2'2,2) 1E 4 1;8f (2'2'2,2) 2E 4 1;8g (2'2'2,2) A 4 1;8g (2'2'2,2) B 4 1;8g (2'2'2,2) 1E 4 1;8g (2'2'2,2) 2E 4 1;8h (2'2'2,2) A 4 1;8h (2'2'2,2) B 4 1;8h (2'2'2,2) 1E 4 1;8h (2'2'2,2) 2E 4 1
2 2 0 0 0 0 0 0 0 0 1 1 0 0 2 0 0 0 2 0 0 2 2 0 0 0 0 0 0 0 0 2 0 0
0 0 2 2 0 0 0 0 0 0 1 1 0 0 0 2 0 0 2 0 0 0 0 2 2 0 0 0 0 0 0 2 0 0
0 0 0 0 2 2 0 0 0 0 1 1 0 0 0 2 0 0 0 2 0 0 0 0 0 2 2 0 0 0 0 0 2 0
0 0 0 0 0 0 2 2 0 0 1 1 0 0 2 0 0 0 0 2 0 0 0 0 0 0 0 2 2 0 0 0 2 0
0 0 0 0 0 0 0 0 2 0 0 0 1 1 0 0 1 1 0 0 1 0 0 0 0 0 0 0 0 2 0 0 0 1
0 0 0 0 0 0 0 0 0 2 0 0 1 1 0 0 1 1 0 0 1 0 0 0 0 0 0 0 0 0 2 0 0 1
0 0 0 0 0 0 0 0 2 0 0 0 1 1 0 0 1 1 0 0 1 0 0 0 0 0 0 0 0 2 0 0 0 1
0 0 0 0 0 0 0 0 0 2 0 0 1 1 0 0 1 1 0 0 1 0 0 0 0 0 0 0 0 0 2 0 0 1
2 2 0 0 0 0 0 0 0 0 1 1 0 0 2 0 0 0 0 2 0 0 0 0 0 0 0 2 2 0 0 2 0 0
0 0 2 2 0 0 0 0 0 0 1 1 0 0 0 2 0 0 0 2 0 0 0 0 0 2 2 0 0 0 0 2 0 0
0 0 0 0 2 2 0 0 0 0 1 1 0 0 0 2 0 0 2 0 0 0 0 2 2 0 0 0 0 0 0 0 2 0
0 0 0 0 0 0 2 2 0 0 1 1 0 0 2 0 0 0 2 0 0 2 2 0 0 0 0 0 0 0 0 0 2 0
0 0 0 0 0 0 0 0 2 0 0 0 2 0 0 0 2 0 0 0 1 0 0 0 0 0 0 0 0 0 2 0 0 1
0 0 0 0 0 0 0 0 0 2 0 0 2 0 0 0 2 0 0 0 1 0 0 0 0 0 0 0 0 2 0 0 0 1
0 0 0 0 0 0 0 0 2 0 0 0 0 2 0 0 0 2 0 0 1 0 0 0 0 0 0 0 0 0 2 0 0 1
0 0 0 0 0 0 0 0 0 2 0 0 0 2 0 0 0 2 0 0 1 0 0 0 0 0 0 0 0 2 0 0 0 1
1 1 0 0 0 0 1 1 0 0 1 1 0 0 2 0 0 0 1 1 0 1 1 0 0 0 0 1 1 0 0 1 1 0
0 0 1 1 1 1 0 0 0 0 1 1 0 0 0 2 0 0 1 1 0 0 0 1 1 1 1 0 0 0 0 1 1 0
1 1 0 0 0 0 1 1 0 0 1 1 0 0 2 0 0 0 1 1 0 1 1 0 0 0 0 1 1 0 0 1 1 0
0 0 1 1 1 1 0 0 0 0 1 1 0 0 0 2 0 0 1 1 0 0 0 1 1 1 1 0 0 0 0 1 1 0
2 0 2 0 0 0 0 0 0 0 1 1 0 0 1 1 0 0 2 0 0 2 0 2 0 0 0 0 0 0 0 2 0 0
0 2 0 2 0 0 0 0 0 0 1 1 0 0 1 1 0 0 2 0 0 0 2 0 2 0 0 0 0 0 0 2 0 0
0 0 0 0 0 2 0 2 0 0 1 1 0 0 1 1 0 0 0 2 0 0 0 0 0 0 2 0 2 0 0 0 2 0
0 0 0 0 2 0 2 0 0 0 1 1 0 0 1 1 0 0 0 2 0 0 0 0 0 2 0 2 0 0 0 0 2 0
1 0 1 0 1 0 1 0 0 0 1 1 0 0 1 1 0 0 1 1 0 1 0 1 0 1 0 1 0 0 0 1 1 0
0 1 0 1 0 1 0 1 0 0 1 1 0 0 1 1 0 0 1 1 0 0 1 0 1 0 1 0 1 0 0 1 1 0
0 0 0 0 0 0 0 0 1 1 0 0 1 1 0 0 1 1 0 0 1 0 0 0 0 0 0 0 0 1 1 0 0 1
0 0 0 0 0 0 0 0 1 1 0 0 1 1 0 0 1 1 0 0 1 0 0 0 0 0 0 0 0 1 1 0 0 1
1 0 1 0 0 1 0 1 0 0 1 1 0 0 1 1 0 0 1 1 0 1 0 1 0 0 1 0 1 0 0 1 1 0
0 1 0 1 1 0 1 0 0 0 1 1 0 0 1 1 0 0 1 1 0 0 1 0 1 1 0 1 0 0 0 1 1 0
0 0 0 0 0 0 0 0 1 1 0 0 1 1 0 0 1 1 0 0 1 0 0 0 0 0 0 0 0 1 1 0 0 1
0 0 0 0 0 0 0 0 1 1 0 0 1 1 0 0 1 1 0 0 1 0 0 0 0 0 0 0 0 1 1 0 0 1
1 1 1 1 0 0 0 0 0 0 1 1 0 0 1 1 0 0 0 2 0 0 0 0 0 1 1 1 1 0 0 2 0 0
0 0 0 0 1 1 1 1 0 0 1 1 0 0 1 1 0 0 2 0 0 1 1 1 1 0 0 0 0 0 0 0 2 0
0 0 0 0 0 0 0 0 1 1 0 0 2 0 0 0 2 0 0 0 1 0 0 0 0 0 0 0 0 1 1 0 0 1
0 0 0 0 0 0 0 0 1 1 0 0 0 2 0 0 0 2 0 0 1 0 0 0 0 0 0 0 0 1 1 0 0 1

0 0 -1 0 0 -1 0 0 0 0 1 0 0 0 0 1 0 0 0 0 0 0 0 0 0 0 0 0 0 0 0 0 0 0
-1 0 -1 0 0 -1 -1 0 0 0 2 0 0 0 0 0 0 0 0 0 0 0 0 1 0 0 0 0 0 0 0 0 0 0
0 0 0 0 1 0 0 0 0 0 0 0 0 0 0 0 0 0 0 0 0 0 0 0 0 0 0 0 0 0 0 0 0 0
0 0 0 0 0 0 1 0 0 0 0 0 0 0 0 0 0 0 0 0 0 0 0 0 0 0 0 0 0 0 0 0 0 0
0 0 0 0 0 0 0 0 1 1 0 0 -1 0 0 0 0 0 0 0 0 0 0 0 0 0 0 0 0 0 0 0 0 0
0 0 0 0 0 0 0 0 0 1 0 0 0 0 0 0 0 0 0 0 0 0 0 0 0 0 0 0 0 0 0 0 0 0
1 0 0 0 0 0 0 0 0 0 0 0 0 0 0 0 0 0 0 0 0 -1 0 0 0 0 0 0 0 0 0 0 0 0
0 0 0 0 -1 1 0 0 0 0 0 0 0 0 0 0 0 0 0 0 0 0 0 0 0 0 0 0 0 0 0 0 0 0
1 0 -1 0 -1 1 0 0 -1 -1 0 0 1 0 0 0 0 0 0 0 0 -1 0 1 0 0 0 0 0 0 0 0 0 1
2 0 -1 0 -2 2 1 0 0 0 -2 0 0 0 0 1 0 0 0 0 0 -1 0 1 0 0 0 0 0 0 0 0 0 0
3 0 -1 0 -4 4 2 0 2 1 -4 0 -2 0 0 2 0 0 0 0 0 -1 0 1 0 0 0 0 0 -1 0 0 0 0
0 0 0 0 -2 2 0 0 2 1 0 0 -2 0 0 0 0 0 0 0 0 0 0 0 0 0 0 0 0 -1 0 0 0 0
0 0 0 0 0 0 0 0 0 0 -1 1 0 0 0 0 0 0 0 0 0 0 0 0 0 0 0 0 0 0 0 0 0 0
0 0 0 0 0 0 0 0 -1 -1 0 0 1 1 0 0 0 0 0 0 0 0 0 0 0 0 0 0 0 0 0 0 0 0
0 0 0 0 0 0 0 0 0 0 -2 0 0 0 1 1 0 0 0 0 0 0 0 0 0 0 0 0 0 0 0 0 0 0
1 0 -1 0 -1 0 1 0 0 0 -2 0 0 0 0 2 0 0 0 0 0 0 0 0 0 0 0 0 0 0 0 0 0 0
0 0 0 0 0 0 0 0 0 0 0 0 -1 0 0 0 1 0 0 0 0 0 0 0 0 0 0 0 0 0 0 0 0 0
0 0 0 0 0 0 0 0 -1 -1 0 0 1 0 0 0 0 1 0 0 0 0 0 0 0 0 0 0 0 0 0 0 0 0
1 0 1 0 0 1 1 0 0 0 -2 0 0 0 0 0 0 0 1 0 0 -1 0 -1 0 0 0 0 0 0 0 0 0 0
-1 0 -1 0 0 -1 -1 0 0 0 0 0 0 0 0 0 0 0 0 1 0 1 0 1 0 0 0 0 0 0 0 0 0 0
0 0 0 0 0 0 0 0 -1 -1 0 0 0 0 0 0 0 0 0 0 1 0 0 0 0 0 0 0 0 0 0 0 0 1
1 0 0 1 0 1 1 0 0 0 -2 0 0 0 0 0 0 0 0 0 0 0 0 0 0 0 0 0 0 0 0 0 0 0
1 0 1 0 0 1 1 0 0 0 -2 0 0 0 0 0 0 0 0 0 0 -1 1 0 0 0 0 0 0 0 0 0 0 0
0 0 0 0 1 -1 -1 1 0 0 0 0 0 0 0 0 0 0 0 0 0 0 0 0 0 0 0 0 0 0 0 0 0 0
1 0 1 0 0 1 1 0 0 0 -2 0 0 0 0 0 0 0 0 0 0 0 0 -1 1 0 0 0 0 0 0 0 0 0
0 0 -1 0 -1 0 0 0 0 0 0 0 0 0 0 0 0 0 0 0 0 0 0 1 0 1 0 0 0 0 0 0 0 0
0 0 -1 0 0 -1 0 0 0 0 0 0 0 0 0 0 0 0 0 0 0 0 0 1 0 0 1 0 0 0 0 0 0 0
-1 0 0 0 0 0 -1 0 0 0 0 0 0 0 0 0 0 0 0 0 0 1 0 0 0 0 0 1 0 0 0 0 0 0
-1 0 0 0 1 -1 -1 0 0 0 0 0 0 0 0 0 0 0 0 0 0 1 0 0 0 0 0 0 1 0 0 0 0 0
0 1 1 0 0 1 1 0 0 0 -2 0 0 0 0 0 0 0 0 0 0 0 0 0 0 0 0 0 0 0 0 0 0 0
0 0 0 0 0 0 0 0 -1 -1 0 0 0 0 0 0 0 0 0 0 0 0 0 0 0 0 0 0 0 1 1 0 0 0
0 0 0 0 0 1 1 0 0 0 -2 0 0 0 0 0 0 0 0 0 0 0 0 0 0 0 0 0 0 0 0 1 0 0
0 0 0 0 0 -1 -1 0 0 0 0 0 0 0 0 0 0 0 0 0 0 0 0 0 0 0 0 0 0 0 0 0 1 0
0 0 0 0 0 0 0 0 -1 -1 0 0 0 0 0 0 0 0 0 0 0 0 0 0 0 0 0 0 0 0 0 0 0 2

1 0 0 0 0 0 0 0 0 0 0 0 0 0 0 0 0 0 0 0 0 0 0 0 0 0 0 0 0 0 0 0 0 0 0 0
0 1 0 0 0 0 0 0 0 0 0 0 0 0 0 0 0 0 0 0 0 0 0 0 0 0 0 0 0 0 0 0 0 0 0 0
0 0 1 0 0 0 0 0 0 0 0 0 0 0 0 0 0 0 0 0 0 0 0 0 0 0 0 0 0 0 0 0 0 0 0 0
0 0 0 1 0 0 0 0 0 0 0 0 0 0 0 0 0 0 0 0 0 0 0 0 0 0 0 0 0 0 0 0 0 0 0 0
0 0 0 0 1 0 0 0 0 0 0 0 0 0 0 0 0 0 0 0 0 0 0 0 0 0 0 0 0 0 0 0 0 0 0 0
0 0 0 0 0 1 0 0 0 0 0 0 0 0 0 0 0 0 0 0 0 0 0 0 0 0 0 0 0 0 0 0 0 0 0 0
0 0 0 0 0 0 1 0 0 0 0 0 0 0 0 0 0 0 0 0 0 0 0 0 0 0 0 0 0 0 0 0 0 0 0 0
0 0 0 0 0 0 0 1 0 0 0 0 0 0 0 0 0 0 0 0 0 0 0 0 0 0 0 0 0 0 0 0 0 0 0 0
0 0 0 0 0 0 0 0 1 0 0 0 0 0 0 0 0 0 0 0 0 0 0 0 0 0 0 0 0 0 0 0 0 0 0 0
0 0 0 0 0 0 0 0 0 1 0 0 0 0 0 0 0 0 0 0 0 0 0 0 0 0 0 0 0 0 0 0 0 0 0 0
0 0 0 0 0 0 0 0 0 0 2 0 0 0 0 0 0 0 0 0 0 0 0 0 0 0 0 0 0 0 0 0 0 0 0 0
0 0 0 0 0 0 0 0 0 0 0 2 0 0 0 0 0 0 0 0 0 0 0 0 0 0 0 0 0 0 0 0 0 0 0 0
0 0 0 0 0 0 0 0 0 0 0 0 0 0 0 0 0 0 0 0 0 0 0 0 0 0 0 0 0 0 0 0 0 0 0 0
0 0 0 0 0 0 0 0 0 0 0 0 0 0 0 0 0 0 0 0 0 0 0 0 0 0 0 0 0 0 0 0 0 0 0 0
0 0 0 0 0 0 0 0 0 0 0 0 0 0 0 0 0 0 0 0 0 0 0 0 0 0 0 0 0 0 0 0 0 0 0 0
0 0 0 0 0 0 0 0 0 0 0 0 0 0 0 0 0 0 0 0 0 0 0 0 0 0 0 0 0 0 0 0 0 0 0 0
0 0 0 0 0 0 0 0 0 0 0 0 0 0 0 0 0 0 0 0 0 0 0 0 0 0 0 0 0 0 0 0 0 0 0 0
0 0 0 0 0 0 0 0 0 0 0 0 0 0 0 0 0 0 0 0 0 0 0 0 0 0 0 0 0 0 0 0 0 0 0 0
0 0 0 0 0 0 0 0 0 0 0 0 0 0 0 0 0 0 0 0 0 0 0 0 0 0 0 0 0 0 0 0 0 0 0 0
0 0 0 0 0 0 0 0 0 0 0 0 0 0 0 0 0 0 0 0 0 0 0 0 0 0 0 0 0 0 0 0 0 0 0 0
0 0 0 0 0 0 0 0 0 0 0 0 0 0 0 0 0 0 0 0 0 0 0 0 0 0 0 0 0 0 0 0 0 0 0 0
0 0 0 0 0 0 0 0 0 0 0 0 0 0 0 0 0 0 0 0 0 0 0 0 0 0 0 0 0 0 0 0 0 0 0 0
0 0 0 0 0 0 0 0 0 0 0 0 0 0 0 0 0 0 0 0 0 0 0 0 0 0 0 0 0 0 0 0 0 0 0 0
0 0 0 0 0 0 0 0 0 0 0 0 0 0 0 0 0 0 0 0 0 0 0 0 0 0 0 0 0 0 0 0 0 0 0 0
0 0 0 0 0 0 0 0 0 0 0 0 0 0 0 0 0 0 0 0 0 0 0 0 0 0 0 0 0 0 0 0 0 0 0 0
0 0 0 0 0 0 0 0 0 0 0 0 0 0 0 0 0 0 0 0 0 0 0 0 0 0 0 0 0 0 0 0 0 0 0 0
0 0 0 0 0 0 0 0 0 0 0 0 0 0 0 0 0 0 0 0 0 0 0 0 0 0 0 0 0 0 0 0 0 0 0 0
0 0 0 0 0 0 0 0 0 0 0 0 0 0 0 0 0 0 0 0 0 0 0 0 0 0 0 0 0 0 0 0 0 0 0 0
0 0 0 0 0 0 0 0 0 0 0 0 0 0 0 0 0 0 0 0 0 0 0 0 0 0 0 0 0 0 0 0 0 0 0 0
0 0 0 0 0 0 0 0 0 0 0 0 0 0 0 0 0 0 0 0 0 0 0 0 0 0 0 0 0 0 0 0 0 0 0 0
0 0 0 0 0 0 0 0 0 0 0 0 0 0 0 0 0 0 0 0 0 0 0 0 0 0 0 0 0 0 0 0 0 0 0 0
0 0 0 0 0 0 0 0 0 0 0 0 0 0 0 0 0 0 0 0 0 0 0 0 0 0 0 0 0 0 0 0 0 0 0 0
0 0 0 0 0 0 0 0 0 0 0 0 0 0 0 0 0 0 0 0 0 0 0 0 0 0 0 0 0 0 0 0 0 0 0 0
0 0 0 0 0 0 0 0 0 0 0 0 0 0 0 0 0 0 0 0 0 0 0 0 0 0 0 0 0 0 0 0 0 0 0 0

1 -2 -2 -1 0 0 -1 -2 0 1 -1 1 0 0 0 0 -1 0 -1 0 0 -1 -1 0 -1 -1 0 0 -1 -1 0 0 0 -1 0 0
0 -1 -2 -1 0 0 0 -1 0 0 0 0 0 0 0 0 -1 -1 -1 -1 -1 -1 0 0 -1 -1 0 0 -1 -1 0 0 0 -1 0 0
0 -1 -1 -1 0 0 0 -1 0 0 0 0 0 0 0 0 -1 -1 -1 -1 -1 0 0 -1 -1 0 0 0 -1 -1 0 0 0 -1 0 0
0 -1 -1 0 0 0 0 -1 0 0 0 0 0 0 0 0 -1 0 -1 0 0 0 -1 -1 -1 0 0 0 -1 -1 0 0 0 -1 0 0
0 0 0 0 1 -1 0 -1 0 0 0 1 -1 0 -1 -1 0 0 0 0 0 0 0 0 0 0 -1 -1 0 0 -1 -1 0 0 -1 -2
0 0 0 0 0 0 0 -2 0 0 0 2 0 -1 -1 -1 0 0 0 0 0 0 0 0 0 0 -1 -1 0 0 -1 -1 0 0 -1 -2
0 0 0 0 0 0 0 0 0 0 0 0 1 0 0 0 0 0 0 0 0 0 0 0 0 0 0 0 0 0 0 0 0 0 0 0
0 0 0 0 0 0 0 0 0 0 0 0 0 1 0 0 0 0 0 0 0 0 0 0 0 0 0 0 0 0 0 0 0 0 0 0
0 0 0 0 0 0 0 0 0 0 0 0 0 0 0 0 0 0 0 0 0 0 1 0 0 0 0 0 0 0 0 0 -1 1 0 0
0 0 0 0 0 0 0 1 0 -1 1 -1 0 0 0 0 0 0 0 0 1 0 0 0 0 0 0 0 0 0 0 0 -1 1 0 0
0 0 0 0 0 0 0 0 0 0 0 0 0 0 0 0 0 0 0 0 1 0 0 0 0 0 0 0 0 0 0 0 0 0 0 0
0 0 0 0 0 0 0 0 0 0 0 0 0 0 0 0 0 0 0 0 0 0 1 0 0 0 0 0 0 0 0 0 0 0 0 0
0 0 0 0 0 0 0 1 1 -2 2 -2 0 0 0 1 0 0 0 0 0 0 0 0 0 0 0 0 0 0 0 0 0 0 0 1
0 0 0 0 0 0 0 1 0 0 0 -1 0 0 1 0 0 0 0 0 0 0 0 0 0 0 0 0 0 0 0 0 0 0 0 1
0 0 0 0 0 0 0 0 0 0 0 0 0 0 1 0 0 0 0 0 0 0 0 0 0 0 0 0 0 0 0 0 0 0 0 0
0 0 0 0 0 0 0 0 0 0 0 0 0 0 0 1 0 0 0 0 0 0 0 0 0 0 0 0 0 0 0 0 0 0 0 0
0 0 0 0 0 0 0 0 0 0 0 0 0 0 0 0 1 0 0 0 0 0 0 0 0 0 0 0 0 0 0 0 0 0 0 0
0 0 0 0 0 0 0 0 0 0 0 0 0 0 0 0 0 1 0 0 0 0 0 0 0 0 0 0 0 0 0 0 0 0 0 0
0 0 0 0 0 0 0 0 0 0 0 0 0 0 0 0 0 0 1 0 0 0 0 0 0 0 0 0 0 0 0 0 0 0 0 0
0 0 1 1 0 0 0 0 0 0 0 0 0 0 0 0 1 1 1 2 0 0 0 0 0 0 0 0 0 0 0 0 0 0 0 0
0 1 1 0 0 0 0 1 0 -1 2 -2 0 0 0 0 0 0 0 0 0 1 0 0 0 1 0 0 0 1 0 0 0 0 0 0
0 0 0 0 0 0 0 0 0 0 0 0 0 0 0 0 0 0 0 0 0 1 0 0 0 0 0 0 0 0 0 0 0 0 0 0
0 0 0 0 0 0 0 1 0 0 0 0 0 0 0 0 0 0 0 0 0 0 0 1 0 -1 0 0 0 1 0 0 0 0 0 0
0 0 0 0 0 0 0 0 0 0 0 0 0 0 0 0 0 0 0 0 0 0 0 1 0 0 0 0 0 0 0 0 0 0 0 0
0 0 0 0 0 0 0 0 0 0 0 0 0 0 0 0 0 0 0 0 0 0 0 0 1 0 0 0 0 0 0 0 0 0 0 0
0 1 1 0 0 0 0 0 0 0 0 0 0 0 0 0 0 0 0 0 0 0 0 0 1 2 0 0 0 0 0 0 0 0 0 0
0 0 0 0 0 0 0 0 0 0 0 0 0 0 0 0 0 0 0 0 0 0 0 0 0 0 1 0 0 0 0 0 0 0 0 0
0 0 0 0 0 0 0 0 0 0 0 0 0 0 0 0 0 0 0 0 0 0 0 0 0 0 0 1 0 0 0 0 0 0 0 0
0 0 0 0 0 0 0 0 0 0 0 0 0 0 0 0 0 0 0 0 0 0 0 0 0 0 0 0 1 0 0 0 0 0 0 0
0 1 1 0 0 0 0 1 0 0 0 0 0 0 0 0 0 0 0 0 0 0 0 0 0 0 0 0 1 2 0 0 0 0 0 0
0 0 0 0 0 0 0 0 0 0 0 0 0 0 0 0 0 0 0 0 0 0 0 0 0 0 0 0 0 0 1 0 0 0 0 0
0 0 0 0 0 1 0 1 0 0 0 -1 0 0 0 0 0 0 0 0 0 0 0 0 0 0 1 1 0 0 1 2 0 0 0 0
0 1 1 1 0 0 1 1 0 0 0 0 0 0 0 0 1 0 1 0 0 0 0 0 1 0 0 0 1 0 0 0 2 0 0 0
0 1 1 1 0 0 0 1 0 0 0 0 0 0 0 0 1 0 1 0 0 0 0 0 1 0 0 0 1 0 0 0 0 2 0 0
0 0 0 0 0 0 0 0 0 0 0 0 0 0 0 0 0 0 0 0 0 0 0 0 0 0 0 0 0 0 0 0 0 0 1 0
0 0 0 0 0 0 0 1 0 0 0 -1 0 0 0 0 0 0 0 0 0 0 0 0 0 0 0 0 0 0 0 0 0 0 1 2
