GM:(0,0,0)  M:(1/2,1/2,0)  R:(1/2,1/2,1/2)  X:(0,1/2,0)
GM:(0,0,0)  M:(1/2,1/2,0)  R:(1/2,1/2,1/2)  X:(0,1/2,0)
GM1+  GM1-  GM4+  GM4-  GM2+GM3+  GM2-GM3-  GM5  GM6GM7  GM8  GM10GM9  M1  M2  M3M4  R1+R3-  R1-R3+  R2-R2+  R6R8  R10R11  R5R9  R4R7  X1  X2  X3  X4
1 1 3 3 2 2 2 4 2 4 2 2 4 4 4 4 2 6 2 2 2 2 2 2
8a (3',3) A1 8 0;8b (3,3) 1Eg 8 1;8b (3,3) 1Eu 8 1;8b (3,3) 2Eg 8 1;8b (3,3) 2Eu 8 1;8b (3,3) Ag 8 0;8b (3,3) Au 8 0;8b (3,3) 1Eg 8 1;8b (3,3) 1Eu 8 1;8b (3,3) 2Eg 8 1;8b (3,3) 2Eu 8 1;8b (3,3). Eg 8 1;8b (3,3). Eu 8 1;24d (2',1) A 4 0;24d (2',1) A 4 0
1 1 1 1 0 0 0 0 0 0 2 2 0 1 1 0 0 0 0 0 2 2 0 0
0 0 2 0 1 0 0 0 0 0 2 2 0 1 0 1 0 0 0 0 2 2 0 0
0 0 0 2 0 1 0 0 0 0 2 2 0 0 1 1 0 0 0 0 2 2 0 0
0 0 2 0 1 0 0 0 0 0 2 2 0 0 1 1 0 0 0 0 2 2 0 0
0 0 0 2 0 1 0 0 0 0 2 2 0 1 0 1 0 0 0 0 2 2 0 0
2 0 2 0 0 0 0 0 0 0 2 2 0 1 1 0 0 0 0 0 2 2 0 0
0 2 0 2 0 0 0 0 0 0 2 2 0 1 1 0 0 0 0 0 2 2 0 0
0 0 0 0 0 0 2 1 0 0 0 0 2 0 0 0 1 1 0 0 0 0 2 2
0 0 0 0 0 0 0 0 2 1 0 0 2 0 0 0 0 1 1 0 0 0 2 2
0 0 0 0 0 0 2 1 0 0 0 0 2 0 0 0 0 1 1 0 0 0 2 2
0 0 0 0 0 0 0 0 2 1 0 0 2 0 0 0 1 1 0 0 0 0 2 2
0 0 0 0 0 0 0 2 0 0 0 0 2 0 0 0 0 1 0 1 0 0 2 2
0 0 0 0 0 0 0 0 0 2 0 0 2 0 0 0 0 1 0 1 0 0 2 2
1 1 3 3 1 1 0 0 0 0 6 6 0 2 2 2 0 0 0 0 6 6 0 0
0 0 0 0 0 0 2 2 2 2 0 0 6 0 0 0 1 3 1 1 0 0 6 6

0 1 0 0 0 0 0 0 0 0 0 0 0 0 0 0 0 0 0 0 0 0 0 0
0 -1 0 0 0 0 0 0 0 0 0 0 0 1 0 0 0 0 0 0 0 0 0 0
0 0 0 0 0 1 0 0 0 0 0 0 0 0 0 0 0 0 0 0 0 0 0 0
1 0 0 0 1 0 0 0 0 0 0 0 0 -1 0 0 0 0 0 0 0 0 0 0
0 0 0 0 0 0 0 0 0 0 0 0 0 0 0 0 0 0 0 1 0 0 0 0
-1 1 0 0 0 0 0 0 0 0 0 0 0 0 0 0 1 0 0 1 0 0 0 0
-1 1 0 0 0 0 0 0 0 1 0 0 0 0 0 0 0 0 0 1 0 0 0 0
-1 1 0 0 0 0 0 -1 -1 0 0 0 0 0 0 0 -1 0 0 1 0 0 0 1
-1 1 0 0 0 0 0 0 0 0 0 0 0 0 0 0 0 0 0 2 0 0 0 0
-1 1 0 0 0 0 0 0 -1 2 0 0 0 0 0 0 0 0 0 0 0 0 0 0
0 -1 -1 0 0 -2 0 0 0 0 1 0 0 0 0 0 0 0 0 0 0 0 0 0
0 -1 -1 0 0 -2 0 0 0 0 0 1 0 0 0 0 0 0 0 0 0 0 0 0
0 0 0 0 0 0 -1 -2 -1 -2 0 0 1 0 0 0 0 0 0 0 0 0 0 1
0 -1 0 1 0 -2 0 0 0 0 0 0 0 0 0 0 0 0 0 0 0 0 0 0
0 -1 -1 0 1 -1 0 0 0 0 0 0 0 1 1 0 0 0 0 0 0 0 0 0
1 0 -1 0 1 -1 0 0 0 0 0 0 0 0 0 1 0 0 0 0 0 0 0 0
1 0 -1 0 2 0 0 0 0 0 0 0 0 0 0 0 0 0 0 0 0 0 0 0
0 0 0 0 0 0 0 -1 0 -1 0 0 0 0 0 0 0 1 0 1 0 0 0 0
0 0 0 0 0 0 -1 -1 -1 -1 0 0 0 0 0 0 1 0 1 0 0 0 0 1
0 0 0 0 0 0 0 -2 0 -2 0 0 0 0 0 0 0 0 0 2 0 0 0 1
0 -1 -1 0 0 -2 0 0 0 0 0 0 0 0 0 0 0 0 0 0 1 0 0 0
0 -1 -1 0 0 -2 0 0 0 0 0 0 0 0 0 0 0 0 0 0 0 1 0 0
0 0 0 0 0 0 -1 -2 -1 -2 0 0 0 0 0 0 0 0 0 0 0 0 1 1
0 0 0 0 0 0 -1 -2 -1 -2 0 0 0 0 0 0 0 0 0 0 0 0 0 2

1 0 0 0 0 0 0 0 0 0 0 0 0 0 0
0 1 0 0 0 0 0 0 0 0 0 0 0 0 0
0 0 1 0 0 0 0 0 0 0 0 0 0 0 0
0 0 0 1 0 0 0 0 0 0 0 0 0 0 0
0 0 0 0 1 0 0 0 0 0 0 0 0 0 0
0 0 0 0 0 1 0 0 0 0 0 0 0 0 0
0 0 0 0 0 0 1 0 0 0 0 0 0 0 0
0 0 0 0 0 0 0 1 0 0 0 0 0 0 0
0 0 0 0 0 0 0 0 2 0 0 0 0 0 0
0 0 0 0 0 0 0 0 0 2 0 0 0 0 0
0 0 0 0 0 0 0 0 0 0 0 0 0 0 0
0 0 0 0 0 0 0 0 0 0 0 0 0 0 0
0 0 0 0 0 0 0 0 0 0 0 0 0 0 0
0 0 0 0 0 0 0 0 0 0 0 0 0 0 0
0 0 0 0 0 0 0 0 0 0 0 0 0 0 0
0 0 0 0 0 0 0 0 0 0 0 0 0 0 0
0 0 0 0 0 0 0 0 0 0 0 0 0 0 0
0 0 0 0 0 0 0 0 0 0 0 0 0 0 0
0 0 0 0 0 0 0 0 0 0 0 0 0 0 0
0 0 0 0 0 0 0 0 0 0 0 0 0 0 0
0 0 0 0 0 0 0 0 0 0 0 0 0 0 0
0 0 0 0 0 0 0 0 0 0 0 0 0 0 0
0 0 0 0 0 0 0 0 0 0 0 0 0 0 0
0 0 0 0 0 0 0 0 0 0 0 0 0 0 0

1 0 0 0 0 0 0 0 0 0 0 -2 0 -1 0
0 1 0 0 -1 0 0 0 1 0 0 0 -1 -1 0
0 0 1 0 0 0 0 0 0 0 0 0 -1 -1 0
0 0 0 1 -1 0 0 0 1 0 0 0 1 0 0
0 0 0 0 0 0 0 0 0 0 0 0 1 0 0
0 0 0 0 1 0 0 0 -1 0 0 1 0 0 0
0 0 0 0 0 0 0 0 0 0 0 1 0 0 0
0 0 0 0 0 1 0 0 -1 -1 -1 0 0 0 -2
0 0 0 0 -1 0 1 0 0 -2 -1 0 0 0 -2
0 0 0 0 0 0 0 1 -1 -1 1 0 0 0 0
0 0 0 0 0 0 0 0 0 0 1 0 0 0 0
0 0 0 0 0 0 0 0 1 -1 0 0 0 0 -1
0 0 0 0 0 0 0 0 0 0 0 0 0 0 -1
0 0 0 0 0 0 0 0 0 0 0 0 0 1 0
0 0 0 0 1 0 0 0 -1 1 0 0 0 0 2
