GM:(0,0,0)  R:(1/2,1/2,1/2)  S:(1/2,1/2,0)  T:(0,1/2,1/2)  U:(1/2,0,1/2)  X:(1/2,0,0)  Y:(0,1/2,0)  Z:(0,0,1/2)
GM:(0,0,0)  E:(1/2,1/2,1/2)  C:(1/2,1/2,0)  D:(0,1/2,1/2)  A:(1/2,0,1/2)  Y:(1/2,0,0)  Z:(0,1/2,0)  B:(0,0,1/2)
GM1+  GM2+  GM1-  GM2-  GM3  GM4  GM5  GM6  (R)E1E1  (R)E2E2  (S)C1C1  (S)C2C2  (T)D1  (T)D2  (U)A1+A1+  (U)A2+A2+  (U)A1-A1-  (U)A2-A2-  (U)A3A3  (U)A4A4  (U)A5A5  (U)A6A6  (X)Y1+Y2-  (X)Y1-Y2+  (X)Y3Y6  (X)Y4Y5  (Y)Z1  (Y)Z2  (Z)B1+B2-  (Z)B1-B2+  (Z)B3B6  (Z)B4B5
1 1 1 1 1 1 1 1 4 4 4 4 2 2 2 2 2 2 2 2 2 2 2 2 2 2 2 2 2 2 2 2
4a (1,1) Ag 4 1;4a (1,1) Au 4 1;4a (1,1) Ag 4 1;4a (1,1) Au 4 1;4b (1,1) Ag 4 1;4b (1,1) Au 4 1;4b (1,1) Ag 4 1;4b (1,1) Au 4 1;4c (m,m) A' 4 1;4c (m,m) A'' 4 1;4c (m,m) 1E 4 1;4c (m,m) 2E 4 1
2 2 0 0 0 0 0 0 1 0 1 0 2 0 1 1 0 0 0 0 0 0 1 1 0 0 2 0 1 1 0 0
0 0 2 2 0 0 0 0 1 0 1 0 2 0 0 0 1 1 0 0 0 0 1 1 0 0 2 0 1 1 0 0
0 0 0 0 2 2 0 0 0 1 0 1 0 2 0 0 0 0 1 1 0 0 0 0 1 1 0 2 0 0 1 1
0 0 0 0 0 0 2 2 0 1 0 1 0 2 0 0 0 0 0 0 1 1 0 0 1 1 0 2 0 0 1 1
2 2 0 0 0 0 0 0 1 0 1 0 2 0 0 0 1 1 0 0 0 0 1 1 0 0 2 0 1 1 0 0
0 0 2 2 0 0 0 0 1 0 1 0 2 0 1 1 0 0 0 0 0 0 1 1 0 0 2 0 1 1 0 0
0 0 0 0 2 2 0 0 0 1 0 1 0 2 0 0 0 0 0 0 1 1 0 0 1 1 0 2 0 0 1 1
0 0 0 0 0 0 2 2 0 1 0 1 0 2 0 0 0 0 1 1 0 0 0 0 1 1 0 2 0 0 1 1
2 0 0 2 0 0 0 0 1 0 1 0 2 0 1 0 0 1 0 0 0 0 2 0 0 0 2 0 2 0 0 0
0 2 2 0 0 0 0 0 1 0 1 0 2 0 0 1 1 0 0 0 0 0 0 2 0 0 2 0 0 2 0 0
0 0 0 0 0 2 2 0 0 1 0 1 0 2 0 0 0 0 0 1 1 0 0 0 0 2 0 2 0 0 0 2
0 0 0 0 2 0 0 2 0 1 0 1 0 2 0 0 0 0 1 0 0 1 0 0 2 0 0 2 0 0 2 0

-1 0 -1 0 0 0 0 0 0 0 0 0 0 0 2 0 1 0 0 0 0 0 0 0 0 0 0 0 0 1 0 0
0 0 0 0 0 0 0 0 0 0 0 0 0 0 0 0 1 0 0 0 0 0 0 0 0 0 0 0 0 0 0 0
0 0 0 0 0 0 0 0 0 0 0 0 0 0 0 0 0 0 1 0 0 0 0 0 0 0 0 0 0 0 0 0
0 0 0 0 0 0 -1 1 0 0 0 0 0 0 0 0 0 0 -1 0 0 0 0 0 0 0 0 0 0 0 0 1
0 0 0 0 -1 0 -1 0 0 0 0 0 0 0 0 0 0 0 1 0 1 0 0 0 0 0 0 0 0 0 0 1
-2 0 -2 1 -1 0 -1 0 0 0 0 0 0 0 3 0 1 0 1 0 1 0 0 0 0 0 0 0 0 1 0 1
-3 0 -4 2 -3 0 -2 0 0 0 0 0 0 0 4 0 2 0 4 0 2 0 0 0 0 0 0 0 0 2 0 2
0 0 0 0 -3 0 -2 0 0 0 0 0 0 0 0 0 0 0 4 0 2 0 0 0 0 0 0 0 0 0 0 2
-1 0 -1 0 0 0 0 0 1 0 0 0 0 0 1 0 1 0 0 0 0 0 0 0 0 0 0 0 0 0 0 0
0 0 0 0 -1 0 -1 0 0 1 0 0 0 0 0 0 0 0 1 0 1 0 0 0 0 0 0 0 0 0 0 0
-1 0 -1 0 0 0 0 0 0 0 1 0 0 0 1 0 1 0 0 0 0 0 0 0 0 0 0 0 0 0 0 0
0 0 0 0 -1 0 -1 0 0 0 0 1 0 0 0 0 0 0 1 0 1 0 0 0 0 0 0 0 0 0 0 0
-1 0 -1 0 0 0 0 0 0 0 0 0 1 0 0 0 0 0 0 0 0 0 0 0 0 0 0 0 0 0 0 0
0 0 0 0 -1 0 -1 0 0 0 0 0 0 1 0 0 0 0 0 0 0 0 0 0 0 0 0 0 0 0 0 0
-1 1 -1 1 0 0 0 0 0 0 0 0 0 0 0 0 0 0 0 0 0 0 0 0 0 0 0 0 0 0 0 0
-1 0 -2 1 0 0 0 0 0 0 0 0 0 0 0 1 1 0 0 0 0 0 0 0 0 0 0 0 0 1 0 0
-1 0 -1 0 0 0 0 0 0 0 0 0 0 0 2 0 2 0 0 0 0 0 0 0 0 0 0 0 0 0 0 0
-1 0 -1 0 0 0 0 0 0 0 0 0 0 0 1 0 0 1 0 0 0 0 0 0 0 0 0 0 0 1 0 0
0 0 0 0 -1 1 -1 1 0 0 0 0 0 0 0 0 0 0 0 0 0 0 0 0 0 0 0 0 0 0 0 0
0 0 0 0 -1 0 -2 1 0 0 0 0 0 0 0 0 0 0 0 1 1 0 0 0 0 0 0 0 0 0 0 1
0 0 0 0 -1 0 -1 0 0 0 0 0 0 0 0 0 0 0 2 0 2 0 0 0 0 0 0 0 0 0 0 0
0 0 0 0 -1 0 -1 0 0 0 0 0 0 0 0 0 0 0 1 0 0 1 0 0 0 0 0 0 0 0 0 1
-1 0 -1 0 0 0 0 0 0 0 0 0 0 0 0 0 0 0 0 0 0 0 1 0 0 0 0 0 0 1 0 0
-1 0 -2 1 0 0 0 0 0 0 0 0 0 0 0 0 0 0 0 0 0 0 0 1 0 0 0 0 0 1 0 0
0 0 0 0 -1 0 -1 0 0 0 0 0 0 0 0 0 0 0 0 0 0 0 0 0 1 0 0 0 0 0 0 1
0 0 0 0 -1 0 -2 1 0 0 0 0 0 0 0 0 0 0 0 0 0 0 0 0 0 1 0 0 0 0 0 1
-1 0 -1 0 0 0 0 0 0 0 0 0 0 0 0 0 0 0 0 0 0 0 0 0 0 0 1 0 0 0 0 0
0 0 0 0 -1 0 -1 0 0 0 0 0 0 0 0 0 0 0 0 0 0 0 0 0 0 0 0 1 0 0 0 0
-1 0 -1 0 0 0 0 0 0 0 0 0 0 0 0 0 0 0 0 0 0 0 0 0 0 0 0 0 1 1 0 0
-1 0 -2 1 0 0 0 0 0 0 0 0 0 0 0 0 0 0 0 0 0 0 0 0 0 0 0 0 0 2 0 0
0 0 0 0 -1 0 -1 0 0 0 0 0 0 0 0 0 0 0 0 0 0 0 0 0 0 0 0 0 0 0 1 1
0 0 0 0 -1 0 -2 1 0 0 0 0 0 0 0 0 0 0 0 0 0 0 0 0 0 0 0 0 0 0 0 2

1 0 0 0 0 0 0 0 0 0 0 0
0 1 0 0 0 0 0 0 0 0 0 0
0 0 1 0 0 0 0 0 0 0 0 0
0 0 0 1 0 0 0 0 0 0 0 0
0 0 0 0 1 0 0 0 0 0 0 0
0 0 0 0 0 1 0 0 0 0 0 0
0 0 0 0 0 0 2 0 0 0 0 0
0 0 0 0 0 0 0 2 0 0 0 0
0 0 0 0 0 0 0 0 0 0 0 0
0 0 0 0 0 0 0 0 0 0 0 0
0 0 0 0 0 0 0 0 0 0 0 0
0 0 0 0 0 0 0 0 0 0 0 0
0 0 0 0 0 0 0 0 0 0 0 0
0 0 0 0 0 0 0 0 0 0 0 0
0 0 0 0 0 0 0 0 0 0 0 0
0 0 0 0 0 0 0 0 0 0 0 0
0 0 0 0 0 0 0 0 0 0 0 0
0 0 0 0 0 0 0 0 0 0 0 0
0 0 0 0 0 0 0 0 0 0 0 0
0 0 0 0 0 0 0 0 0 0 0 0
0 0 0 0 0 0 0 0 0 0 0 0
0 0 0 0 0 0 0 0 0 0 0 0
0 0 0 0 0 0 0 0 0 0 0 0
0 0 0 0 0 0 0 0 0 0 0 0
0 0 0 0 0 0 0 0 0 0 0 0
0 0 0 0 0 0 0 0 0 0 0 0
0 0 0 0 0 0 0 0 0 0 0 0
0 0 0 0 0 0 0 0 0 0 0 0
0 0 0 0 0 0 0 0 0 0 0 0
0 0 0 0 0 0 0 0 0 0 0 0
0 0 0 0 0 0 0 0 0 0 0 0
0 0 0 0 0 0 0 0 0 0 0 0

1 0 0 0 0 0 0 0 -1 -1 0 0
0 1 0 0 -1 1 -1 1 -1 -1 0 0
0 0 1 0 0 0 0 0 0 0 -1 -1
0 0 0 1 -1 0 0 1 0 0 -1 -1
0 0 0 0 1 -1 1 -1 1 0 0 0
0 0 0 0 0 0 0 0 1 0 0 0
0 0 0 0 1 0 0 -1 0 0 1 0
0 0 0 0 0 0 0 0 0 0 1 0
0 0 0 0 1 -1 2 -2 0 1 0 0
0 0 0 0 0 0 0 0 0 1 0 0
0 0 0 0 1 0 0 0 0 0 0 1
0 0 0 0 0 0 0 0 0 0 0 1
