GM:(0,0,0)  M:(1/2,1/2,0)  R:(1/2,1/2,1/2)  X:(0,1/2,0)
GM:(0,0,0)  M:(1/2,1/2,0)  R:(1/2,1/2,1/2)  X:(0,1/2,0)
GM3  GM1  GM2  GM4  GM5  GM8  GM6  GM7  M5  M1M3  M2M4  M6M7  R3  R1R2  R4R5  R8  R6R7  X5  X1X4  X2X3  X6  X7
2 1 1 3 3 4 2 2 2 2 2 4 2 2 6 4 4 2 2 2 2 2
2a (4'3m',23) 1E 2 1,2a (4'3m',23) 2E 2 1,2a (4'3m',23) A 2 1,2a (4'3m',23) T 6 1,2a (4'3m',23) 1F 4 1,2a (4'3m',23) 2F 4 1,2a (4'3m',23) E 4 1,6b (4'2m',222) A1 6 1,6b (4'2m',222) B1 6 1,12d (4,4) 1E 2 0,12d (4,4) 2E 2 0,12d (4,4) A 2 0,12d (4,4) B 2 0,12d (4,4) 1E1 2 0,12d (4,4) 1E2 2 0,12d (4,4) 2E1 2 0,12d (4,4) 2E2 2 0
1 0 0 0 0 0 0 0 1 0 0 0 1 0 0 0 0 1 0 0 0 0
1 0 0 0 0 0 0 0 1 0 0 0 1 0 0 0 0 1 0 0 0 0
0 1 1 0 0 0 0 0 1 0 0 0 0 1 0 0 0 1 0 0 0 0
0 0 0 1 1 0 0 0 1 1 1 0 0 0 1 0 0 1 1 1 0 0
0 0 0 0 0 1 0 0 0 0 0 1 0 0 0 1 0 0 0 0 1 1
0 0 0 0 0 1 0 0 0 0 0 1 0 0 0 1 0 0 0 0 1 1
0 0 0 0 0 0 1 1 0 0 0 1 0 0 0 0 1 0 0 0 1 1
2 1 1 0 0 0 0 0 1 1 1 0 0 0 1 0 0 3 0 0 0 0
0 0 0 1 1 0 0 0 3 0 0 0 2 1 0 0 0 1 1 1 0 0
0 0 0 2 2 0 0 0 4 1 1 0 2 1 1 0 0 2 3 1 0 0
0 0 0 2 2 0 0 0 4 1 1 0 2 1 1 0 0 2 1 3 0 0
2 2 0 0 2 0 0 0 2 2 2 0 0 0 2 0 0 4 1 1 0 0
2 0 2 2 0 0 0 0 2 2 2 0 0 0 2 0 0 4 1 1 0 0
0 0 0 0 0 2 2 0 0 0 0 3 0 0 0 2 1 0 0 0 4 2
0 0 0 0 0 2 0 2 0 0 0 3 0 0 0 2 1 0 0 0 2 4
0 0 0 0 0 2 2 0 0 0 0 3 0 0 0 2 1 0 0 0 2 4
0 0 0 0 0 2 0 2 0 0 0 3 0 0 0 2 1 0 0 0 4 2

-1 -2 0 -2 0 0 0 0 2 2 0 0 0 0 0 0 0 0 -2 0 0 0
-1 0 0 -1 0 0 0 0 1 1 0 0 0 0 0 0 0 0 -1 0 0 0
-1 -1 0 0 0 0 0 0 1 2 0 0 0 0 0 0 0 0 -2 0 0 0
0 0 0 0 0 -1 -2 0 0 0 0 2 0 0 0 0 0 0 0 0 0 0
0 0 0 0 0 -2 -1 0 0 0 0 2 0 0 0 0 0 0 0 0 0 0
1 1 0 1 0 0 0 0 -1 -1 0 0 0 0 0 0 0 0 1 0 0 0
0 0 0 -1 0 0 0 0 0 0 0 0 0 0 0 0 0 0 1 0 0 0
0 0 0 0 0 1 1 0 0 0 0 -1 0 0 0 0 0 0 0 0 0 0
1 1 0 3 0 2 2 0 -1 -2 0 -2 0 0 0 0 0 0 0 0 0 0
1 1 0 3 0 1 1 0 -1 -2 0 -2 0 0 0 0 0 0 0 0 0 1
0 0 0 0 0 0 0 0 0 -1 1 0 0 0 0 0 0 0 0 0 0 0
-1 -2 1 -3 0 0 0 0 1 2 0 0 0 0 0 0 0 0 0 0 0 0
0 1 0 1 0 0 0 0 -1 0 0 0 1 0 0 0 0 0 0 0 0 0
0 -1 0 -1 0 0 0 0 0 1 0 0 0 1 0 0 0 0 0 0 0 0
0 0 0 0 0 0 0 0 0 -1 0 0 0 0 1 0 0 0 0 0 0 0
0 0 0 0 0 -1 0 0 0 0 0 0 0 0 0 1 0 0 0 0 0 0
0 0 0 0 0 1 0 0 0 0 0 -1 0 0 0 0 1 0 0 0 0 0
-1 -1 0 -1 0 0 0 0 0 0 0 0 0 0 0 0 0 1 0 0 0 0
1 1 0 2 1 0 0 0 -1 -2 0 0 0 0 0 0 0 0 0 0 0 0
1 1 0 1 0 0 0 0 -1 -2 0 0 0 0 0 0 0 0 1 1 0 0
0 0 0 0 0 0 0 0 0 0 0 -2 0 0 0 0 0 0 0 0 1 1
0 0 0 0 0 2 1 1 0 0 0 -2 0 0 0 0 0 0 0 0 0 0

1 0 0 0 0 0 0 0 0 0 0 0 0 0 0 0 0
0 1 0 0 0 0 0 0 0 0 0 0 0 0 0 0 0
0 0 1 0 0 0 0 0 0 0 0 0 0 0 0 0 0
0 0 0 1 0 0 0 0 0 0 0 0 0 0 0 0 0
0 0 0 0 1 0 0 0 0 0 0 0 0 0 0 0 0
0 0 0 0 0 1 0 0 0 0 0 0 0 0 0 0 0
0 0 0 0 0 0 1 0 0 0 0 0 0 0 0 0 0
0 0 0 0 0 0 0 1 0 0 0 0 0 0 0 0 0
0 0 0 0 0 0 0 0 2 0 0 0 0 0 0 0 0
0 0 0 0 0 0 0 0 0 2 0 0 0 0 0 0 0
0 0 0 0 0 0 0 0 0 0 0 0 0 0 0 0 0
0 0 0 0 0 0 0 0 0 0 0 0 0 0 0 0 0
0 0 0 0 0 0 0 0 0 0 0 0 0 0 0 0 0
0 0 0 0 0 0 0 0 0 0 0 0 0 0 0 0 0
0 0 0 0 0 0 0 0 0 0 0 0 0 0 0 0 0
0 0 0 0 0 0 0 0 0 0 0 0 0 0 0 0 0
0 0 0 0 0 0 0 0 0 0 0 0 0 0 0 0 0
0 0 0 0 0 0 0 0 0 0 0 0 0 0 0 0 0
0 0 0 0 0 0 0 0 0 0 0 0 0 0 0 0 0
0 0 0 0 0 0 0 0 0 0 0 0 0 0 0 0 0
0 0 0 0 0 0 0 0 0 0 0 0 0 0 0 0 0
0 0 0 0 0 0 0 0 0 0 0 0 0 0 0 0 0

1 0 0 0 0 0 0 0 0 0 -4 0 0 -2 0 -1 0
0 0 0 0 0 0 0 0 0 0 0 0 0 0 0 1 0
0 1 0 0 0 0 0 -1 1 0 -2 0 0 -1 0 0 0
0 0 1 0 0 0 0 0 0 0 -4 0 -2 -1 0 0 0
0 0 0 1 0 0 0 0 0 0 0 -1 0 0 -4 0 -4
0 0 0 0 0 0 0 0 0 0 0 1 0 0 0 0 0
0 0 0 0 1 0 0 0 0 0 0 0 0 0 -2 0 -2
0 0 0 0 0 1 0 -1 1 0 2 0 -2 1 0 0 0
0 0 0 0 0 0 0 0 0 0 0 0 0 1 0 0 0
0 0 0 0 0 0 1 -1 1 0 1 0 0 0 0 0 0
0 0 0 0 0 0 0 0 0 0 1 0 0 0 0 0 0
0 0 0 0 0 0 0 1 -1 0 0 0 1 0 0 0 0
0 0 0 0 0 0 0 0 0 0 0 0 1 0 0 0 0
0 0 0 0 0 0 0 0 1 -1 0 0 0 0 1 0 0
0 0 0 0 0 0 0 0 0 0 0 0 0 0 1 0 0
0 0 0 0 0 0 0 1 -1 1 0 0 0 0 0 0 1
0 0 0 0 0 0 0 0 0 0 0 0 0 0 0 0 1
