GM:(0,0,0)  A:(0,0,1/2)  L:(1/2,1/2,1/2)  M:(0,1,1/2)  V:(1/2,1/2,0)  Y:(0,1,0)
GM:(0,0,0)  A:(0,0,1/2)  L:(1/2,1/2,1/2)  M:(0,1,1/2)  V:(1/2,1/2,0)  Y:(0,1,0)
GM1  GM2  GM3GM4  A1  A2  A3A4  L1L1  L2  M1  M2  M3M4  V1V1  V2  Y1  Y2  Y3Y4
1 1 2 1 1 2 2 1 1 1 2 2 1 1 1 2
4a (m,m) A' 2 1,4a (m,m) A'' 2 1,4a (m,m) 1E 2 1,4a (m,m) 2E 2 1,4b (m',1) A 2 1,4b (m',1) A 2 1
2 0 0 2 0 0 1 0 2 0 0 1 0 2 0 0
0 2 0 0 2 0 1 0 0 2 0 1 0 0 2 0
0 0 1 0 0 1 0 2 0 0 1 0 2 0 0 1
0 0 1 0 0 1 0 2 0 0 1 0 2 0 0 1
1 1 0 1 1 0 1 0 1 1 0 1 0 1 1 0
0 0 1 0 0 1 0 2 0 0 1 0 2 0 0 1

0 0 0 0 0 0 0 0 0 0 0 1 0 0 0 0
0 1 0 0 0 0 0 0 0 0 0 0 0 0 0 0
0 0 1 0 0 0 0 0 0 0 0 0 0 0 0 0
-1 0 0 1 0 0 0 0 0 0 0 0 0 0 0 0
0 -1 0 0 1 0 0 0 0 0 0 0 0 0 0 0
0 0 -1 0 0 1 0 0 0 0 0 0 0 0 0 0
-1 -1 0 0 0 0 1 0 0 0 0 1 0 0 0 0
0 0 -2 0 0 0 0 1 0 0 0 0 0 0 0 0
-1 0 0 0 0 0 0 0 1 0 0 0 0 0 0 0
0 -1 0 0 0 0 0 0 0 1 0 0 0 0 0 0
0 0 -1 0 0 0 0 0 0 0 1 0 0 0 0 0
-1 -1 0 0 0 0 0 0 0 0 0 2 0 0 0 0
0 0 -2 0 0 0 0 0 0 0 0 0 1 0 0 0
-1 0 0 0 0 0 0 0 0 0 0 0 0 1 0 0
0 -1 0 0 0 0 0 0 0 0 0 0 0 0 1 0
0 0 -1 0 0 0 0 0 0 0 0 0 0 0 0 1

1 0 0 0 0 0
0 1 0 0 0 0
0 0 1 0 0 0
0 0 0 0 0 0
0 0 0 0 0 0
0 0 0 0 0 0
0 0 0 0 0 0
0 0 0 0 0 0
0 0 0 0 0 0
0 0 0 0 0 0
0 0 0 0 0 0
0 0 0 0 0 0
0 0 0 0 0 0
0 0 0 0 0 0
0 0 0 0 0 0
0 0 0 0 0 0

1 -1 0 0 -1 0
0 0 0 0 -1 0
0 0 1 -1 0 -1
0 0 0 1 0 0
0 1 0 0 2 0
0 0 0 0 0 1
