GM:(0,0,0)  M:(1,1,1)  N:(1/2,0,1/2)  P:(1/2,1/2,1/2)  X:(1/2,1/2,0)
GM:(0,0,0)  M:(1,1,1)  N:(1/2,0,1/2)  P:(1/2,1/2,1/2)  X:(1/2,1/2,0)
GM1  GM4  GM2  GM3  GM5  GM7  GM6  M1  M4  M2  M3  M5  M7  M6  N1N1  N2N2  N3N4  P1P1  P2P2  P3P4  P5P5  X1  X2  X3  X4  X5
1 1 1 1 2 2 2 1 1 1 1 2 2 2 2 2 2 2 2 2 4 1 1 1 1 2
4a (4mm,4mm) A1 2 1,4a (4mm,4mm) A2 2 1,4a (4mm,4mm) B1 2 1,4a (4mm,4mm) B2 2 1,4a (4mm,4mm) E 4 1,4a (4mm,4mm) E1 4 1,4a (4mm,4mm) E2 4 1,4b (4'm'm,mm2) A1 2 1,4b (4'm'm,mm2) A2 2 1,4b (4'm'm,mm2) B1B2 4 1,4b (4'm'm,mm2) E 4 1,8c (m'm2',m) A' 4 1,8c (m'm2',m) A'' 4 1,8c (m'm2',m) 1E 4 1,8c (m'm2',m) 2E 4 1
2 0 0 0 0 0 0 2 0 0 0 0 0 0 1 0 0 1 0 0 0 2 0 0 0 0
0 2 0 0 0 0 0 0 2 0 0 0 0 0 0 1 0 0 1 0 0 0 2 0 0 0
0 0 2 0 0 0 0 0 0 2 0 0 0 0 1 0 0 0 1 0 0 0 2 0 0 0
0 0 0 2 0 0 0 0 0 0 2 0 0 0 0 1 0 1 0 0 0 2 0 0 0 0
0 0 0 0 2 0 0 0 0 0 0 2 0 0 1 1 0 0 0 2 0 0 0 2 2 0
0 0 0 0 0 2 0 0 0 0 0 0 2 0 0 0 2 0 0 0 1 0 0 0 0 2
0 0 0 0 0 0 2 0 0 0 0 0 0 2 0 0 2 0 0 0 1 0 0 0 0 2
1 0 1 0 0 0 0 1 0 1 0 0 0 0 1 0 0 0 0 1 0 0 0 1 1 0
0 1 0 1 0 0 0 0 1 0 1 0 0 0 0 1 0 0 0 1 0 0 0 1 1 0
0 0 0 0 2 0 0 0 0 0 0 2 0 0 1 1 0 1 1 0 0 2 2 0 0 0
0 0 0 0 0 1 1 0 0 0 0 0 1 1 0 0 2 0 0 0 1 0 0 0 0 2
1 0 0 1 1 0 0 1 0 0 1 1 0 0 1 1 0 1 0 1 0 2 0 1 1 0
0 1 1 0 1 0 0 0 1 1 0 1 0 0 1 1 0 0 1 1 0 0 2 1 1 0
0 0 0 0 0 1 1 0 0 0 0 0 1 1 0 0 2 0 0 0 1 0 0 0 0 2
0 0 0 0 0 1 1 0 0 0 0 0 1 1 0 0 2 0 0 0 1 0 0 0 0 2

0 0 0 0 0 0 0 0 0 0 0 0 0 0 0 0 0 1 0 0 0 0 0 0 0 0
0 0 0 0 0 0 0 0 0 0 0 0 0 0 0 1 0 0 0 0 0 0 0 0 0 0
0 -1 0 0 0 0 0 0 0 0 0 0 0 0 0 1 0 0 1 0 0 0 0 0 0 0
0 0 0 1 0 0 0 0 0 0 0 0 0 0 0 0 0 0 0 0 0 0 0 0 0 0
0 0 0 0 1 0 0 0 0 0 0 0 0 0 0 0 0 0 0 0 0 0 0 0 0 0
0 0 0 0 0 0 0 0 0 0 0 0 0 0 0 0 0 0 0 0 1 0 0 0 0 0
0 0 0 0 0 0 1 0 0 0 0 0 0 0 0 0 0 0 0 0 0 0 0 0 0 0
1 0 0 1 0 0 0 0 0 0 0 0 0 0 0 0 0 -2 0 0 0 0 0 0 0 0
0 -1 0 0 0 0 0 0 1 0 0 0 0 0 0 0 0 0 0 0 0 0 0 0 0 0
0 0 -1 0 0 0 0 0 0 1 0 0 0 0 0 0 0 0 0 0 0 0 0 0 0 0
0 0 0 -1 0 0 0 0 0 0 1 0 0 0 0 0 0 0 0 0 0 0 0 0 0 0
0 0 0 0 -1 0 0 0 0 0 0 1 0 0 0 0 0 0 0 0 0 0 0 0 0 0
0 0 0 0 0 -1 0 0 0 0 0 0 1 0 0 0 0 0 0 0 0 0 0 0 0 0
0 0 0 0 0 0 -1 0 0 0 0 0 0 1 0 0 0 0 0 0 0 0 0 0 0 0
0 -1 -1 0 -1 0 0 0 0 0 0 0 0 0 1 1 0 -1 1 0 0 0 0 0 0 0
0 -1 0 -1 -1 0 0 0 0 0 0 0 0 0 0 2 0 0 0 0 0 0 0 0 0 0
0 0 0 0 0 -1 -1 0 0 0 0 0 0 0 0 0 1 0 0 0 0 0 0 0 0 0
-1 0 0 0 0 0 0 1 0 0 0 0 0 0 0 0 0 0 0 0 0 0 0 0 0 0
1 -1 -1 1 0 0 0 0 0 0 0 0 0 0 0 0 0 -2 2 0 0 0 0 0 0 0
-1 0 0 -1 -1 0 0 0 0 0 0 0 0 0 0 0 0 2 0 1 0 0 0 0 0 0
0 0 0 0 0 -1 -1 0 0 0 0 0 0 0 0 0 0 0 0 0 2 0 0 0 0 0
0 0 0 0 0 0 0 0 0 0 0 0 0 0 0 0 0 -2 0 0 0 1 0 0 0 0
1 -1 -1 1 0 0 0 0 0 0 0 0 0 0 0 0 0 -2 0 0 0 0 1 0 0 0
-1 0 0 -1 -1 0 0 0 0 0 0 0 0 0 0 0 0 2 0 0 0 0 0 1 0 0
-1 0 0 -1 -1 0 0 0 0 0 0 0 0 0 0 0 0 2 0 0 0 0 0 0 1 0
0 0 0 0 0 -1 -1 0 0 0 0 0 0 0 0 0 0 0 0 0 0 0 0 0 0 1

1 0 0 0 0 0 0 0 0 0 0 0 0 0 0
0 1 0 0 0 0 0 0 0 0 0 0 0 0 0
0 0 1 0 0 0 0 0 0 0 0 0 0 0 0
0 0 0 1 0 0 0 0 0 0 0 0 0 0 0
0 0 0 0 1 0 0 0 0 0 0 0 0 0 0
0 0 0 0 0 1 0 0 0 0 0 0 0 0 0
0 0 0 0 0 0 1 0 0 0 0 0 0 0 0
0 0 0 0 0 0 0 1 0 0 0 0 0 0 0
0 0 0 0 0 0 0 0 0 0 0 0 0 0 0
0 0 0 0 0 0 0 0 0 0 0 0 0 0 0
0 0 0 0 0 0 0 0 0 0 0 0 0 0 0
0 0 0 0 0 0 0 0 0 0 0 0 0 0 0
0 0 0 0 0 0 0 0 0 0 0 0 0 0 0
0 0 0 0 0 0 0 0 0 0 0 0 0 0 0
0 0 0 0 0 0 0 0 0 0 0 0 0 0 0
0 0 0 0 0 0 0 0 0 0 0 0 0 0 0
0 0 0 0 0 0 0 0 0 0 0 0 0 0 0
0 0 0 0 0 0 0 0 0 0 0 0 0 0 0
0 0 0 0 0 0 0 0 0 0 0 0 0 0 0
0 0 0 0 0 0 0 0 0 0 0 0 0 0 0
0 0 0 0 0 0 0 0 0 0 0 0 0 0 0
0 0 0 0 0 0 0 0 0 0 0 0 0 0 0
0 0 0 0 0 0 0 0 0 0 0 0 0 0 0
0 0 0 0 0 0 0 0 0 0 0 0 0 0 0
0 0 0 0 0 0 0 0 0 0 0 0 0 0 0
0 0 0 0 0 0 0 0 0 0 0 0 0 0 0

1 0 0 -1 0 0 0 0 0 -1 0 -1 0 0 0
0 1 0 -1 -1 0 0 0 -1 0 0 0 -1 0 0
0 0 1 -1 -1 0 0 0 0 -1 0 0 -1 0 0
0 0 0 0 0 0 0 0 -1 0 0 -1 0 0 0
0 0 0 -1 0 0 0 0 -1 -1 0 -1 -1 0 0
0 0 0 0 0 1 -1 0 0 0 -1 0 0 -1 -1
0 0 0 0 0 0 0 0 0 0 -1 0 0 -1 -1
0 0 0 0 0 0 0 1 -1 2 0 0 0 0 0
0 0 0 0 0 0 0 0 1 0 0 0 0 0 0
0 0 0 0 0 0 0 0 0 1 0 0 0 0 0
0 0 0 0 0 0 0 0 0 0 1 0 0 0 0
0 0 0 1 0 0 0 0 1 0 0 2 0 0 0
0 0 0 1 1 0 0 0 1 0 0 0 2 0 0
0 0 0 0 0 0 0 0 0 0 0 0 0 1 0
0 0 0 0 0 0 1 0 0 0 1 0 0 1 2
