GM:(0,0,0)  M:(1/2,1/2,0)  R:(1/2,1/2,1/2)  X:(0,1/2,0)
GM:(0,0,0)  M:(1/2,1/2,0)  R:(1/2,1/2,1/2)  X:(0,1/2,0)
GM3  GM1  GM2  GM4  GM5  GM8  GM6  GM7  M5  M1M4  M2M3  M6M7  R3  R1R2  R4R5  R8  R6R7  X5  X1X3  X2X4  X6  X7
2 1 1 3 3 4 2 2 2 2 2 4 2 2 6 4 4 2 2 2 2 2
2a (4'32',23) 1E 2 1;2a (4'32',23) 2E 2 1;2a (4'32',23) A 2 1;2a (4'32',23) T 6 1;2a (4'32',23) 1F 4 1;2a (4'32',23) 2F 4 1;2a (4'32',23) E 4 1;6b (4'22',222) A1 6 1;6b (4'22',222) B1 6 1;6b (4'22',222) B2B3 2 0;6b (4'22',222) E 2 0;8c (32,32) A1 8 1;8c (32,32) A2 8 1;8c (32,32) 1E 8 0;8c (32,32) 2E 8 0;12d (222,222) A1 2 1;12d (222,222) B1 2 1;12d (222,222) B2 2 0;12d (222,222) B3 2 0
1 0 0 0 0 0 0 0 1 0 0 0 1 0 0 0 0 1 0 0 0 0
1 0 0 0 0 0 0 0 1 0 0 0 1 0 0 0 0 1 0 0 0 0
0 1 1 0 0 0 0 0 1 0 0 0 0 1 0 0 0 1 0 0 0 0
0 0 0 1 1 0 0 0 1 1 1 0 0 0 1 0 0 1 1 1 0 0
0 0 0 0 0 1 0 0 0 0 0 1 0 0 0 1 0 0 0 0 1 1
0 0 0 0 0 1 0 0 0 0 0 1 0 0 0 1 0 0 0 0 1 1
0 0 0 0 0 0 1 1 0 0 0 1 0 0 0 0 1 0 0 0 1 1
2 1 1 0 0 0 0 0 1 1 1 0 0 0 1 0 0 3 0 0 0 0
0 0 0 1 1 0 0 0 3 0 0 0 2 1 0 0 0 1 1 1 0 0
0 0 0 2 2 0 0 0 2 2 2 0 0 0 2 0 0 2 2 2 0 0
0 0 0 0 0 2 1 1 0 0 0 3 0 0 0 2 1 0 0 0 3 3
0 2 0 0 2 0 0 0 2 0 2 0 0 1 1 0 0 2 1 1 0 0
0 0 2 2 0 0 0 0 2 2 0 0 0 1 1 0 0 2 1 1 0 0
0 0 0 0 0 2 0 0 0 0 0 2 0 0 0 2 0 0 0 0 2 2
0 0 0 0 0 2 0 0 0 0 0 2 0 0 0 2 0 0 0 0 2 2
2 2 0 0 2 0 0 0 2 1 3 0 0 0 2 0 0 4 1 1 0 0
2 0 2 2 0 0 0 0 2 3 1 0 0 0 2 0 0 4 1 1 0 0
0 0 0 2 2 0 0 0 4 1 1 0 2 1 1 0 0 2 2 2 0 0
0 0 0 2 2 0 0 0 4 1 1 0 2 1 1 0 0 2 2 2 0 0

0 -1 0 -1 0 0 0 0 1 0 0 0 0 0 0 0 0 0 0 0 0 0
-1 0 0 -1 -2 0 0 0 1 0 0 0 0 0 1 0 0 0 0 1 0 0
0 0 0 1 0 0 0 0 0 0 0 0 0 0 0 0 0 0 0 0 0 0
0 0 0 0 0 1 0 0 0 0 0 0 0 0 0 0 0 0 0 0 0 0
0 0 0 0 0 0 1 0 0 0 0 0 0 0 0 0 0 0 0 0 0 0
0 0 0 -1 -1 0 0 0 0 0 0 0 0 0 1 0 0 0 0 1 0 0
0 0 0 -1 0 0 0 0 0 0 0 0 0 0 0 0 0 0 0 1 0 0
0 0 0 0 0 0 -1 1 0 0 0 0 0 0 0 0 0 0 0 0 0 0
0 -1 1 -1 1 0 0 0 0 0 0 0 0 0 0 0 0 0 0 0 0 0
-1 -1 0 -3 -1 0 0 0 1 1 0 0 0 0 1 0 0 0 0 1 0 0
-1 -1 0 -2 -2 0 0 0 1 0 1 0 0 0 1 0 0 0 0 1 0 0
0 0 0 0 0 -1 -1 0 0 0 0 1 0 0 0 0 0 0 0 0 0 0
0 1 0 1 0 0 0 0 -1 0 0 0 1 0 0 0 0 0 0 0 0 0
0 -1 0 -1 0 0 0 0 0 0 0 0 0 1 1 0 0 0 0 0 0 0
-1 -1 0 -2 -1 0 0 0 1 0 0 0 0 0 2 0 0 0 0 0 0 0
0 0 0 0 0 -1 0 0 0 0 0 0 0 0 0 1 0 0 0 0 0 0
0 0 0 0 0 0 -1 0 0 0 0 0 0 0 0 0 1 0 0 0 0 0
-1 -1 0 -1 0 0 0 0 0 0 0 0 0 0 0 0 0 1 0 0 0 0
0 0 0 -1 -1 0 0 0 0 0 0 0 0 0 0 0 0 0 1 1 0 0
0 0 0 -1 -1 0 0 0 0 0 0 0 0 0 0 0 0 0 0 2 0 0
0 0 0 0 0 -1 -1 0 0 0 0 0 0 0 0 0 0 0 0 0 1 0
0 0 0 0 0 -1 -1 0 0 0 0 0 0 0 0 0 0 0 0 0 0 1

1 0 0 0 0 0 0 0 0 0 0 0 0 0 0 0 0 0 0
0 1 0 0 0 0 0 0 0 0 0 0 0 0 0 0 0 0 0
0 0 1 0 0 0 0 0 0 0 0 0 0 0 0 0 0 0 0
0 0 0 1 0 0 0 0 0 0 0 0 0 0 0 0 0 0 0
0 0 0 0 1 0 0 0 0 0 0 0 0 0 0 0 0 0 0
0 0 0 0 0 1 0 0 0 0 0 0 0 0 0 0 0 0 0
0 0 0 0 0 0 1 0 0 0 0 0 0 0 0 0 0 0 0
0 0 0 0 0 0 0 0 0 0 0 0 0 0 0 0 0 0 0
0 0 0 0 0 0 0 0 0 0 0 0 0 0 0 0 0 0 0
0 0 0 0 0 0 0 0 0 0 0 0 0 0 0 0 0 0 0
0 0 0 0 0 0 0 0 0 0 0 0 0 0 0 0 0 0 0
0 0 0 0 0 0 0 0 0 0 0 0 0 0 0 0 0 0 0
0 0 0 0 0 0 0 0 0 0 0 0 0 0 0 0 0 0 0
0 0 0 0 0 0 0 0 0 0 0 0 0 0 0 0 0 0 0
0 0 0 0 0 0 0 0 0 0 0 0 0 0 0 0 0 0 0
0 0 0 0 0 0 0 0 0 0 0 0 0 0 0 0 0 0 0
0 0 0 0 0 0 0 0 0 0 0 0 0 0 0 0 0 0 0
0 0 0 0 0 0 0 0 0 0 0 0 0 0 0 0 0 0 0
0 0 0 0 0 0 0 0 0 0 0 0 0 0 0 0 0 0 0
0 0 0 0 0 0 0 0 0 0 0 0 0 0 0 0 0 0 0
0 0 0 0 0 0 0 0 0 0 0 0 0 0 0 0 0 0 0
0 0 0 0 0 0 0 0 0 0 0 0 0 0 0 0 0 0 0

1 0 0 0 0 0 0 0 -2 0 0 -1 0 0 0 0 0 -2 -2
0 0 0 0 0 0 0 0 0 0 0 1 0 0 0 0 0 0 0
0 1 0 0 0 0 0 0 -1 0 0 0 -2 0 0 1 -1 -1 -1
0 0 1 0 0 0 0 0 -1 -2 0 0 -2 0 0 0 -2 -2 -2
0 0 0 1 0 0 0 -1 0 0 -2 0 0 -2 -2 0 0 0 0
0 0 0 0 0 0 0 1 0 0 0 0 0 0 0 0 0 0 0
0 0 0 0 1 0 0 0 0 0 -1 0 0 0 0 0 0 0 0
0 0 0 0 0 1 0 0 1 0 0 0 0 0 0 -1 -1 1 1
0 0 0 0 0 0 0 0 1 0 0 0 0 0 0 0 0 0 0
0 0 0 0 0 0 0 0 0 1 0 0 0 0 0 0 0 0 0
0 0 0 0 0 0 0 0 0 0 1 0 0 0 0 0 0 0 0
0 0 0 0 0 0 1 0 0 0 0 0 1 0 0 -1 1 0 0
0 0 0 0 0 0 0 0 0 0 0 0 1 0 0 0 0 0 0
0 0 0 0 0 0 0 0 0 0 0 0 0 1 0 0 0 0 0
0 0 0 0 0 0 0 0 0 0 0 0 0 0 1 0 0 0 0
0 0 0 0 0 0 0 0 0 0 0 0 0 0 0 1 0 0 0
0 0 0 0 0 0 0 0 0 0 0 0 0 0 0 0 1 0 0
0 0 0 0 0 0 0 0 0 0 0 0 0 0 0 0 0 1 0
0 0 0 0 0 0 0 0 0 0 0 0 0 0 0 0 0 0 1
