GM:(0,0,0)  M:(1,1,1)  N:(1/2,0,1/2)  P:(1/2,1/2,1/2)  X:(1/2,1/2,0)
GM:(0,0,0)  M:(1,1,1)  N:(1/2,0,1/2)  P:(1/2,1/2,1/2)  X:(1/2,1/2,0)
GM1  GM2  GM3  GM4  GM5  GM6  GM7  M1M2  M3M4  M5  M6M7  N1N1  N2N2  N3N4  P1P1  P2P4  P3P3  P5P5  X1  X2X3  X4X5
1 1 1 1 2 2 2 2 2 2 4 2 2 2 4 2 2 2 2 2 2
8a (mm2,mm2) A1 4 1;8a (mm2,mm2) A2 4 1;8a (mm2,mm2) B1 4 1;8a (mm2,mm2) B2 4 1;8a (mm2,mm2) E 8 1;16b (2',1) A 8 0;16b (2',1) A 8 1
2 2 0 0 0 0 0 2 0 0 0 2 0 0 1 0 0 0 2 0 0
0 0 2 2 0 0 0 0 2 0 0 0 2 0 1 0 0 0 2 0 0
0 0 0 0 2 0 0 0 0 2 0 1 1 0 1 0 0 0 2 0 0
0 0 0 0 2 0 0 0 0 2 0 1 1 0 1 0 0 0 2 0 0
0 0 0 0 0 2 2 0 0 0 2 0 0 4 0 2 1 1 0 2 2
1 1 1 1 2 0 0 1 1 2 0 2 2 0 2 0 0 0 4 0 0
0 0 0 0 0 2 2 0 0 0 2 0 0 4 0 2 1 1 0 2 2

0 0 -1 0 -1 0 0 0 0 0 0 0 1 0 1 0 0 0 0 0 0
0 0 1 0 0 0 0 0 0 0 0 0 0 0 0 0 0 0 0 0 0
0 0 -1 0 0 0 0 0 0 0 0 0 1 0 0 0 0 0 0 0 0
0 0 0 0 0 0 0 0 0 0 0 0 0 0 0 0 0 1 0 0 0
-1 1 0 0 0 0 0 0 0 0 0 0 0 0 0 0 0 0 0 0 0
0 0 -1 1 0 0 0 0 0 0 0 0 0 0 0 0 0 0 0 0 0
0 0 0 0 0 -1 1 0 0 0 0 0 0 0 0 0 0 0 0 0 0
-1 0 0 0 0 0 0 1 0 0 0 0 0 0 0 0 0 0 0 0 0
0 0 -1 0 0 0 0 0 1 0 0 0 0 0 0 0 0 0 0 0 0
0 0 0 0 -1 0 0 0 0 1 0 0 0 0 0 0 0 0 0 0 0
0 0 0 0 0 -1 0 0 0 0 1 0 0 0 0 0 0 0 0 0 0
-1 0 -1 0 -1 0 0 0 0 0 0 1 1 0 0 0 0 0 0 0 0
0 0 -2 0 -1 0 0 0 0 0 0 0 2 0 0 0 0 0 0 0 0
0 0 0 0 0 -2 0 0 0 0 0 0 0 1 0 0 0 0 0 0 0
-1 0 -1 0 -1 0 0 0 0 0 0 0 0 0 2 0 0 0 0 0 0
0 0 0 0 0 -1 0 0 0 0 0 0 0 0 0 1 0 0 0 0 0
0 0 0 0 0 -1 0 0 0 0 0 0 0 0 0 0 1 1 0 0 0
0 0 0 0 0 -1 0 0 0 0 0 0 0 0 0 0 0 2 0 0 0
-1 0 -1 0 -1 0 0 0 0 0 0 0 0 0 0 0 0 0 1 0 0
0 0 0 0 0 -1 0 0 0 0 0 0 0 0 0 0 0 0 0 1 0
0 0 0 0 0 -1 0 0 0 0 0 0 0 0 0 0 0 0 0 0 1

1 0 0 0 0 0 0
0 1 0 0 0 0 0
0 0 1 0 0 0 0
0 0 0 1 0 0 0
0 0 0 0 0 0 0
0 0 0 0 0 0 0
0 0 0 0 0 0 0
0 0 0 0 0 0 0
0 0 0 0 0 0 0
0 0 0 0 0 0 0
0 0 0 0 0 0 0
0 0 0 0 0 0 0
0 0 0 0 0 0 0
0 0 0 0 0 0 0
0 0 0 0 0 0 0
0 0 0 0 0 0 0
0 0 0 0 0 0 0
0 0 0 0 0 0 0
0 0 0 0 0 0 0
0 0 0 0 0 0 0
0 0 0 0 0 0 0

1 -1 0 0 0 -1 0
0 0 0 0 0 -1 0
0 -1 1 0 -1 -2 0
0 0 0 0 1 0 0
0 0 0 1 0 0 -1
0 1 0 0 0 2 0
0 0 0 0 0 0 1
