GM:(0,0,0)  F:(0,1/2,1)  L:(-1/2,1/2,1/2)  T:(0,0,3/2)
GM:(0,0,0)  F:(0,1/2,1)  L:(-1/2,1/2,1/2)  T:(0,0,3/2)
GM2GM3  GM1  GM5GM6  GM4GM4  F1  F2F2  L1L1  L2  T2T3  T1T1  T5T6  T4
2 1 2 2 1 2 2 1 2 2 2 1
6a (3,3) 1E 2 1,6a (3,3) 2E 2 1,6a (3,3) A1 2 1,6a (3,3) 1E 2 1,6a (3,3) 2E 2 1,6a (3,3) E 2 1
1 0 0 0 2 0 1 0 1 0 0 0
1 0 0 0 2 0 1 0 1 0 0 0
0 2 0 0 2 0 1 0 0 1 0 0
0 0 1 0 0 1 0 2 0 0 1 0
0 0 1 0 0 1 0 2 0 0 1 0
0 0 0 1 0 1 0 2 0 0 0 2

1 0 0 0 0 0 0 0 0 0 0 0
0 0 0 0 0 0 0 0 0 1 0 0
0 0 1 0 0 0 0 0 0 0 0 0
0 0 0 1 0 0 0 0 0 0 0 0
-2 -1 0 0 1 0 0 0 0 0 0 0
0 0 -1 -1 0 1 0 0 0 0 0 0
-1 -1 0 0 0 0 1 0 0 1 0 0
0 0 -2 -2 0 0 0 1 0 0 0 0
-1 0 0 0 0 0 0 0 1 0 0 0
0 -1 0 0 0 0 0 0 0 2 0 0
0 0 -1 0 0 0 0 0 0 0 1 0
0 0 0 -2 0 0 0 0 0 0 0 1

1 0 0 0 0 0
0 1 0 0 0 0
0 0 1 0 0 0
0 0 0 1 0 0
0 0 0 0 0 0
0 0 0 0 0 0
0 0 0 0 0 0
0 0 0 0 0 0
0 0 0 0 0 0
0 0 0 0 0 0
0 0 0 0 0 0
0 0 0 0 0 0

1 0 0 0 0 -1
0 0 0 0 0 1
0 1 0 0 0 0
0 0 1 0 -1 0
0 0 0 0 1 0
0 0 0 1 0 0
