GM:(0,0,0)  R:(1/2,1/2,1/2)  S:(1/2,1/2,0)  T:(0,1/2,1/2)  U:(1/2,0,1/2)  X:(1/2,0,0)  Y:(0,1/2,0)  Z:(0,0,1/2)
GM:(0,0,0)  R:(1/2,1/2,1/2)  T:(0,1/2,1/2)  S:(1/2,1/2,0)  U:(1/2,0,1/2)  Z:(0,0,1/2)  Y:(0,1/2,0)  X:(1/2,0,0)
GM1  GM2  GM3  GM4  GM5  R1R3  R2R4  R5R5  (S)T1  (S)T3T5  (S)T2T4  (T)S1S3  (T)S2S4  (T)S5S5  U1  U2U5  U3U4  (X)Z1  (X)Z2  (X)Z3  (X)Z4  (X)Z5  Y1  Y3Y5  Y2Y4  (Z)X1  (Z)X2X5  (Z)X3X4
1 1 1 1 2 2 2 4 2 2 2 2 2 4 2 2 2 1 1 1 1 2 2 2 2 2 2 2
4a (1',1) A 4 1,4b (1',1) A 4 1,4c (2,2) A 4 1,4c (2,2) B 4 1,4c (2,2) 1E 4 1,4c (2,2) 2E 4 1,4d (m',1) A 4 1,4d (m',1) A 4 1
1 1 1 1 0 1 1 0 2 0 0 1 1 0 2 0 0 1 1 1 1 0 2 0 0 2 0 0
1 1 1 1 0 1 1 0 2 0 0 1 1 0 2 0 0 1 1 1 1 0 2 0 0 2 0 0
2 2 0 0 0 1 1 0 2 0 0 1 1 0 2 0 0 2 2 0 0 0 2 0 0 2 0 0
0 0 2 2 0 1 1 0 2 0 0 1 1 0 2 0 0 0 0 2 2 0 2 0 0 2 0 0
0 0 0 0 2 0 0 1 0 2 0 0 0 1 0 1 1 0 0 0 0 2 0 2 0 0 1 1
0 0 0 0 2 0 0 1 0 0 2 0 0 1 0 1 1 0 0 0 0 2 0 0 2 0 1 1
1 1 1 1 0 1 1 0 2 0 0 1 1 0 2 0 0 1 1 1 1 0 2 0 0 2 0 0
0 0 0 0 2 0 0 1 0 1 1 0 0 1 0 1 1 0 0 0 0 2 0 1 1 0 1 1

0 0 1 0 0 0 0 0 0 0 0 0 0 0 0 0 0 0 0 0 0 0 0 0 0 0 0 0
0 0 -1 0 0 0 0 0 0 0 0 0 1 0 0 0 0 0 0 0 0 0 0 0 0 0 0 0
0 0 0 0 0 0 0 0 0 0 0 0 0 0 0 0 0 0 0 0 0 0 0 0 0 0 0 1
0 0 0 0 1 0 0 0 0 -1 0 0 0 0 0 0 0 0 0 0 0 0 0 0 0 0 0 0
0 0 -1 1 0 0 0 0 0 0 0 0 0 0 0 0 0 0 0 0 0 0 0 0 0 0 0 0
-1 0 -1 0 0 1 0 0 0 0 0 0 1 0 0 0 0 0 0 0 0 0 0 0 0 0 0 0
-1 0 -1 0 0 0 1 0 0 0 0 0 1 0 0 0 0 0 0 0 0 0 0 0 0 0 0 0
0 0 0 0 -1 0 0 1 0 0 0 0 0 0 0 0 0 0 0 0 0 0 0 0 0 0 0 1
-1 0 -1 0 0 0 0 0 1 0 0 0 0 0 0 0 0 0 0 0 0 0 0 0 0 0 0 0
-1 1 0 0 0 0 0 0 0 0 0 0 0 0 0 0 0 0 0 0 0 0 0 0 0 0 0 0
0 0 0 0 -1 0 0 0 0 1 1 0 0 0 0 0 0 0 0 0 0 0 0 0 0 0 0 0
-1 0 -1 0 0 0 0 0 0 0 0 1 1 0 0 0 0 0 0 0 0 0 0 0 0 0 0 0
-1 0 -1 0 0 0 0 0 0 0 0 0 2 0 0 0 0 0 0 0 0 0 0 0 0 0 0 0
0 0 0 0 -1 0 0 0 0 0 0 0 0 1 0 0 0 0 0 0 0 0 0 0 0 0 0 1
-1 0 -1 0 0 0 0 0 0 0 0 0 0 0 1 0 0 0 0 0 0 0 0 0 0 0 0 0
0 0 0 0 -1 0 0 0 0 0 0 0 0 0 0 1 0 0 0 0 0 0 0 0 0 0 0 1
0 0 0 0 -1 0 0 0 0 0 0 0 0 0 0 0 1 0 0 0 0 0 0 0 0 0 0 1
-1 0 0 0 0 0 0 0 0 0 0 0 0 0 0 0 0 1 0 0 0 0 0 0 0 0 0 0
-1 0 0 0 0 0 0 0 0 0 0 0 0 0 0 0 0 0 1 0 0 0 0 0 0 0 0 0
0 0 -1 0 0 0 0 0 0 0 0 0 0 0 0 0 0 0 0 1 0 0 0 0 0 0 0 0
0 0 -1 0 0 0 0 0 0 0 0 0 0 0 0 0 0 0 0 0 1 0 0 0 0 0 0 0
0 0 0 0 -1 0 0 0 0 0 0 0 0 0 0 0 0 0 0 0 0 1 0 0 0 0 0 0
-1 0 -1 0 0 0 0 0 0 0 0 0 0 0 0 0 0 0 0 0 0 0 1 0 0 0 0 0
0 0 0 0 0 0 0 0 0 -1 0 0 0 0 0 0 0 0 0 0 0 0 0 1 0 0 0 0
0 0 0 0 -1 0 0 0 0 1 0 0 0 0 0 0 0 0 0 0 0 0 0 0 1 0 0 0
-1 0 -1 0 0 0 0 0 0 0 0 0 0 0 0 0 0 0 0 0 0 0 0 0 0 1 0 0
0 0 0 0 -1 0 0 0 0 0 0 0 0 0 0 0 0 0 0 0 0 0 0 0 0 0 1 1
0 0 0 0 -1 0 0 0 0 0 0 0 0 0 0 0 0 0 0 0 0 0 0 0 0 0 0 2

1 0 0 0 0 0 0 0
0 1 0 0 0 0 0 0
0 0 1 0 0 0 0 0
0 0 0 1 0 0 0 0
0 0 0 0 0 0 0 0
0 0 0 0 0 0 0 0
0 0 0 0 0 0 0 0
0 0 0 0 0 0 0 0
0 0 0 0 0 0 0 0
0 0 0 0 0 0 0 0
0 0 0 0 0 0 0 0
0 0 0 0 0 0 0 0
0 0 0 0 0 0 0 0
0 0 0 0 0 0 0 0
0 0 0 0 0 0 0 0
0 0 0 0 0 0 0 0
0 0 0 0 0 0 0 0
0 0 0 0 0 0 0 0
0 0 0 0 0 0 0 0
0 0 0 0 0 0 0 0
0 0 0 0 0 0 0 0
0 0 0 0 0 0 0 0
0 0 0 0 0 0 0 0
0 0 0 0 0 0 0 0
0 0 0 0 0 0 0 0
0 0 0 0 0 0 0 0
0 0 0 0 0 0 0 0
0 0 0 0 0 0 0 0

1 0 0 0 -1 -2 -1 0
0 0 0 0 1 0 0 0
0 1 0 0 0 1 0 0
0 0 0 0 0 1 0 0
0 0 1 -1 0 0 0 -1
0 0 0 0 0 0 0 -1
0 0 0 0 0 0 1 0
0 0 0 1 0 0 0 2
