GM:(0,0,0)  A:(1/2,0,1/2)  B:(0,0,1/2)  C:(1/2,1/2,0)  D:(0,1/2,1/2)  E:(1/2,1/2,1/2)  Y:(1/2,0,0)  Z:(0,1/2,0)
GM:(0,0,0)  A:(1/2,0,1/2)  B:(0,0,1/2)  C:(1/2,1/2,0)  D:(0,1/2,1/2)  E:(1/2,1/2,1/2)  Y:(1/2,0,0)  Z:(0,1/2,0)
GM1  GM2  GM3GM4  A1A2  A4  A3  B1  B2  B3B4  C1C2  C4  C3  D1  D2  D3D4  E1E2  E4  E3  Y1Y2  Y4  Y3  Z1  Z2  Z3Z4
1 1 2 2 1 1 1 1 2 2 1 1 1 1 2 2 1 1 2 1 1 1 1 2
2a (2,2) A 2 1,2a (2,2) B 2 1,2a (2,2) 1E 2 1,2a (2,2) 2E 2 1,2b (2,2) A 2 1,2b (2,2) B 2 1,2b (2,2) 1E 2 1,2b (2,2) 2E 2 1,2c (2',1) A 2 1,2c (2',1) A 2 1,2d (2',1) A 2 1,2d (2',1) A 2 1
2 0 0 1 0 0 2 0 0 1 0 0 2 0 0 1 0 0 1 0 0 2 0 0
0 2 0 1 0 0 0 2 0 1 0 0 0 2 0 1 0 0 1 0 0 0 2 0
0 0 1 0 2 0 0 0 1 0 2 0 0 0 1 0 2 0 0 2 0 0 0 1
0 0 1 0 0 2 0 0 1 0 0 2 0 0 1 0 0 2 0 0 2 0 0 1
2 0 0 1 0 0 0 2 0 1 0 0 0 2 0 1 0 0 1 0 0 2 0 0
0 2 0 1 0 0 2 0 0 1 0 0 2 0 0 1 0 0 1 0 0 0 2 0
0 0 1 0 0 2 0 0 1 0 2 0 0 0 1 0 0 2 0 2 0 0 0 1
0 0 1 0 2 0 0 0 1 0 0 2 0 0 1 0 2 0 0 0 2 0 0 1
1 1 0 1 0 0 1 1 0 1 0 0 1 1 0 1 0 0 1 0 0 1 1 0
0 0 1 0 1 1 0 0 1 0 1 1 0 0 1 0 1 1 0 1 1 0 0 1
1 1 0 1 0 0 1 1 0 1 0 0 1 1 0 1 0 0 1 0 0 1 1 0
0 0 1 0 1 1 0 0 1 0 1 1 0 0 1 0 1 1 0 1 1 0 0 1

0 0 0 0 0 0 0 0 0 0 0 0 0 0 0 0 0 0 1 0 0 0 0 0
0 1 0 0 0 0 0 0 0 0 0 0 0 0 0 0 0 0 0 0 0 0 0 0
0 0 1 0 0 0 0 0 0 0 0 0 0 0 0 0 0 0 0 0 0 0 0 0
0 0 2 0 0 0 0 0 0 0 -1 0 0 0 0 0 0 0 0 0 0 0 0 0
1 0 0 0 0 0 -1 0 0 0 0 0 0 0 0 0 0 0 0 0 0 0 0 0
0 0 0 0 -1 0 0 0 0 0 1 0 0 0 0 0 0 0 0 0 0 0 0 0
-1 -1 0 1 0 0 0 0 0 0 0 0 0 0 0 0 0 0 1 0 0 0 0 0
-1 -1 0 0 0 0 1 1 0 0 0 0 0 0 0 0 0 0 0 0 0 0 0 0
0 0 -1 0 0 0 0 0 1 0 0 0 0 0 0 0 0 0 0 0 0 0 0 0
-1 -1 0 0 0 0 0 0 0 1 0 0 0 0 0 0 0 0 1 0 0 0 0 0
0 0 -2 0 1 1 0 0 0 0 0 0 0 0 0 0 0 0 0 0 0 0 0 0
0 0 -2 0 0 0 0 0 0 0 1 1 0 0 0 0 0 0 0 0 0 0 0 0
0 0 0 0 0 0 -1 0 0 0 0 0 1 0 0 0 0 0 0 0 0 0 0 0
-1 -1 0 0 0 0 1 0 0 0 0 0 0 1 0 0 0 0 0 0 0 0 0 0
0 0 -1 0 0 0 0 0 0 0 0 0 0 0 1 0 0 0 0 0 0 0 0 0
-1 -1 0 0 0 0 0 0 0 0 0 0 0 0 0 1 0 0 1 0 0 0 0 0
0 0 0 0 -1 0 0 0 0 0 0 0 0 0 0 0 1 0 0 0 0 0 0 0
0 0 -2 0 1 0 0 0 0 0 0 0 0 0 0 0 0 1 0 0 0 0 0 0
-1 -1 0 0 0 0 0 0 0 0 0 0 0 0 0 0 0 0 2 0 0 0 0 0
0 0 0 0 0 0 0 0 0 0 -1 0 0 0 0 0 0 0 0 1 0 0 0 0
0 0 -2 0 0 0 0 0 0 0 1 0 0 0 0 0 0 0 0 0 1 0 0 0
-1 0 0 0 0 0 0 0 0 0 0 0 0 0 0 0 0 0 0 0 0 1 0 0
0 -1 0 0 0 0 0 0 0 0 0 0 0 0 0 0 0 0 0 0 0 0 1 0
0 0 -1 0 0 0 0 0 0 0 0 0 0 0 0 0 0 0 0 0 0 0 0 1

1 0 0 0 0 0 0 0 0 0 0 0
0 1 0 0 0 0 0 0 0 0 0 0
0 0 1 0 0 0 0 0 0 0 0 0
0 0 0 1 0 0 0 0 0 0 0 0
0 0 0 0 2 0 0 0 0 0 0 0
0 0 0 0 0 2 0 0 0 0 0 0
0 0 0 0 0 0 0 0 0 0 0 0
0 0 0 0 0 0 0 0 0 0 0 0
0 0 0 0 0 0 0 0 0 0 0 0
0 0 0 0 0 0 0 0 0 0 0 0
0 0 0 0 0 0 0 0 0 0 0 0
0 0 0 0 0 0 0 0 0 0 0 0
0 0 0 0 0 0 0 0 0 0 0 0
0 0 0 0 0 0 0 0 0 0 0 0
0 0 0 0 0 0 0 0 0 0 0 0
0 0 0 0 0 0 0 0 0 0 0 0
0 0 0 0 0 0 0 0 0 0 0 0
0 0 0 0 0 0 0 0 0 0 0 0
0 0 0 0 0 0 0 0 0 0 0 0
0 0 0 0 0 0 0 0 0 0 0 0
0 0 0 0 0 0 0 0 0 0 0 0
0 0 0 0 0 0 0 0 0 0 0 0
0 0 0 0 0 0 0 0 0 0 0 0
0 0 0 0 0 0 0 0 0 0 0 0

1 -1 0 0 -1 0 -1 0 -1 0 -1 0
0 0 0 0 0 0 -1 0 -1 0 -1 0
0 0 1 -1 0 -1 0 -1 0 -1 0 -1
0 0 0 0 0 0 0 -1 0 -1 0 -1
0 0 0 0 1 0 1 0 0 0 0 0
0 0 0 0 0 0 1 0 0 0 0 0
0 0 0 0 0 1 0 1 0 0 0 0
0 0 0 0 0 0 0 1 0 0 0 0
0 0 0 0 0 0 0 0 1 0 0 0
0 0 0 0 0 0 0 0 0 1 0 0
0 1 0 0 0 0 0 0 1 0 2 0
0 0 0 1 0 0 0 0 0 1 0 2
