GM:(0,0,0)  R:(1/2,0,1/2)  S:(0,1/2,1/2)  T:(1/2,1/2,0)  W:(1/2,1/2,1/2)  X:(1,1,1)
GM:(0,0,0)  R:(1/2,0,1/2)  S:(0,1/2,1/2)  T:(1/2,1/2,0)  W:(1/2,1/2,1/2)  X:(1,1,1)
GM1+  GM1-  GM4+  GM4-  GM2+  GM2-  GM3+  GM3-  GM5  GM6  R1  R2  S1  S2  T1  T2T2  W1  W2W4  W3W5  X2+  X2-  X3+  X3-  X1+  X1-  X4+  X4-  X5  X6
1 1 1 1 1 1 1 1 2 2 2 2 2 2 2 4 2 2 2 1 1 1 1 1 1 1 1 2 2
8a (2'2'2,2) A 4 1,8a (2'2'2,2) B 4 1,8a (2'2'2,2) 1E 4 1,8a (2'2'2,2) 2E 4 1,8b (2'2'2,2) A 4 1,8b (2'2'2,2) B 4 1,8b (2'2'2,2) 1E 4 1,8b (2'2'2,2) 2E 4 1,8c (2'/m',1) Ag 4 1,8c (2'/m',1) Au 4 1,8c (2'/m',1) Ag 4 1,8c (2'/m',1) Au 4 1,8d (2/m',2) A 4 1,8d (2/m',2) B 4 1,8e (2/m',2) A 4 1,8e (2/m',2) B 4 1,8f (2'/m',1) Ag 4 1,8f (2'/m',1) Au 4 1,8f (2'/m',1) Ag 4 1,8f (2'/m',1) Au 4 1,8g (m'm'2,2) A 4 1,8g (m'm'2,2) B 4 1,8g (m'm'2,2) 1E 4 1,8g (m'm'2,2) 2E 4 1
1 1 1 1 0 0 0 0 0 0 2 0 2 0 2 0 2 0 0 1 1 1 1 0 0 0 0 0 0
0 0 0 0 1 1 1 1 0 0 2 0 2 0 2 0 2 0 0 0 0 0 0 1 1 1 1 0 0
0 0 0 0 0 0 0 0 1 1 0 2 0 2 0 1 0 1 1 0 0 0 0 0 0 0 0 1 1
0 0 0 0 0 0 0 0 1 1 0 2 0 2 0 1 0 1 1 0 0 0 0 0 0 0 0 1 1
1 1 0 0 0 0 1 1 0 0 2 0 2 0 2 0 2 0 0 0 0 1 1 1 1 0 0 0 0
0 0 1 1 1 1 0 0 0 0 2 0 2 0 2 0 2 0 0 1 1 0 0 0 0 1 1 0 0
0 0 0 0 0 0 0 0 1 1 0 2 0 2 0 1 0 1 1 0 0 0 0 0 0 0 0 1 1
0 0 0 0 0 0 0 0 1 1 0 2 0 2 0 1 0 1 1 0 0 0 0 0 0 0 0 1 1
1 0 1 0 1 0 1 0 0 0 2 0 2 0 2 0 2 0 0 1 0 1 0 1 0 1 0 0 0
0 1 0 1 0 1 0 1 0 0 2 0 2 0 2 0 2 0 0 0 1 0 1 0 1 0 1 0 0
0 0 0 0 0 0 0 0 2 0 0 2 0 2 0 1 0 1 1 0 0 0 0 0 0 0 0 2 0
0 0 0 0 0 0 0 0 0 2 0 2 0 2 0 1 0 1 1 0 0 0 0 0 0 0 0 0 2
1 1 0 0 0 0 1 1 0 0 2 0 2 0 2 0 2 0 0 0 0 1 1 1 1 0 0 0 0
0 0 1 1 1 1 0 0 0 0 2 0 2 0 2 0 2 0 0 1 1 0 0 0 0 1 1 0 0
1 1 1 1 0 0 0 0 0 0 2 0 2 0 2 0 2 0 0 1 1 1 1 0 0 0 0 0 0
0 0 0 0 1 1 1 1 0 0 2 0 2 0 2 0 2 0 0 0 0 0 0 1 1 1 1 0 0
1 0 1 0 1 0 1 0 0 0 2 0 2 0 2 0 2 0 0 0 1 0 1 0 1 0 1 0 0
0 1 0 1 0 1 0 1 0 0 2 0 2 0 2 0 2 0 0 1 0 1 0 1 0 1 0 0 0
0 0 0 0 0 0 0 0 2 0 0 2 0 2 0 1 0 1 1 0 0 0 0 0 0 0 0 0 2
0 0 0 0 0 0 0 0 0 2 0 2 0 2 0 1 0 1 1 0 0 0 0 0 0 0 0 2 0
1 1 0 0 1 1 0 0 0 0 2 0 2 0 2 0 2 0 0 1 1 0 0 1 1 0 0 0 0
0 0 1 1 0 0 1 1 0 0 2 0 2 0 2 0 2 0 0 0 0 1 1 0 0 1 1 0 0
0 0 0 0 0 0 0 0 1 1 0 2 0 2 0 1 0 1 1 0 0 0 0 0 0 0 0 1 1
0 0 0 0 0 0 0 0 1 1 0 2 0 2 0 1 0 1 1 0 0 0 0 0 0 0 0 1 1

-1 1 1 0 0 0 0 0 0 0 0 0 0 0 0 0 0 0 0 0 0 0 0 0 0 0 0 0 0
-1 1 0 0 1 0 0 0 0 0 0 0 0 0 0 0 0 0 0 0 0 0 0 0 0 0 0 0 0
0 0 0 0 0 0 0 0 0 1 0 0 0 0 0 0 0 0 0 0 0 0 0 0 0 0 0 0 0
1 0 -1 0 0 0 0 0 0 0 0 0 0 0 0 0 0 0 0 0 0 0 0 0 0 0 0 0 0
1 -1 -1 0 0 0 0 0 0 0 0 0 0 0 0 0 0 0 0 1 0 0 0 0 0 0 0 0 0
0 0 0 0 0 0 0 0 0 -1 0 0 0 0 0 0 0 0 1 0 0 0 0 0 0 0 0 0 0
1 0 0 0 1 0 -1 0 0 0 0 0 0 0 0 0 0 0 0 -1 0 0 0 0 0 0 0 0 0
0 0 0 0 0 0 0 0 0 -1 0 0 0 0 0 0 0 0 0 0 0 0 0 0 0 0 0 0 1
1 0 -1 0 1 0 -1 0 0 0 0 0 0 0 0 0 0 0 0 0 0 0 0 0 0 0 0 0 0
1 -1 0 0 0 0 -1 1 0 0 0 0 0 0 0 0 0 0 0 0 0 0 0 0 0 0 0 0 0
1 -2 -1 0 -1 0 -1 0 0 0 1 0 0 0 0 0 0 0 0 0 0 0 0 0 0 0 0 0 0
0 0 0 0 0 0 0 0 -1 -1 0 1 0 0 0 0 0 0 0 0 0 0 0 0 0 0 0 0 0
1 -2 -1 0 -1 0 -1 0 0 0 0 0 1 0 0 0 0 0 0 0 0 0 0 0 0 0 0 0 0
0 0 0 0 0 0 0 0 -1 -1 0 0 0 1 0 0 0 0 0 0 0 0 0 0 0 0 0 0 0
1 -2 -1 0 -1 0 -1 0 0 0 0 0 0 0 1 0 0 0 0 0 0 0 0 0 0 0 0 0 0
0 0 0 0 0 0 0 0 -1 -1 0 0 0 0 0 1 0 0 1 0 0 0 0 0 0 0 0 0 0
1 -2 -1 0 -1 0 -1 0 0 0 0 0 0 0 0 0 1 0 0 0 0 0 0 0 0 0 0 0 0
0 0 0 0 0 0 0 0 -1 -1 0 0 0 0 0 0 0 1 1 0 0 0 0 0 0 0 0 0 0
0 0 0 0 0 0 0 0 -1 -1 0 0 0 0 0 0 0 0 2 0 0 0 0 0 0 0 0 0 0
1 -1 -1 1 0 0 0 0 0 0 0 0 0 0 0 0 0 0 0 0 0 0 0 0 0 0 0 0 0
0 -1 -1 0 -1 0 1 0 0 0 0 0 0 0 0 0 0 0 0 1 1 0 0 0 0 0 0 0 0
0 0 0 0 1 0 -1 0 0 0 0 0 0 0 0 0 0 0 0 -1 0 1 0 0 0 0 0 0 0
0 -1 -1 0 0 0 0 0 0 0 0 0 0 0 0 0 0 0 0 1 0 0 1 0 0 0 0 0 0
0 0 1 0 0 0 -1 0 0 0 0 0 0 0 0 0 0 0 0 -1 0 0 0 1 0 0 0 0 0
0 -1 0 0 -1 0 0 0 0 0 0 0 0 0 0 0 0 0 0 1 0 0 0 0 1 0 0 0 0
1 0 0 0 0 0 -1 0 0 0 0 0 0 0 0 0 0 0 0 -1 0 0 0 0 0 1 0 0 0
1 -1 -1 0 -1 0 0 0 0 0 0 0 0 0 0 0 0 0 0 1 0 0 0 0 0 0 1 0 0
0 0 0 0 0 0 0 0 -1 -1 0 0 0 0 0 0 0 0 0 0 0 0 0 0 0 0 0 1 1
1 -1 0 0 -1 1 0 0 0 0 0 0 0 0 0 0 0 0 0 0 0 0 0 0 0 0 0 0 0

1 0 0 0 0 0 0 0 0 0 0 0 0 0 0 0 0 0 0 0 0 0 0 0
0 1 0 0 0 0 0 0 0 0 0 0 0 0 0 0 0 0 0 0 0 0 0 0
0 0 1 0 0 0 0 0 0 0 0 0 0 0 0 0 0 0 0 0 0 0 0 0
0 0 0 1 0 0 0 0 0 0 0 0 0 0 0 0 0 0 0 0 0 0 0 0
0 0 0 0 1 0 0 0 0 0 0 0 0 0 0 0 0 0 0 0 0 0 0 0
0 0 0 0 0 1 0 0 0 0 0 0 0 0 0 0 0 0 0 0 0 0 0 0
0 0 0 0 0 0 1 0 0 0 0 0 0 0 0 0 0 0 0 0 0 0 0 0
0 0 0 0 0 0 0 2 0 0 0 0 0 0 0 0 0 0 0 0 0 0 0 0
0 0 0 0 0 0 0 0 2 0 0 0 0 0 0 0 0 0 0 0 0 0 0 0
0 0 0 0 0 0 0 0 0 0 0 0 0 0 0 0 0 0 0 0 0 0 0 0
0 0 0 0 0 0 0 0 0 0 0 0 0 0 0 0 0 0 0 0 0 0 0 0
0 0 0 0 0 0 0 0 0 0 0 0 0 0 0 0 0 0 0 0 0 0 0 0
0 0 0 0 0 0 0 0 0 0 0 0 0 0 0 0 0 0 0 0 0 0 0 0
0 0 0 0 0 0 0 0 0 0 0 0 0 0 0 0 0 0 0 0 0 0 0 0
0 0 0 0 0 0 0 0 0 0 0 0 0 0 0 0 0 0 0 0 0 0 0 0
0 0 0 0 0 0 0 0 0 0 0 0 0 0 0 0 0 0 0 0 0 0 0 0
0 0 0 0 0 0 0 0 0 0 0 0 0 0 0 0 0 0 0 0 0 0 0 0
0 0 0 0 0 0 0 0 0 0 0 0 0 0 0 0 0 0 0 0 0 0 0 0
0 0 0 0 0 0 0 0 0 0 0 0 0 0 0 0 0 0 0 0 0 0 0 0
0 0 0 0 0 0 0 0 0 0 0 0 0 0 0 0 0 0 0 0 0 0 0 0
0 0 0 0 0 0 0 0 0 0 0 0 0 0 0 0 0 0 0 0 0 0 0 0
0 0 0 0 0 0 0 0 0 0 0 0 0 0 0 0 0 0 0 0 0 0 0 0
0 0 0 0 0 0 0 0 0 0 0 0 0 0 0 0 0 0 0 0 0 0 0 0
0 0 0 0 0 0 0 0 0 0 0 0 0 0 0 0 0 0 0 0 0 0 0 0
0 0 0 0 0 0 0 0 0 0 0 0 0 0 0 0 0 0 0 0 0 0 0 0
0 0 0 0 0 0 0 0 0 0 0 0 0 0 0 0 0 0 0 0 0 0 0 0
0 0 0 0 0 0 0 0 0 0 0 0 0 0 0 0 0 0 0 0 0 0 0 0
0 0 0 0 0 0 0 0 0 0 0 0 0 0 0 0 0 0 0 0 0 0 0 0
0 0 0 0 0 0 0 0 0 0 0 0 0 0 0 0 0 0 0 0 0 0 0 0

1 0 0 0 0 0 0 0 0 -1 -1 0 0 -1 -1 0 0 -1 0 0 0 -1 0 0
0 1 0 0 0 0 0 0 -1 -1 -1 0 0 -1 0 -1 0 -1 0 0 0 -1 0 0
0 0 1 0 0 0 0 0 0 0 0 -2 0 0 0 0 -1 0 -1 -2 -1 0 -1 -1
0 0 0 0 0 0 0 0 0 0 0 0 0 0 0 0 0 0 0 0 1 0 0 0
0 0 0 1 0 0 0 0 -1 0 1 0 -1 1 0 0 0 0 0 0 0 0 0 0
0 0 0 0 0 0 0 0 0 0 1 0 0 0 0 0 0 0 0 0 0 0 0 0
0 0 0 0 0 0 0 0 0 0 0 0 0 0 0 0 1 0 0 0 0 0 0 0
0 0 0 0 0 0 0 0 0 0 0 0 0 0 0 0 0 0 1 0 0 0 0 0
0 0 0 0 1 0 0 0 -1 1 0 0 0 0 0 0 0 0 0 0 0 0 0 0
0 0 0 0 0 0 0 0 0 1 0 0 0 0 0 0 0 0 0 0 0 0 0 0
0 0 0 0 0 1 0 -1 0 0 0 1 0 0 0 0 0 0 0 0 0 0 0 0
0 0 0 0 0 0 0 0 0 0 0 1 0 0 0 0 0 0 0 0 0 0 0 0
0 0 0 0 0 0 0 0 0 0 0 0 1 0 0 0 0 0 0 0 0 0 0 0
0 0 0 0 0 0 0 0 0 0 0 0 0 1 0 0 0 0 0 0 0 0 0 0
0 0 0 0 0 0 0 0 0 0 0 0 0 0 1 0 0 0 0 0 0 0 0 0
0 0 0 0 0 0 0 0 0 0 0 0 0 0 0 1 0 0 0 0 0 0 0 0
0 0 0 0 0 0 1 0 -1 0 0 0 0 0 0 0 0 1 0 0 0 0 0 0
0 0 0 0 0 0 0 0 0 0 0 0 0 0 0 0 0 1 0 0 0 0 0 0
0 0 0 0 0 0 0 1 0 0 0 0 0 0 0 0 0 0 0 1 0 0 0 0
0 0 0 0 0 0 0 0 0 0 0 0 0 0 0 0 0 0 0 1 0 0 0 0
0 0 0 0 0 0 0 0 1 0 0 0 0 0 0 0 0 0 0 0 0 1 0 0
0 0 0 0 0 0 0 0 0 0 0 0 0 0 0 0 0 0 0 0 0 1 0 0
0 0 0 0 0 0 0 0 0 0 0 0 0 0 0 0 0 0 0 0 0 0 1 0
0 0 0 0 0 0 0 0 0 0 0 0 0 0 0 0 0 0 0 0 0 0 0 1
