GM:(0,0,0)  L:(1/2,1/2,1/2)  W:(1/2,1,0)  X:(0,1,0)
GM:(0,0,0)  L:(1/2,1/2,1/2)  W:(1/2,1,0)  X:(0,1,0)
GM3  GM1  GM2  GM4  GM5  GM8  GM6  GM7  L3  L1  L2  L4L5  L6  W1  W2W4  W3W5  X5  X1X4  X2X3  X6X7
2 1 1 3 3 4 2 2 2 1 1 2 2 2 2 2 2 2 2 4
8a (4'3m',23) 1E 2 1,8a (4'3m',23) 2E 2 1,8a (4'3m',23) A 2 1,8a (4'3m',23) T 6 1,8a (4'3m',23) 1F 4 1,8a (4'3m',23) 2F 4 1,8a (4'3m',23) E 4 1,8b (4'3m',23) 1E 2 1,8b (4'3m',23) 2E 2 1,8b (4'3m',23) A 2 1,8b (4'3m',23) T 6 1,8b (4'3m',23) 1F 4 1,8b (4'3m',23) 2F 4 1,8b (4'3m',23) E 4 1,16c (3'm',32) A1 4 1,16c (3'm',32) A2 4 1,16d (3'm',32) A1 4 1,16d (3'm',32) A2 4 1
1 0 0 0 0 0 0 0 1 0 0 0 0 1 0 0 1 0 0 0
1 0 0 0 0 0 0 0 1 0 0 0 0 1 0 0 1 0 0 0
0 1 1 0 0 0 0 0 0 1 1 0 0 1 0 0 1 0 0 0
0 0 0 1 1 0 0 0 2 1 1 0 0 3 0 0 1 1 1 0
0 0 0 0 0 1 0 0 0 0 0 1 1 0 1 1 0 0 0 1
0 0 0 0 0 1 0 0 0 0 0 1 1 0 1 1 0 0 0 1
0 0 0 0 0 0 1 1 0 0 0 0 2 0 1 1 0 0 0 1
1 0 0 0 0 0 0 0 1 0 0 0 0 1 0 0 1 0 0 0
1 0 0 0 0 0 0 0 1 0 0 0 0 1 0 0 1 0 0 0
0 1 1 0 0 0 0 0 0 1 1 0 0 1 0 0 1 0 0 0
0 0 0 1 1 0 0 0 2 1 1 0 0 3 0 0 1 1 1 0
0 0 0 0 0 1 0 0 0 0 0 1 1 0 1 1 0 0 0 1
0 0 0 0 0 1 0 0 0 0 0 1 1 0 1 1 0 0 0 1
0 0 0 0 0 0 1 1 0 0 0 0 2 0 1 1 0 0 0 1
0 1 0 0 1 0 0 0 1 1 1 0 0 2 0 0 1 0 1 0
0 0 1 1 0 0 0 0 1 1 1 0 0 2 0 0 1 1 0 0
0 1 0 0 1 0 0 0 1 1 1 0 0 2 0 0 1 0 1 0
0 0 1 1 0 0 0 0 1 1 1 0 0 2 0 0 1 1 0 0

1 0 0 0 0 0 0 0 0 0 0 0 0 0 0 0 0 0 0 0
0 0 1 0 0 0 0 0 0 0 0 0 0 0 0 0 0 0 0 0
0 0 0 1 0 0 0 0 0 0 0 0 0 0 0 0 0 0 0 0
0 0 0 0 0 1 0 0 0 0 0 0 0 0 0 0 0 0 0 0
0 0 0 0 0 0 1 0 0 0 0 0 0 0 0 0 0 0 0 0
0 1 -1 0 0 0 0 0 0 0 0 0 0 0 0 0 0 0 0 0
0 -1 1 -1 1 0 0 0 0 0 0 0 0 0 0 0 0 0 0 0
0 0 0 0 0 0 -1 1 0 0 0 0 0 0 0 0 0 0 0 0
-1 -1 1 -2 0 0 0 0 1 0 0 0 0 0 0 0 0 0 0 0
0 -1 0 -1 0 0 0 0 0 1 0 0 0 0 0 0 0 0 0 0
0 -1 0 -1 0 0 0 0 0 0 1 0 0 0 0 0 0 0 0 0
0 0 0 0 0 -1 0 0 0 0 0 1 0 0 0 0 0 0 0 0
0 0 0 0 0 -1 -2 0 0 0 0 0 1 0 0 0 0 0 0 0
-1 -2 1 -3 0 0 0 0 0 0 0 0 0 1 0 0 0 0 0 0
0 0 0 0 0 -1 -1 0 0 0 0 0 0 0 1 0 0 0 0 0
0 0 0 0 0 -1 -1 0 0 0 0 0 0 0 0 1 0 0 0 0
-1 -1 0 -1 0 0 0 0 0 0 0 0 0 0 0 0 1 0 0 0
0 0 0 -1 0 0 0 0 0 0 0 0 0 0 0 0 0 1 0 0
0 -1 1 -1 0 0 0 0 0 0 0 0 0 0 0 0 0 0 1 0
0 0 0 0 0 -1 -1 0 0 0 0 0 0 0 0 0 0 0 0 1

1 0 0 0 0 0 0 0 0 0 0 0 0 0 0 0 0 0
0 1 0 0 0 0 0 0 0 0 0 0 0 0 0 0 0 0
0 0 1 0 0 0 0 0 0 0 0 0 0 0 0 0 0 0
0 0 0 1 0 0 0 0 0 0 0 0 0 0 0 0 0 0
0 0 0 0 1 0 0 0 0 0 0 0 0 0 0 0 0 0
0 0 0 0 0 1 0 0 0 0 0 0 0 0 0 0 0 0
0 0 0 0 0 0 0 0 0 0 0 0 0 0 0 0 0 0
0 0 0 0 0 0 0 0 0 0 0 0 0 0 0 0 0 0
0 0 0 0 0 0 0 0 0 0 0 0 0 0 0 0 0 0
0 0 0 0 0 0 0 0 0 0 0 0 0 0 0 0 0 0
0 0 0 0 0 0 0 0 0 0 0 0 0 0 0 0 0 0
0 0 0 0 0 0 0 0 0 0 0 0 0 0 0 0 0 0
0 0 0 0 0 0 0 0 0 0 0 0 0 0 0 0 0 0
0 0 0 0 0 0 0 0 0 0 0 0 0 0 0 0 0 0
0 0 0 0 0 0 0 0 0 0 0 0 0 0 0 0 0 0
0 0 0 0 0 0 0 0 0 0 0 0 0 0 0 0 0 0
0 0 0 0 0 0 0 0 0 0 0 0 0 0 0 0 0 0
0 0 0 0 0 0 0 0 0 0 0 0 0 0 0 0 0 0
0 0 0 0 0 0 0 0 0 0 0 0 0 0 0 0 0 0
0 0 0 0 0 0 0 0 0 0 0 0 0 0 0 0 0 0

1 0 0 0 0 0 -1 -1 -1 0 0 0 0 0 0 0 0 0
0 0 0 0 0 0 1 0 0 0 0 0 0 0 0 0 0 0
0 1 0 0 0 0 0 0 0 -1 0 0 0 0 0 -1 0 -1
0 0 1 0 0 0 0 0 0 0 -1 0 0 0 0 -1 0 -1
0 0 0 1 0 0 0 0 0 0 0 -1 -1 0 -1 0 0 0
0 0 0 0 0 0 0 0 0 0 0 0 0 0 1 0 0 0
0 0 0 0 1 0 0 0 0 0 0 0 0 -1 0 0 0 0
0 0 0 0 0 0 0 1 0 0 0 0 0 0 0 0 0 0
0 0 0 0 0 0 0 0 1 0 0 0 0 0 0 0 0 0
0 0 0 0 0 0 0 0 0 1 0 0 0 0 0 0 0 0
0 0 0 0 0 0 0 0 0 0 1 0 0 0 0 0 0 0
0 0 0 0 0 0 0 0 0 0 0 1 0 0 0 0 0 0
0 0 0 0 0 0 0 0 0 0 0 0 1 0 0 0 0 0
0 0 0 0 0 0 0 0 0 0 0 0 0 1 0 0 0 0
0 0 0 0 0 1 0 0 0 0 0 0 0 0 0 1 -1 1
0 0 0 0 0 0 0 0 0 0 0 0 0 0 0 1 0 0
0 0 0 0 0 0 0 0 0 0 0 0 0 0 0 0 1 0
0 0 0 0 0 0 0 0 0 0 0 0 0 0 0 0 0 1
