GM:(0,0,0)  L:(1/2,1/2,1/2)  T:(1,0,0)  Y:(0,1,0)  Z:(0,0,1)
GM:(0,0,0)  L:(1/2,1/2,1/2)  T:(1,0,0)  Y:(0,1,0)  Z:(0,0,1)
GM1  GM2  GM3  GM4  GM5  L1L1  L2  T1  T2T5  T3T4  Y1  Y2Y3  Y4Y5  Z1Z2  Z3Z4  Z5Z5
1 1 1 1 2 2 1 2 2 2 2 2 2 2 2 4
16a (2,2) A 4 0,16a (2,2) B 4 0,16a (2,2) 1E 4 1,16a (2,2) 2E 4 1,16b (2',1) A 4 0,16b (2',1) A 4 1
2 2 0 0 0 2 0 2 0 0 2 0 0 2 0 0
0 0 2 2 0 2 0 2 0 0 2 0 0 0 2 0
0 0 0 0 2 0 4 0 1 1 0 1 1 0 0 1
0 0 0 0 2 0 4 0 1 1 0 1 1 0 0 1
1 1 1 1 0 2 0 2 0 0 2 0 0 1 1 0
0 0 0 0 2 0 4 0 1 1 0 1 1 0 0 1

1 0 0 0 0 0 0 0 0 0 0 0 0 0 0 0
0 0 0 0 0 0 0 0 0 0 0 0 0 0 0 1
1 0 -1 0 0 0 0 0 0 0 0 0 0 0 0 2
0 0 -1 1 0 0 0 0 0 0 0 0 0 0 0 0
-1 1 0 0 0 0 0 0 0 0 0 0 0 0 0 0
-1 0 -1 0 0 1 0 0 0 0 0 0 0 0 0 0
0 0 0 0 -2 0 1 0 0 0 0 0 0 0 0 0
-1 0 -1 0 0 0 0 1 0 0 0 0 0 0 0 0
0 0 0 0 -1 0 0 0 1 0 0 0 0 0 0 1
0 0 0 0 -1 0 0 0 0 1 0 0 0 0 0 1
-1 0 -1 0 0 0 0 0 0 0 1 0 0 0 0 0
0 0 0 0 -1 0 0 0 0 0 0 1 0 0 0 1
0 0 0 0 -1 0 0 0 0 0 0 0 1 0 0 1
-1 0 0 0 0 0 0 0 0 0 0 0 0 1 0 0
0 0 -1 0 0 0 0 0 0 0 0 0 0 0 1 0
0 0 0 0 -1 0 0 0 0 0 0 0 0 0 0 2

1 0 0 0 0 0
0 1 0 0 0 0
0 0 2 0 0 0
0 0 0 0 0 0
0 0 0 0 0 0
0 0 0 0 0 0
0 0 0 0 0 0
0 0 0 0 0 0
0 0 0 0 0 0
0 0 0 0 0 0
0 0 0 0 0 0
0 0 0 0 0 0
0 0 0 0 0 0
0 0 0 0 0 0
0 0 0 0 0 0
0 0 0 0 0 0

0 0 0 0 -1 0
0 1 -1 0 -1 0
0 1 0 -1 0 -1
0 0 0 1 0 0
1 0 0 0 2 0
0 0 0 0 0 1
