GM:(0,0,0)  R:(1/2,0,1/2)  S:(0,1/2,1/2)  T:(1/2,1/2,0)  W:(1/2,1/2,1/2)  WA:(-1/2,-1/2,-1/2)  X:(1,1,1)
GM:(0,0,0)  R:(1/2,0,1/2)  S:(0,1/2,1/2)  T:(1/2,1/2,0)  W:(1/2,1/2,1/2)  WA:(-1/2,-1/2,-1/2)  X:(1,1,1)
GM1  GM2  GM3  GM4  GM5  R1R2  R3R3  R4R4  S1S2  S4S4  S3S3  T1T2  T3T3  T4T4  W1W1  W4W4  W5W5  W2W2  W3W3  WA1WA1  WA2WA2  WA3WA3  WA4WA4  WA5WA5  X1  X2  X3  X4  X5
1 1 1 1 2 2 2 2 2 2 2 2 2 2 4 2 2 2 2 4 2 2 2 2 1 1 1 1 2
8a (1',1) A 4 1,8b (1',1) A 4 1,8c (2,2) A 4 1,8c (2,2) B 4 1,8c (2,2) 1E 4 1,8c (2,2) 2E 4 1,8d (2,2) A 4 1,8d (2,2) B 4 1,8d (2,2) 1E 4 1,8d (2,2) 2E 4 1,8e (2,2) A 4 1,8e (2,2) B 4 1,8e (2,2) 1E 4 1,8e (2,2) 2E 4 1
1 1 1 1 0 2 0 0 2 0 0 2 0 0 1 0 0 0 0 1 0 0 0 0 1 1 1 1 0
1 1 1 1 0 2 0 0 2 0 0 2 0 0 1 0 0 0 0 1 0 0 0 0 1 1 1 1 0
2 0 2 0 0 2 0 0 2 0 0 2 0 0 1 0 0 0 0 1 0 0 0 0 2 0 2 0 0
0 2 0 2 0 2 0 0 2 0 0 2 0 0 1 0 0 0 0 1 0 0 0 0 0 2 0 2 0
0 0 0 0 2 0 1 1 0 2 0 0 1 1 0 1 1 0 0 0 1 1 0 0 0 0 0 0 2
0 0 0 0 2 0 1 1 0 0 2 0 1 1 0 0 0 1 1 0 0 0 1 1 0 0 0 0 2
2 0 0 2 0 2 0 0 2 0 0 2 0 0 1 0 0 0 0 1 0 0 0 0 0 2 2 0 0
0 2 2 0 0 2 0 0 2 0 0 2 0 0 1 0 0 0 0 1 0 0 0 0 2 0 0 2 0
0 0 0 0 2 0 0 2 0 1 1 0 1 1 0 0 1 1 0 0 0 1 1 0 0 0 0 0 2
0 0 0 0 2 0 2 0 0 1 1 0 1 1 0 1 0 0 1 0 1 0 0 1 0 0 0 0 2
2 2 0 0 0 2 0 0 2 0 0 2 0 0 1 0 0 0 0 1 0 0 0 0 2 2 0 0 0
0 0 2 2 0 2 0 0 2 0 0 2 0 0 1 0 0 0 0 1 0 0 0 0 0 0 2 2 0
0 0 0 0 2 0 1 1 0 1 1 0 0 2 0 0 1 0 1 0 1 0 1 0 0 0 0 0 2
0 0 0 0 2 0 1 1 0 1 1 0 2 0 0 1 0 1 0 0 0 1 0 1 0 0 0 0 2

-1 0 0 0 0 1 0 0 0 0 0 0 0 0 0 0 0 0 0 0 0 0 0 0 0 0 0 0 0
1 0 0 0 0 -1 0 0 0 0 0 0 0 0 0 0 0 0 0 1 0 0 0 0 0 0 0 0 0
0 0 0 0 0 0 0 0 0 0 0 0 0 0 0 1 0 0 0 0 0 0 0 0 0 0 0 0 0
0 0 0 0 0 0 0 0 0 0 0 0 0 0 0 0 0 0 0 0 0 0 0 1 0 0 0 0 0
0 0 0 0 -1 0 1 0 0 2 0 0 0 0 0 -3 0 0 0 0 0 0 0 1 0 0 0 0 0
-1 0 0 0 -1 0 0 0 0 3 0 0 0 0 0 -4 0 0 0 0 0 0 0 2 1 0 0 0 0
-1 0 0 0 0 -1 0 0 0 0 0 0 0 0 0 0 0 0 0 0 0 0 0 0 2 1 0 0 0
-1 0 0 0 -2 0 2 0 0 4 0 0 0 0 0 -6 0 0 0 0 0 0 0 2 1 0 0 0 0
0 0 0 0 0 -1 0 0 1 0 0 0 0 0 0 0 0 0 0 0 0 0 0 0 0 0 0 0 0
0 0 0 0 -1 0 1 1 0 0 0 0 0 0 0 0 0 0 0 0 0 0 0 0 0 0 0 0 0
0 0 0 0 -1 0 0 0 0 1 1 0 0 0 0 0 0 0 0 0 0 0 0 0 0 0 0 0 0
0 0 0 0 0 -1 0 0 0 0 0 1 0 0 0 0 0 0 0 0 0 0 0 0 0 0 0 0 0
0 0 0 0 -1 0 1 0 0 1 0 0 1 0 0 -2 0 0 0 0 0 0 0 0 0 0 0 0 0
0 0 0 0 0 0 -1 0 0 -1 0 0 0 1 0 2 0 0 0 0 0 0 0 0 0 0 0 0 0
0 0 0 0 0 -1 0 0 0 0 0 0 0 0 1 0 0 0 0 1 0 0 0 0 0 0 0 0 0
0 0 1 0 0 -1 0 0 0 0 0 0 0 0 0 0 0 0 0 0 0 0 0 0 0 1 0 0 0
0 0 0 0 0 0 0 0 0 -1 0 0 0 0 0 1 1 0 0 0 0 0 0 0 0 0 0 0 0
0 0 0 0 -1 0 1 0 0 1 0 0 0 0 0 -1 0 1 0 0 0 0 0 0 0 0 0 0 0
0 0 0 0 0 0 -1 0 0 0 0 0 0 0 0 1 0 0 1 0 0 0 0 0 0 0 0 0 0
0 0 0 0 0 -1 0 0 0 0 0 0 0 0 0 0 0 0 0 2 0 0 0 0 0 0 0 0 0
0 0 0 0 0 0 -1 0 0 0 0 0 0 0 0 0 0 0 0 0 1 0 0 1 0 0 0 0 0
0 0 0 0 -1 0 1 0 0 1 0 0 0 0 0 -2 0 0 0 0 0 1 0 1 0 0 0 0 0
0 0 0 0 -1 0 0 0 0 1 0 0 0 0 0 0 0 0 0 0 0 0 1 1 0 0 0 0 0
0 0 0 0 -1 0 0 0 0 2 0 0 0 0 0 -2 0 0 0 0 0 0 0 2 0 0 0 0 0
0 0 0 1 0 -1 0 0 0 0 0 0 0 0 0 0 0 0 0 0 0 0 0 0 1 0 0 0 0
1 1 0 0 0 0 0 0 0 0 0 0 0 0 0 0 0 0 0 0 0 0 0 0 -1 -1 0 0 0
-1 0 0 0 0 -1 0 0 0 0 0 0 0 0 0 0 0 0 0 0 0 0 0 0 1 1 1 0 0
1 0 0 0 0 -1 0 0 0 0 0 0 0 0 0 0 0 0 0 0 0 0 0 0 0 0 0 1 0
0 0 0 0 -1 0 0 0 0 0 0 0 0 0 0 0 0 0 0 0 0 0 0 0 0 0 0 0 1

1 0 0 0 0 0 0 0 0 0 0 0 0 0
0 1 0 0 0 0 0 0 0 0 0 0 0 0
0 0 1 0 0 0 0 0 0 0 0 0 0 0
0 0 0 1 0 0 0 0 0 0 0 0 0 0
0 0 0 0 1 0 0 0 0 0 0 0 0 0
0 0 0 0 0 1 0 0 0 0 0 0 0 0
0 0 0 0 0 0 2 0 0 0 0 0 0 0
0 0 0 0 0 0 0 2 0 0 0 0 0 0
0 0 0 0 0 0 0 0 0 0 0 0 0 0
0 0 0 0 0 0 0 0 0 0 0 0 0 0
0 0 0 0 0 0 0 0 0 0 0 0 0 0
0 0 0 0 0 0 0 0 0 0 0 0 0 0
0 0 0 0 0 0 0 0 0 0 0 0 0 0
0 0 0 0 0 0 0 0 0 0 0 0 0 0
0 0 0 0 0 0 0 0 0 0 0 0 0 0
0 0 0 0 0 0 0 0 0 0 0 0 0 0
0 0 0 0 0 0 0 0 0 0 0 0 0 0
0 0 0 0 0 0 0 0 0 0 0 0 0 0
0 0 0 0 0 0 0 0 0 0 0 0 0 0
0 0 0 0 0 0 0 0 0 0 0 0 0 0
0 0 0 0 0 0 0 0 0 0 0 0 0 0
0 0 0 0 0 0 0 0 0 0 0 0 0 0
0 0 0 0 0 0 0 0 0 0 0 0 0 0
0 0 0 0 0 0 0 0 0 0 0 0 0 0
0 0 0 0 0 0 0 0 0 0 0 0 0 0
0 0 0 0 0 0 0 0 0 0 0 0 0 0
0 0 0 0 0 0 0 0 0 0 0 0 0 0
0 0 0 0 0 0 0 0 0 0 0 0 0 0
0 0 0 0 0 0 0 0 0 0 0 0 0 0

1 0 0 0 0 0 0 0 -2 0 -1 -2 -2 0
0 0 0 0 0 0 0 0 0 0 1 0 0 0
0 1 0 0 -2 0 -1 2 1 0 0 0 0 0
0 0 0 0 0 0 0 0 1 0 0 0 0 0
0 0 1 0 0 0 0 0 0 -1 0 0 0 -1
0 0 0 1 0 0 0 0 0 -1 0 0 0 -1
0 0 0 0 1 0 0 -1 0 0 0 0 1 0
0 0 0 0 0 0 0 0 0 0 0 0 1 0
0 0 0 0 1 1 0 -2 0 1 0 0 0 0
0 0 0 0 0 0 0 0 0 1 0 0 0 0
0 0 0 0 1 0 1 -1 0 0 0 1 0 0
0 0 0 0 0 0 0 0 0 0 0 1 0 0
0 0 0 0 1 0 0 0 0 0 0 0 0 1
0 0 0 0 0 0 0 0 0 0 0 0 0 1
