GM:(0,0,0)  A:(1/2,1/2,1/2)  M:(1/2,1/2,0)  R:(0,1/2,1/2)  X:(0,1/2,0)  Z:(0,0,1/2)
GM:(0,0,0)  A:(1/2,1/2,1/2)  M:(1/2,1/2,0)  R:(0,1/2,1/2)  X:(0,1/2,0)  Z:(0,0,1/2)
GM1+  GM4-  GM1-  GM4+  GM2+  GM3-  GM2-  GM3+  GM5+  GM5-  GM7  GM8  GM6  GM9  A1A2  A3A3  A4A4  A5A5  M2  M1  M3  M4  M5  R1R1  R2R2  R3R3  R4R4  X1  X2  X3X4  Z1+Z3-  Z2+Z4-  Z1-Z3+  Z2-Z4+  Z5-Z5+  Z6Z8  Z7Z9
1 1 1 1 1 1 1 1 2 2 2 2 2 2 4 4 4 8 2 2 2 2 4 4 4 4 4 2 2 4 2 2 2 2 4 4 4
4a (42m,42m) A1 4 1,4a (42m,42m) A2 4 1,4a (42m,42m) B1 4 1,4a (42m,42m) B2 4 1,4a (42m,42m) E 8 1,4a (42m,42m) E1 8 1,4a (42m,42m) E2 8 1,4b (4'2'm,mm2) A1 4 1,4b (4'2'm,mm2) A2 4 1,4b (4'2'm,mm2) B1B2 8 1,4b (4'2'm,mm2) E 8 1,4c (4mm,4mm) A1 4 1,4c (4mm,4mm) A2 4 1,4c (4mm,4mm) B1 4 1,4c (4mm,4mm) B2 4 1,4c (4mm,4mm) E 8 1,4c (4mm,4mm) E1 8 1,4c (4mm,4mm) E2 8 1,8d (2/m,2/m) Ag 8 1,8d (2/m,2/m) Au 8 1,8d (2/m,2/m) Bg 8 1,8d (2/m,2/m) Bu 8 1,8d (2/m,2/m) 1Eg 8 1,8d (2/m,2/m) 1Eu 8 1,8d (2/m,2/m) 2Eg 8 1,8d (2/m,2/m) 2Eu 8 1,8e (2'/m,m) A' 8 1,8e (2'/m,m) A'' 8 1
2 2 0 0 0 0 0 0 0 0 0 0 0 0 1 0 0 0 2 0 0 0 0 1 0 0 0 2 0 0 1 1 0 0 0 0 0
0 0 2 2 0 0 0 0 0 0 0 0 0 0 1 0 0 0 2 0 0 0 0 0 1 0 0 0 2 0 0 0 1 1 0 0 0
0 0 0 0 2 2 0 0 0 0 0 0 0 0 1 0 0 0 0 2 0 0 0 1 0 0 0 2 0 0 1 1 0 0 0 0 0
0 0 0 0 0 0 2 2 0 0 0 0 0 0 1 0 0 0 0 2 0 0 0 0 1 0 0 0 2 0 0 0 1 1 0 0 0
0 0 0 0 0 0 0 0 2 2 0 0 0 0 0 1 1 0 0 0 2 2 0 1 1 0 0 2 2 0 0 0 0 0 2 0 0
0 0 0 0 0 0 0 0 0 0 2 2 0 0 0 0 0 1 0 0 0 0 2 0 0 1 1 0 0 2 0 0 0 0 0 1 1
0 0 0 0 0 0 0 0 0 0 0 0 2 2 0 0 0 1 0 0 0 0 2 0 0 1 1 0 0 2 0 0 0 0 0 1 1
1 1 0 0 1 1 0 0 0 0 0 0 0 0 1 0 0 0 1 1 0 0 0 1 0 0 0 2 0 0 1 1 0 0 0 0 0
0 0 1 1 0 0 1 1 0 0 0 0 0 0 1 0 0 0 1 1 0 0 0 0 1 0 0 0 2 0 0 0 1 1 0 0 0
0 0 0 0 0 0 0 0 2 2 0 0 0 0 0 1 1 0 0 0 2 2 0 1 1 0 0 2 2 0 0 0 0 0 2 0 0
0 0 0 0 0 0 0 0 0 0 1 1 1 1 0 0 0 1 0 0 0 0 2 0 0 1 1 0 0 2 0 0 0 0 0 1 1
2 0 0 0 0 2 0 0 0 0 0 0 0 0 0 1 0 0 0 0 2 0 0 1 0 0 0 2 0 0 2 0 0 0 0 0 0
0 0 2 0 0 0 0 2 0 0 0 0 0 0 0 0 1 0 0 0 0 2 0 0 1 0 0 0 2 0 0 0 2 0 0 0 0
0 2 0 0 2 0 0 0 0 0 0 0 0 0 0 0 1 0 0 0 0 2 0 1 0 0 0 2 0 0 0 2 0 0 0 0 0
0 0 0 2 0 0 2 0 0 0 0 0 0 0 0 1 0 0 0 0 2 0 0 0 1 0 0 0 2 0 0 0 0 2 0 0 0
0 0 0 0 0 0 0 0 2 2 0 0 0 0 2 0 0 0 2 2 0 0 0 1 1 0 0 2 2 0 0 0 0 0 2 0 0
0 0 0 0 0 0 0 0 0 0 2 0 0 2 0 0 0 1 0 0 0 0 2 0 0 1 1 0 0 2 0 0 0 0 0 0 2
0 0 0 0 0 0 0 0 0 0 0 2 2 0 0 0 0 1 0 0 0 0 2 0 0 1 1 0 0 2 0 0 0 0 0 2 0
2 0 0 2 0 0 0 0 2 0 0 0 0 0 1 1 0 0 2 0 2 0 0 1 1 0 0 2 2 0 1 0 0 1 1 0 0
0 2 2 0 0 0 0 0 0 2 0 0 0 0 1 0 1 0 2 0 0 2 0 1 1 0 0 2 2 0 0 1 1 0 1 0 0
0 0 0 0 2 0 0 2 2 0 0 0 0 0 1 0 1 0 0 2 0 2 0 1 1 0 0 2 2 0 0 1 1 0 1 0 0
0 0 0 0 0 2 2 0 0 2 0 0 0 0 1 1 0 0 0 2 2 0 0 1 1 0 0 2 2 0 1 0 0 1 1 0 0
0 0 0 0 0 0 0 0 0 0 2 0 2 0 0 0 0 1 0 0 0 0 2 0 0 1 1 0 0 2 0 0 0 0 0 1 1
0 0 0 0 0 0 0 0 0 0 0 2 0 2 0 0 0 1 0 0 0 0 2 0 0 1 1 0 0 2 0 0 0 0 0 1 1
0 0 0 0 0 0 0 0 0 0 2 0 2 0 0 0 0 1 0 0 0 0 2 0 0 1 1 0 0 2 0 0 0 0 0 1 1
0 0 0 0 0 0 0 0 0 0 0 2 0 2 0 0 0 1 0 0 0 0 2 0 0 1 1 0 0 2 0 0 0 0 0 1 1
1 0 0 1 0 1 1 0 1 1 0 0 0 0 1 1 0 0 1 1 2 0 0 1 1 0 0 2 2 0 1 0 0 1 1 0 0
0 1 1 0 1 0 0 1 1 1 0 0 0 0 1 0 1 0 1 1 0 2 0 1 1 0 0 2 2 0 0 1 1 0 1 0 0

0 -1 0 -1 0 0 0 0 0 0 0 0 0 0 0 0 0 0 1 0 0 0 0 0 0 0 0 0 0 0 0 1 0 0 0 0 0
0 0 0 0 0 0 0 0 -1 0 0 0 0 0 0 0 0 0 0 0 0 0 0 0 0 0 0 0 0 0 0 0 0 1 1 0 0
0 -1 0 -1 1 0 0 0 0 0 0 0 0 0 0 0 0 0 1 0 0 0 0 0 0 0 0 0 0 0 0 0 0 0 0 0 0
0 0 0 0 0 0 1 0 0 0 0 0 0 0 0 0 0 0 0 0 0 0 0 0 0 0 0 0 0 0 0 0 0 0 0 0 0
0 0 0 -1 0 0 -1 0 0 0 0 0 0 0 0 0 0 0 0 0 0 0 0 0 1 0 0 0 0 0 0 0 0 1 0 0 0
0 0 0 0 0 0 0 0 0 0 0 0 0 0 0 0 0 0 0 0 0 0 0 0 0 0 0 0 0 0 0 0 0 0 0 1 0
0 0 0 0 0 0 0 0 0 0 -1 0 0 0 0 0 0 0 0 0 0 0 0 0 0 0 0 0 0 0 0 0 0 0 0 1 1
1 -2 0 0 0 -1 0 0 -2 0 0 0 0 0 0 0 1 0 0 0 0 0 0 1 0 0 0 0 0 0 0 1 0 0 1 0 0
1 -1 1 -1 1 -1 0 0 0 0 0 0 0 0 0 0 0 0 0 0 0 0 0 0 0 0 0 0 0 0 0 0 0 0 0 0 0
0 0 -1 0 0 0 -1 0 -1 0 0 0 0 0 0 0 1 0 0 0 0 0 0 0 1 0 0 0 0 0 0 0 0 1 0 0 0
0 0 0 0 0 0 0 0 0 0 0 -1 -1 0 0 0 0 0 0 0 0 0 0 0 0 0 1 0 0 0 0 0 0 0 0 1 0
1 -1 0 0 1 -1 0 0 -1 0 0 0 0 0 0 0 0 0 0 0 0 0 0 0 0 0 0 0 0 0 0 0 0 0 1 0 0
0 0 0 0 0 0 0 0 0 0 0 -1 0 -1 0 0 0 0 0 0 0 0 0 0 0 0 0 0 0 0 0 0 0 0 0 1 1
1 -1 0 0 1 -1 0 0 -1 1 0 0 0 0 0 0 0 0 0 0 0 0 0 0 0 0 0 0 0 0 0 0 0 0 0 0 0
0 0 0 0 -1 0 -1 0 0 0 0 0 0 0 1 0 0 0 -1 0 0 0 0 0 0 0 0 0 0 0 0 1 0 1 0 0 0
0 -2 -1 -1 0 -1 -1 0 -2 0 0 0 0 0 0 1 1 0 1 0 0 0 0 1 1 0 0 0 0 0 0 1 0 1 0 0 0
0 -1 -1 0 0 0 0 0 -1 0 0 0 0 0 0 0 2 0 1 0 0 0 0 0 0 0 0 0 0 0 0 0 0 0 0 0 0
0 0 0 0 0 0 0 0 0 0 -1 -1 -1 -1 0 0 0 1 0 0 0 0 0 0 0 0 1 0 0 0 0 0 0 0 0 1 1
-1 1 -1 1 -1 1 -1 1 0 0 0 0 0 0 0 0 0 0 0 0 0 0 0 0 0 0 0 0 0 0 0 0 0 0 0 0 0
0 1 0 1 -1 0 -1 0 0 0 0 0 0 0 0 0 0 0 -1 1 0 0 0 0 0 0 0 0 0 0 0 0 0 0 0 0 0
0 -1 0 -1 1 -1 0 0 -1 0 0 0 0 0 0 0 0 0 1 0 1 0 0 0 0 0 0 0 0 0 0 0 0 0 0 0 0
0 -1 -1 0 0 0 0 0 -1 0 0 0 0 0 0 0 0 0 1 0 0 1 0 0 0 0 0 0 0 0 0 0 0 0 0 0 0
0 0 0 0 0 0 0 0 0 0 -1 -1 -1 -1 0 0 0 0 0 0 0 0 1 0 0 0 0 0 0 0 0 0 0 0 0 1 1
0 -1 0 0 0 -1 0 0 -1 0 0 0 0 0 0 0 0 0 0 0 0 0 0 2 0 0 0 0 0 0 0 0 0 0 0 0 0
0 0 -1 0 0 0 -1 0 -1 0 0 0 0 0 0 0 0 0 0 0 0 0 0 0 2 0 0 0 0 0 0 0 0 0 0 0 0
0 0 0 0 0 0 0 0 0 0 -1 -1 -1 -1 0 0 0 0 0 0 0 0 0 0 0 1 1 0 0 0 0 0 0 0 0 1 1
0 0 0 0 0 0 0 0 0 0 -1 -1 -1 -1 0 0 0 0 0 0 0 0 0 0 0 0 2 0 0 0 0 0 0 0 0 1 1
0 -1 0 0 0 -1 0 0 -1 0 0 0 0 0 0 0 0 0 0 0 0 0 0 0 0 0 0 1 0 0 0 0 0 0 0 0 0
0 0 -1 0 0 0 -1 0 -1 0 0 0 0 0 0 0 0 0 0 0 0 0 0 0 0 0 0 0 1 0 0 0 0 0 0 0 0
0 0 0 0 0 0 0 0 0 0 -1 -1 -1 -1 0 0 0 0 0 0 0 0 0 0 0 0 0 0 0 1 0 0 0 0 0 1 1
0 -1 0 0 0 -1 0 0 -1 0 0 0 0 0 0 0 0 0 0 0 0 0 0 0 0 0 0 0 0 0 1 1 0 0 1 0 0
0 -1 0 0 -1 0 0 0 0 0 0 0 0 0 0 0 0 0 0 0 0 0 0 0 0 0 0 0 0 0 0 2 0 0 0 0 0
0 0 -1 0 0 0 -1 0 -1 0 0 0 0 0 0 0 0 0 0 0 0 0 0 0 0 0 0 0 0 0 0 0 1 1 1 0 0
0 0 0 -1 0 0 -1 0 0 0 0 0 0 0 0 0 0 0 0 0 0 0 0 0 0 0 0 0 0 0 0 0 0 2 0 0 0
1 -1 0 0 1 -1 0 0 -2 0 0 0 0 0 0 0 0 0 0 0 0 0 0 0 0 0 0 0 0 0 0 0 0 0 2 0 0
0 0 0 0 0 0 0 0 0 0 0 -1 -1 0 0 0 0 0 0 0 0 0 0 0 0 0 0 0 0 0 0 0 0 0 0 2 0
0 0 0 0 0 0 0 0 0 0 -1 0 0 -1 0 0 0 0 0 0 0 0 0 0 0 0 0 0 0 0 0 0 0 0 0 0 2

1 0 0 0 0 0 0 0 0 0 0 0 0 0 0 0 0 0 0 0 0 0 0 0 0 0 0 0
0 1 0 0 0 0 0 0 0 0 0 0 0 0 0 0 0 0 0 0 0 0 0 0 0 0 0 0
0 0 1 0 0 0 0 0 0 0 0 0 0 0 0 0 0 0 0 0 0 0 0 0 0 0 0 0
0 0 0 1 0 0 0 0 0 0 0 0 0 0 0 0 0 0 0 0 0 0 0 0 0 0 0 0
0 0 0 0 1 0 0 0 0 0 0 0 0 0 0 0 0 0 0 0 0 0 0 0 0 0 0 0
0 0 0 0 0 1 0 0 0 0 0 0 0 0 0 0 0 0 0 0 0 0 0 0 0 0 0 0
0 0 0 0 0 0 1 0 0 0 0 0 0 0 0 0 0 0 0 0 0 0 0 0 0 0 0 0
0 0 0 0 0 0 0 1 0 0 0 0 0 0 0 0 0 0 0 0 0 0 0 0 0 0 0 0
0 0 0 0 0 0 0 0 1 0 0 0 0 0 0 0 0 0 0 0 0 0 0 0 0 0 0 0
0 0 0 0 0 0 0 0 0 1 0 0 0 0 0 0 0 0 0 0 0 0 0 0 0 0 0 0
0 0 0 0 0 0 0 0 0 0 1 0 0 0 0 0 0 0 0 0 0 0 0 0 0 0 0 0
0 0 0 0 0 0 0 0 0 0 0 1 0 0 0 0 0 0 0 0 0 0 0 0 0 0 0 0
0 0 0 0 0 0 0 0 0 0 0 0 2 0 0 0 0 0 0 0 0 0 0 0 0 0 0 0
0 0 0 0 0 0 0 0 0 0 0 0 0 0 0 0 0 0 0 0 0 0 0 0 0 0 0 0
0 0 0 0 0 0 0 0 0 0 0 0 0 0 0 0 0 0 0 0 0 0 0 0 0 0 0 0
0 0 0 0 0 0 0 0 0 0 0 0 0 0 0 0 0 0 0 0 0 0 0 0 0 0 0 0
0 0 0 0 0 0 0 0 0 0 0 0 0 0 0 0 0 0 0 0 0 0 0 0 0 0 0 0
0 0 0 0 0 0 0 0 0 0 0 0 0 0 0 0 0 0 0 0 0 0 0 0 0 0 0 0
0 0 0 0 0 0 0 0 0 0 0 0 0 0 0 0 0 0 0 0 0 0 0 0 0 0 0 0
0 0 0 0 0 0 0 0 0 0 0 0 0 0 0 0 0 0 0 0 0 0 0 0 0 0 0 0
0 0 0 0 0 0 0 0 0 0 0 0 0 0 0 0 0 0 0 0 0 0 0 0 0 0 0 0
0 0 0 0 0 0 0 0 0 0 0 0 0 0 0 0 0 0 0 0 0 0 0 0 0 0 0 0
0 0 0 0 0 0 0 0 0 0 0 0 0 0 0 0 0 0 0 0 0 0 0 0 0 0 0 0
0 0 0 0 0 0 0 0 0 0 0 0 0 0 0 0 0 0 0 0 0 0 0 0 0 0 0 0
0 0 0 0 0 0 0 0 0 0 0 0 0 0 0 0 0 0 0 0 0 0 0 0 0 0 0 0
0 0 0 0 0 0 0 0 0 0 0 0 0 0 0 0 0 0 0 0 0 0 0 0 0 0 0 0
0 0 0 0 0 0 0 0 0 0 0 0 0 0 0 0 0 0 0 0 0 0 0 0 0 0 0 0
0 0 0 0 0 0 0 0 0 0 0 0 0 0 0 0 0 0 0 0 0 0 0 0 0 0 0 0
0 0 0 0 0 0 0 0 0 0 0 0 0 0 0 0 0 0 0 0 0 0 0 0 0 0 0 0
0 0 0 0 0 0 0 0 0 0 0 0 0 0 0 0 0 0 0 0 0 0 0 0 0 0 0 0
0 0 0 0 0 0 0 0 0 0 0 0 0 0 0 0 0 0 0 0 0 0 0 0 0 0 0 0
0 0 0 0 0 0 0 0 0 0 0 0 0 0 0 0 0 0 0 0 0 0 0 0 0 0 0 0
0 0 0 0 0 0 0 0 0 0 0 0 0 0 0 0 0 0 0 0 0 0 0 0 0 0 0 0
0 0 0 0 0 0 0 0 0 0 0 0 0 0 0 0 0 0 0 0 0 0 0 0 0 0 0 0
0 0 0 0 0 0 0 0 0 0 0 0 0 0 0 0 0 0 0 0 0 0 0 0 0 0 0 0
0 0 0 0 0 0 0 0 0 0 0 0 0 0 0 0 0 0 0 0 0 0 0 0 0 0 0 0
0 0 0 0 0 0 0 0 0 0 0 0 0 0 0 0 0 0 0 0 0 0 0 0 0 0 0 0

1 0 -1 0 0 0 0 0 0 0 0 0 0 0 1 -1 0 0 -1 -1 0 0 0 0 0 0 0 -1
0 1 -1 -1 0 0 0 0 -1 0 0 0 0 0 -1 0 0 0 -1 -1 1 -1 -1 0 0 0 -1 0
0 0 0 0 0 0 0 0 0 0 0 0 0 0 1 -1 0 0 -1 0 -1 0 0 0 0 0 0 -1
0 0 -1 0 0 0 0 0 -1 0 0 0 0 0 -1 0 0 0 -1 0 0 -1 -1 0 0 0 -1 0
0 0 -1 0 1 0 0 0 -1 0 0 0 0 -1 0 -1 0 0 -1 -1 0 -1 0 0 0 0 -1 -1
0 0 0 0 0 1 -1 0 0 0 0 0 -1 0 0 0 -1 -1 0 0 0 0 0 -1 0 -1 0 0
0 0 0 0 0 0 0 0 0 0 0 0 0 0 0 0 -1 -1 0 0 0 0 0 -1 0 -1 0 0
0 0 0 0 0 0 0 0 0 0 0 0 0 0 0 0 0 0 1 0 0 0 0 0 0 0 0 0
0 0 1 1 0 0 0 0 1 0 0 0 0 0 0 0 0 0 1 0 0 0 2 0 0 0 0 0
0 0 0 0 0 0 0 0 0 0 0 0 0 1 0 0 0 0 0 0 0 0 0 0 0 0 0 0
0 0 0 0 0 0 1 0 0 0 0 0 0 0 0 0 2 0 0 0 0 0 0 0 0 0 0 0
0 0 0 0 0 0 0 1 -1 0 0 0 0 0 -1 1 0 0 0 0 1 -1 0 0 0 0 -1 1
0 0 0 0 0 0 0 0 1 0 0 0 0 0 1 0 0 0 0 0 -1 1 0 0 0 0 1 -1
0 0 0 0 0 0 0 0 0 1 0 0 0 0 -1 1 0 0 0 0 0 0 0 0 0 0 0 0
0 0 0 0 0 0 0 0 0 0 0 0 0 0 1 0 0 0 0 0 0 0 0 0 0 0 0 0
0 0 0 0 0 0 0 0 0 0 0 0 0 0 0 1 0 0 0 0 0 0 0 0 0 0 0 0
0 0 0 0 0 0 0 0 0 0 1 0 0 0 0 0 0 1 0 0 0 0 0 0 0 0 0 0
0 0 0 0 0 0 0 0 0 0 0 0 0 0 0 0 0 1 0 0 0 0 0 0 0 0 0 0
0 0 0 0 0 0 0 0 0 0 0 1 0 0 0 0 0 0 0 1 -1 1 0 0 0 0 0 0
0 0 0 0 0 0 0 0 0 0 0 0 0 0 0 0 0 0 0 1 0 0 0 0 0 0 0 0
0 0 0 0 0 0 0 0 0 0 0 0 0 0 0 0 0 0 0 0 1 0 0 0 0 0 0 0
0 0 0 0 0 0 0 0 0 0 0 0 0 0 0 0 0 0 0 0 0 1 0 0 0 0 0 0
0 0 0 0 0 0 0 0 0 0 0 0 1 0 0 0 0 0 0 0 0 0 0 1 -1 1 0 0
0 0 0 0 0 0 0 0 0 0 0 0 0 0 0 0 0 0 0 0 0 0 0 1 0 0 0 0
0 0 0 0 0 0 0 0 0 0 0 0 0 0 0 0 0 0 0 0 0 0 0 0 1 0 0 0
0 0 0 0 0 0 0 0 0 0 0 0 0 0 0 0 0 0 0 0 0 0 0 0 0 1 0 0
0 0 1 0 0 0 0 0 1 0 0 0 0 0 0 0 0 0 1 0 0 0 0 0 0 0 2 0
0 0 1 0 0 0 0 0 0 0 0 0 0 0 0 0 0 0 1 0 0 0 0 0 0 0 0 2
