GM:(0,0,0)  L:(1/2,1/2,1/2)  W:(1/2,1,0)  X:(0,1,0)
GM:(0,0,0)  L:(1/2,1/2,1/2)  W:(1/2,1,0)  X:(0,1,0)
GM1  GM2  GM3  GM5  GM4  GM6  GM7  GM8  L1  L2  L3  L6  L4L5  W1  W2  W3W4  W6W8  W5W7  X1  X2  X4  X5  X3  X7  X6
1 1 2 3 3 2 2 4 1 1 2 2 2 1 1 2 2 2 1 1 1 2 1 2 2
4a (m'3'm,43m) A1 1 1;4a (m'3'm,43m) A2 1 1;4a (m'3'm,43m) E 2 1;4a (m'3'm,43m) T1 3 1;4a (m'3'm,43m) T2 3 1;4a (m'3'm,43m) E1 2 1;4a (m'3'm,43m) E2 2 1;4a (m'3'm,43m) F 4 1;4b (m'3'm,43m) A1 1 1;4b (m'3'm,43m) A2 1 1;4b (m'3'm,43m) E 2 1;4b (m'3'm,43m) T1 3 1;4b (m'3'm,43m) T2 3 1;4b (m'3'm,43m) E1 2 1;4b (m'3'm,43m) E2 2 1;4b (m'3'm,43m) F 4 1;8c (43m,43m) A1 2 1;8c (43m,43m) A2 2 1;8c (43m,43m) E 4 0;8c (43m,43m) T1 6 1;8c (43m,43m) T2 6 1;8c (43m,43m) E1 4 0;8c (43m,43m) E2 4 0;24d (m'mm,mm2) A1 6 0;24d (m'mm,mm2) A2 6 0;24d (m'mm,mm2) B1 6 1;24d (m'mm,mm2) B2 6 1
1 0 0 0 0 0 0 0 1 0 0 0 0 1 0 0 0 0 1 0 0 0 0 0 0
0 1 0 0 0 0 0 0 0 1 0 0 0 0 1 0 0 0 0 1 0 0 0 0 0
0 0 1 0 0 0 0 0 0 0 1 0 0 1 1 0 0 0 1 1 0 0 0 0 0
0 0 0 1 0 0 0 0 0 1 1 0 0 1 0 1 0 0 0 0 1 1 0 0 0
0 0 0 0 1 0 0 0 1 0 1 0 0 0 1 1 0 0 0 0 0 1 1 0 0
0 0 0 0 0 1 0 0 0 0 0 1 0 0 0 0 1 0 0 0 0 0 0 1 0
0 0 0 0 0 0 1 0 0 0 0 1 0 0 0 0 0 1 0 0 0 0 0 0 1
0 0 0 0 0 0 0 1 0 0 0 1 1 0 0 0 1 1 0 0 0 0 0 1 1
1 0 0 0 0 0 0 0 1 0 0 0 0 0 1 0 0 0 1 0 0 0 0 0 0
0 1 0 0 0 0 0 0 0 1 0 0 0 1 0 0 0 0 0 1 0 0 0 0 0
0 0 1 0 0 0 0 0 0 0 1 0 0 1 1 0 0 0 1 1 0 0 0 0 0
0 0 0 1 0 0 0 0 0 1 1 0 0 0 1 1 0 0 0 0 1 1 0 0 0
0 0 0 0 1 0 0 0 1 0 1 0 0 1 0 1 0 0 0 0 0 1 1 0 0
0 0 0 0 0 1 0 0 0 0 0 1 0 0 0 0 0 1 0 0 0 0 0 1 0
0 0 0 0 0 0 1 0 0 0 0 1 0 0 0 0 1 0 0 0 0 0 0 0 1
0 0 0 0 0 0 0 1 0 0 0 1 1 0 0 0 1 1 0 0 0 0 0 1 1
2 0 0 0 0 0 0 0 2 0 0 0 0 0 0 1 0 0 0 0 0 0 2 0 0
0 2 0 0 0 0 0 0 0 2 0 0 0 0 0 1 0 0 0 0 2 0 0 0 0
0 0 2 0 0 0 0 0 0 0 2 0 0 0 0 2 0 0 0 0 2 0 2 0 0
0 0 0 2 0 0 0 0 0 2 2 0 0 2 2 1 0 0 0 2 0 2 0 0 0
0 0 0 0 2 0 0 0 2 0 2 0 0 2 2 1 0 0 2 0 0 2 0 0 0
0 0 0 0 0 2 0 0 0 0 0 2 0 0 0 0 1 1 0 0 0 0 0 0 2
0 0 0 0 0 0 2 0 0 0 0 2 0 0 0 0 1 1 0 0 0 0 0 2 0
1 0 1 0 1 0 0 0 2 0 2 0 0 1 1 2 0 0 1 0 1 1 2 0 0
0 1 1 1 0 0 0 0 0 2 2 0 0 1 1 2 0 0 0 1 2 1 1 0 0
0 0 0 1 1 0 0 0 1 1 2 0 0 2 2 1 0 0 1 1 0 2 0 0 0
0 0 0 1 1 0 0 0 1 1 2 0 0 2 2 1 0 0 1 1 0 2 0 0 0

0 0 -1 -1 0 0 0 0 0 0 0 0 0 1 0 0 0 0 0 0 0 0 0 0 0
0 0 -1 -1 -1 0 0 0 0 0 0 0 0 1 1 0 0 0 -1 0 0 0 0 0 0
0 0 1 0 0 0 0 0 0 0 0 0 0 0 0 0 0 0 0 0 0 0 0 0 0
0 0 0 1 0 0 0 0 0 0 0 0 0 0 0 0 0 0 0 0 0 0 0 0 0
0 0 0 0 1 0 0 0 0 0 0 0 0 0 0 0 0 0 0 0 0 0 0 0 0
0 0 0 0 0 0 0 -1 0 0 0 0 0 0 0 0 1 0 0 0 0 0 0 0 0
0 0 0 0 0 0 1 0 0 0 0 0 0 0 0 0 0 0 0 0 0 0 0 0 0
0 0 0 0 0 0 0 1 0 0 0 0 0 0 0 0 0 0 0 0 0 0 0 0 0
0 0 0 1 0 0 0 0 0 0 0 0 0 -1 0 0 0 0 1 0 0 0 0 0 0
0 0 0 0 0 1 0 1 0 0 0 0 0 0 0 0 -1 0 0 0 0 0 0 0 0
0 0 0 -1 -1 0 0 0 0 0 0 0 0 0 0 1 0 0 0 0 0 0 0 0 0
0 1 1 1 1 0 0 0 0 0 0 0 0 -1 -1 0 0 0 1 0 0 0 0 0 0
0 0 0 0 0 1 0 1 0 0 0 0 0 0 0 0 0 0 0 0 0 0 0 -1 0
-1 0 0 0 -1 0 0 0 1 0 0 0 0 0 0 0 0 0 0 0 0 0 0 0 0
0 0 0 0 0 -1 -1 -1 0 0 0 1 0 0 0 0 0 0 0 0 0 0 0 0 0
-1 -1 -2 -3 -3 0 0 0 0 0 0 0 0 1 1 2 0 0 0 0 0 0 0 0 0
0 -1 0 -1 0 0 0 0 0 1 0 0 0 0 0 0 0 0 0 0 0 0 0 0 0
0 0 0 0 0 -1 -1 -2 0 0 0 0 0 0 0 0 1 1 0 0 0 0 0 0 0
0 0 -1 -1 -1 0 0 0 0 0 1 0 0 0 0 0 0 0 0 0 0 0 0 0 0
0 0 0 1 1 0 0 0 0 0 0 0 0 -1 -1 0 0 0 1 1 0 0 0 0 0
0 -1 -1 -2 -1 0 0 0 0 0 0 0 0 1 1 0 0 0 -1 0 1 0 0 0 0
0 0 0 -1 -1 0 0 0 0 0 0 0 0 0 0 0 0 0 0 0 0 1 0 0 0
-1 0 -1 0 -1 0 0 0 0 0 0 0 0 0 0 0 0 0 1 0 0 0 1 0 0
0 0 0 0 0 0 0 -1 0 0 0 0 1 0 0 0 0 0 0 0 0 0 0 0 0
0 0 0 0 0 -1 -1 -2 0 0 0 0 0 0 0 0 0 0 0 0 0 0 0 1 1

1 0 0 0 0 0 0 0 0 0 0 0 0 0 0 0 0 0 0 0 0 0 0 0 0 0 0
0 1 0 0 0 0 0 0 0 0 0 0 0 0 0 0 0 0 0 0 0 0 0 0 0 0 0
0 0 1 0 0 0 0 0 0 0 0 0 0 0 0 0 0 0 0 0 0 0 0 0 0 0 0
0 0 0 1 0 0 0 0 0 0 0 0 0 0 0 0 0 0 0 0 0 0 0 0 0 0 0
0 0 0 0 1 0 0 0 0 0 0 0 0 0 0 0 0 0 0 0 0 0 0 0 0 0 0
0 0 0 0 0 1 0 0 0 0 0 0 0 0 0 0 0 0 0 0 0 0 0 0 0 0 0
0 0 0 0 0 0 1 0 0 0 0 0 0 0 0 0 0 0 0 0 0 0 0 0 0 0 0
0 0 0 0 0 0 0 1 0 0 0 0 0 0 0 0 0 0 0 0 0 0 0 0 0 0 0
0 0 0 0 0 0 0 0 1 0 0 0 0 0 0 0 0 0 0 0 0 0 0 0 0 0 0
0 0 0 0 0 0 0 0 0 1 0 0 0 0 0 0 0 0 0 0 0 0 0 0 0 0 0
0 0 0 0 0 0 0 0 0 0 1 0 0 0 0 0 0 0 0 0 0 0 0 0 0 0 0
0 0 0 0 0 0 0 0 0 0 0 1 0 0 0 0 0 0 0 0 0 0 0 0 0 0 0
0 0 0 0 0 0 0 0 0 0 0 0 2 0 0 0 0 0 0 0 0 0 0 0 0 0 0
0 0 0 0 0 0 0 0 0 0 0 0 0 0 0 0 0 0 0 0 0 0 0 0 0 0 0
0 0 0 0 0 0 0 0 0 0 0 0 0 0 0 0 0 0 0 0 0 0 0 0 0 0 0
0 0 0 0 0 0 0 0 0 0 0 0 0 0 0 0 0 0 0 0 0 0 0 0 0 0 0
0 0 0 0 0 0 0 0 0 0 0 0 0 0 0 0 0 0 0 0 0 0 0 0 0 0 0
0 0 0 0 0 0 0 0 0 0 0 0 0 0 0 0 0 0 0 0 0 0 0 0 0 0 0
0 0 0 0 0 0 0 0 0 0 0 0 0 0 0 0 0 0 0 0 0 0 0 0 0 0 0
0 0 0 0 0 0 0 0 0 0 0 0 0 0 0 0 0 0 0 0 0 0 0 0 0 0 0
0 0 0 0 0 0 0 0 0 0 0 0 0 0 0 0 0 0 0 0 0 0 0 0 0 0 0
0 0 0 0 0 0 0 0 0 0 0 0 0 0 0 0 0 0 0 0 0 0 0 0 0 0 0
0 0 0 0 0 0 0 0 0 0 0 0 0 0 0 0 0 0 0 0 0 0 0 0 0 0 0
0 0 0 0 0 0 0 0 0 0 0 0 0 0 0 0 0 0 0 0 0 0 0 0 0 0 0
0 0 0 0 0 0 0 0 0 0 0 0 0 0 0 0 0 0 0 0 0 0 0 0 0 0 0

1 0 0 0 0 0 0 0 0 0 0 -1 0 -1 0 0 0 1 2 0 -2 -1 0 -1 0 -2 -2
0 1 0 0 0 0 0 0 0 0 0 -1 0 -1 0 0 0 0 2 -2 0 0 0 0 -1 -2 -2
0 0 1 0 0 0 0 0 0 0 0 0 0 0 0 0 -1 0 -2 0 0 0 0 -1 -1 0 0
0 0 0 1 0 0 0 0 0 0 0 -1 0 0 0 0 0 -1 0 -2 0 0 0 -1 -2 -2 -2
0 0 0 0 1 0 0 0 0 0 0 -1 0 0 0 0 0 0 0 0 -2 -1 0 -2 -1 -2 -2
0 0 0 0 0 1 0 0 0 0 0 0 -1 0 -1 0 0 0 0 0 0 0 -2 0 0 0 0
0 0 0 0 0 0 1 0 0 0 0 0 0 0 -1 0 0 0 0 0 0 0 -2 0 0 0 0
0 0 0 0 0 0 0 1 0 0 0 0 0 0 0 -1 0 0 0 0 0 0 0 0 0 0 0
0 0 0 0 0 0 0 0 1 0 0 0 0 1 0 0 0 -1 0 0 0 1 0 0 0 0 0
0 0 0 0 0 0 0 0 0 0 0 0 0 1 0 0 0 0 0 0 0 0 0 0 0 0 0
0 0 0 0 0 0 0 0 0 0 0 0 0 0 0 0 1 0 0 0 0 0 0 0 0 0 0
0 0 0 0 0 0 0 0 0 0 0 0 0 0 0 0 0 1 0 0 0 0 0 0 0 0 0
0 0 0 0 0 0 0 0 0 0 0 0 0 0 0 0 0 0 0 0 0 1 0 0 0 0 0
0 0 0 0 0 0 0 0 0 1 0 0 -1 0 1 0 0 0 0 0 0 0 0 0 0 0 0
0 0 0 0 0 0 0 0 0 0 0 0 0 0 1 0 0 0 0 0 0 0 0 0 0 0 0
0 0 0 0 0 0 0 0 0 0 0 0 0 0 0 1 0 0 0 0 0 0 0 0 0 0 0
0 0 0 0 0 0 0 0 0 0 1 0 0 0 0 0 0 0 -1 0 1 0 0 0 0 1 1
0 0 0 0 0 0 0 0 0 0 0 1 0 0 0 0 0 0 -1 1 0 0 0 0 0 1 1
0 0 0 0 0 0 0 0 0 0 0 0 0 0 0 0 0 0 1 0 0 0 0 0 0 0 0
0 0 0 0 0 0 0 0 0 0 0 0 0 0 0 0 0 0 0 1 0 0 0 0 0 0 0
0 0 0 0 0 0 0 0 0 0 0 0 0 0 0 0 0 0 0 0 1 0 0 0 0 0 0
0 0 0 0 0 0 0 0 0 0 0 0 1 0 0 0 0 0 0 0 0 0 1 0 0 0 0
0 0 0 0 0 0 0 0 0 0 0 0 0 0 0 0 0 0 0 0 0 0 1 0 0 0 0
0 0 0 0 0 0 0 0 0 0 0 0 0 0 0 0 0 0 0 0 0 0 0 1 0 0 0
0 0 0 0 0 0 0 0 0 0 0 0 0 0 0 0 0 0 0 0 0 0 0 0 1 0 0
0 0 0 0 0 0 0 0 0 0 0 0 0 0 0 0 0 0 0 0 0 0 0 0 0 1 0
0 0 0 0 0 0 0 0 0 0 0 1 0 0 0 0 0 0 0 0 0 0 0 1 1 1 2
