GM:(0,0,0)  A:(0,0,1/2)  H:(1/3,1/3,1/2)  K:(1/3,1/3,0)  L:(1/2,0,1/2)  M:(1/2,0,0)
GM:(0,0,0)  A:(0,0,1/2)  H:(1/3,1/3,1/2)  K:(1/3,1/3,0)  L:(1/2,0,1/2)  M:(1/2,0,0)
GM2+GM3+  GM2-GM3-  GM1+  GM1-  GM5GM6  GM8GM9  GM4GM4  GM7GM7  A2-A3+  A2+A3-  A1-A1+  A5A9  A6A8  A4A7  H2H3  H1  H5H6  H4H4  K2K3  K1  K5K6  K4K4  L1-L1+  L2L3  M1+  M1-  M3M3  M2M2
2 2 1 1 2 2 2 2 2 2 2 2 2 2 2 1 2 2 2 1 2 2 2 2 1 1 2 2
2a (3,3) 1Eg 2 1,2a (3,3) 1Eu 2 1,2a (3,3) 2Eg 2 1,2a (3,3) 2Eu 2 1,2a (3,3) Ag 2 1,2a (3,3) Au 2 1,2a (3,3) 1Eg 2 1,2a (3,3) 1Eu 2 1,2a (3,3) 2Eg 2 1,2a (3,3) 2Eu 2 1,2a (3,3). Eg 2 1,2a (3,3). Eu 2 1,2b (3',3) A1 2 1,4d (3,3) 1E 4 0,4d (3,3) 2E 4 0,4d (3,3) A1 4 0,4d (3,3) 1E 4 0,4d (3,3) 2E 4 0,4d (3,3) E 4 0,6e (1,1) Ag 6 0,6e (1,1) Au 6 0,6e (1,1) Ag 6 0,6e (1,1) Au 6 0,6f (1',1) A 6 0
1 0 0 0 0 0 0 0 1 0 0 0 0 0 1 0 0 0 1 0 0 0 1 0 2 0 0 0
0 1 0 0 0 0 0 0 0 1 0 0 0 0 1 0 0 0 1 0 0 0 1 0 0 2 0 0
1 0 0 0 0 0 0 0 0 1 0 0 0 0 1 0 0 0 1 0 0 0 1 0 2 0 0 0
0 1 0 0 0 0 0 0 1 0 0 0 0 0 1 0 0 0 1 0 0 0 1 0 0 2 0 0
0 0 2 0 0 0 0 0 0 0 1 0 0 0 0 2 0 0 0 2 0 0 1 0 2 0 0 0
0 0 0 2 0 0 0 0 0 0 1 0 0 0 0 2 0 0 0 2 0 0 1 0 0 2 0 0
0 0 0 0 1 0 0 0 0 0 0 1 0 0 0 0 1 0 0 0 1 0 0 1 0 0 1 0
0 0 0 0 0 1 0 0 0 0 0 0 1 0 0 0 1 0 0 0 1 0 0 1 0 0 0 1
0 0 0 0 1 0 0 0 0 0 0 0 1 0 0 0 1 0 0 0 1 0 0 1 0 0 1 0
0 0 0 0 0 1 0 0 0 0 0 1 0 0 0 0 1 0 0 0 1 0 0 1 0 0 0 1
0 0 0 0 0 0 1 0 0 0 0 0 0 1 0 0 0 1 0 0 0 1 0 1 0 0 1 0
0 0 0 0 0 0 0 1 0 0 0 0 0 1 0 0 0 1 0 0 0 1 0 1 0 0 0 1
0 0 1 1 0 0 0 0 0 0 1 0 0 0 0 2 0 0 0 2 0 0 1 0 1 1 0 0
1 1 0 0 0 0 0 0 1 1 0 0 0 0 1 2 0 0 1 2 0 0 2 0 2 2 0 0
1 1 0 0 0 0 0 0 1 1 0 0 0 0 1 2 0 0 1 2 0 0 2 0 2 2 0 0
0 0 2 2 0 0 0 0 0 0 2 0 0 0 2 0 0 0 2 0 0 0 2 0 2 2 0 0
0 0 0 0 1 1 0 0 0 0 0 1 1 0 0 0 1 1 0 0 1 1 0 2 0 0 1 1
0 0 0 0 1 1 0 0 0 0 0 1 1 0 0 0 1 1 0 0 1 1 0 2 0 0 1 1
0 0 0 0 0 0 1 1 0 0 0 0 0 2 0 0 2 0 0 0 2 0 0 2 0 0 1 1
2 0 2 0 0 0 0 0 1 1 1 0 0 0 2 2 0 0 2 2 0 0 3 0 2 4 0 0
0 2 0 2 0 0 0 0 1 1 1 0 0 0 2 2 0 0 2 2 0 0 3 0 4 2 0 0
0 0 0 0 2 0 1 0 0 0 0 1 1 1 0 0 2 1 0 0 2 1 0 3 0 0 1 2
0 0 0 0 0 2 0 1 0 0 0 1 1 1 0 0 2 1 0 0 2 1 0 3 0 0 2 1
1 1 1 1 0 0 0 0 1 1 1 0 0 0 2 2 0 0 2 2 0 0 3 0 3 3 0 0

0 0 0 0 0 0 0 0 0 -1 0 0 0 0 1 0 0 0 0 0 0 0 0 0 0 0 0 0
-1 0 0 0 0 0 0 0 0 0 0 0 0 0 1 0 0 0 0 0 0 0 0 0 0 0 0 0
1 0 0 0 0 0 0 0 -1 0 0 0 0 0 0 0 0 0 0 0 0 0 0 0 0 0 0 0
0 0 0 0 0 0 0 0 0 0 1 0 0 0 0 0 0 0 0 0 0 0 0 0 0 0 0 0
0 0 0 1 0 0 0 0 0 0 0 0 0 0 0 0 0 0 0 0 0 0 0 0 0 0 0 0
0 0 0 0 0 0 0 0 0 0 0 0 -1 0 0 0 1 0 0 0 0 0 0 0 0 0 0 0
0 0 0 0 -1 0 0 0 0 0 0 0 0 0 0 0 1 0 0 0 0 0 0 0 0 0 0 0
0 0 0 0 1 0 0 0 0 0 0 -1 0 0 0 0 0 0 0 0 0 0 0 0 0 0 0 0
0 0 0 0 0 0 1 0 0 0 0 0 0 0 0 0 0 0 0 0 0 0 0 0 0 0 0 0
0 0 0 0 0 0 0 1 0 0 0 0 0 0 0 0 0 0 0 0 0 0 0 0 0 0 0 0
0 0 0 0 0 0 0 0 1 1 0 0 0 0 -1 0 0 0 0 0 0 0 0 0 0 0 0 0
0 0 0 0 0 0 0 0 0 0 0 1 1 0 0 0 -1 0 0 0 0 0 0 0 0 0 0 0
0 0 0 0 1 0 1 0 0 0 0 0 0 0 0 0 0 0 0 0 0 0 0 0 0 0 -1 0
-2 0 -1 0 2 0 2 0 0 0 0 0 0 0 0 0 0 0 0 0 0 0 0 0 1 0 -2 0
1 1 0 0 0 0 0 0 -1 -1 0 0 0 0 0 0 0 0 0 0 0 0 0 0 0 0 0 0
0 0 -1 -1 0 0 0 0 -2 -2 0 0 0 0 2 1 0 0 0 0 0 0 0 0 0 0 0 0
0 0 0 0 1 1 0 0 0 0 0 -1 -1 0 0 0 0 0 0 0 0 0 0 0 0 0 0 0
0 0 0 0 0 0 -1 -1 0 0 0 -1 -1 0 0 0 1 1 0 0 0 0 0 0 0 0 0 0
0 0 0 0 0 0 0 0 0 0 0 0 0 0 -1 0 0 0 1 0 0 0 0 0 0 0 0 0
0 0 -1 -1 0 0 0 0 -2 -2 0 0 0 0 2 0 0 0 0 1 0 0 0 0 0 0 0 0
0 0 0 0 0 0 0 0 0 0 0 0 0 0 0 0 -1 0 0 0 1 0 0 0 0 0 0 0
0 0 0 0 0 0 -1 -1 0 0 0 -1 -1 0 0 0 1 0 0 0 0 1 0 0 0 0 0 0
0 0 -1 -1 0 0 0 0 -1 -1 1 0 0 0 0 0 0 0 0 0 0 0 1 0 0 0 0 0
0 0 0 0 0 0 -1 -1 0 0 0 -1 -1 0 0 0 0 0 0 0 0 0 0 1 0 0 0 0
0 0 -1 -1 0 0 0 0 0 0 2 0 0 0 0 0 0 0 0 0 0 0 0 0 0 0 0 0
0 0 -1 -1 0 0 0 0 -2 -2 0 0 0 0 0 0 0 0 0 0 0 0 0 0 1 1 0 0
0 0 0 0 0 0 -1 -1 0 0 0 0 0 1 0 0 0 0 0 0 0 0 0 0 0 0 0 0
0 0 0 0 0 0 -1 -1 0 0 0 -1 -1 0 0 0 0 0 0 0 0 0 0 0 0 0 1 1

1 0 0 0 0 0 0 0 0 0 0 0 0 0 0 0 0 0 0 0 0 0 0 0
0 1 0 0 0 0 0 0 0 0 0 0 0 0 0 0 0 0 0 0 0 0 0 0
0 0 1 0 0 0 0 0 0 0 0 0 0 0 0 0 0 0 0 0 0 0 0 0
0 0 0 1 0 0 0 0 0 0 0 0 0 0 0 0 0 0 0 0 0 0 0 0
0 0 0 0 1 0 0 0 0 0 0 0 0 0 0 0 0 0 0 0 0 0 0 0
0 0 0 0 0 1 0 0 0 0 0 0 0 0 0 0 0 0 0 0 0 0 0 0
0 0 0 0 0 0 1 0 0 0 0 0 0 0 0 0 0 0 0 0 0 0 0 0
0 0 0 0 0 0 0 1 0 0 0 0 0 0 0 0 0 0 0 0 0 0 0 0
0 0 0 0 0 0 0 0 1 0 0 0 0 0 0 0 0 0 0 0 0 0 0 0
0 0 0 0 0 0 0 0 0 1 0 0 0 0 0 0 0 0 0 0 0 0 0 0
0 0 0 0 0 0 0 0 0 0 1 0 0 0 0 0 0 0 0 0 0 0 0 0
0 0 0 0 0 0 0 0 0 0 0 1 0 0 0 0 0 0 0 0 0 0 0 0
0 0 0 0 0 0 0 0 0 0 0 0 2 0 0 0 0 0 0 0 0 0 0 0
0 0 0 0 0 0 0 0 0 0 0 0 0 4 0 0 0 0 0 0 0 0 0 0
0 0 0 0 0 0 0 0 0 0 0 0 0 0 0 0 0 0 0 0 0 0 0 0
0 0 0 0 0 0 0 0 0 0 0 0 0 0 0 0 0 0 0 0 0 0 0 0
0 0 0 0 0 0 0 0 0 0 0 0 0 0 0 0 0 0 0 0 0 0 0 0
0 0 0 0 0 0 0 0 0 0 0 0 0 0 0 0 0 0 0 0 0 0 0 0
0 0 0 0 0 0 0 0 0 0 0 0 0 0 0 0 0 0 0 0 0 0 0 0
0 0 0 0 0 0 0 0 0 0 0 0 0 0 0 0 0 0 0 0 0 0 0 0
0 0 0 0 0 0 0 0 0 0 0 0 0 0 0 0 0 0 0 0 0 0 0 0
0 0 0 0 0 0 0 0 0 0 0 0 0 0 0 0 0 0 0 0 0 0 0 0
0 0 0 0 0 0 0 0 0 0 0 0 0 0 0 0 0 0 0 0 0 0 0 0
0 0 0 0 0 0 0 0 0 0 0 0 0 0 0 0 0 0 0 0 0 0 0 0
0 0 0 0 0 0 0 0 0 0 0 0 0 0 0 0 0 0 0 0 0 0 0 0
0 0 0 0 0 0 0 0 0 0 0 0 0 0 0 0 0 0 0 0 0 0 0 0
0 0 0 0 0 0 0 0 0 0 0 0 0 0 0 0 0 0 0 0 0 0 0 0
0 0 0 0 0 0 0 0 0 0 0 0 0 0 0 0 0 0 0 0 0 0 0 0

1 0 0 0 -1 0 0 0 0 0 0 0 -1 1 0 -2 0 0 0 -1 -2 -1 0 -2
0 1 0 0 -1 0 0 0 0 0 0 0 0 0 0 -2 0 0 0 -1 -2 -1 0 -2
0 0 1 0 0 0 0 0 0 0 0 0 -1 1 0 0 0 0 0 0 0 1 0 0
0 0 0 0 0 0 0 0 0 0 0 0 0 0 0 0 0 0 0 0 0 1 0 0
0 0 0 1 -1 0 0 0 0 0 0 0 -1 1 0 -1 0 0 0 -1 -1 0 0 -1
0 0 0 0 0 0 0 0 0 0 0 0 0 0 0 -1 0 0 0 -1 -1 0 0 -1
0 0 0 0 0 1 0 0 0 0 0 0 -1 0 0 0 -1 0 -2 0 0 0 -2 0
0 0 0 0 0 0 1 0 0 0 0 0 0 0 0 0 -1 0 -2 0 0 0 -2 0
0 0 0 0 0 0 0 1 0 0 0 0 -1 0 0 0 1 0 0 0 0 0 0 0
0 0 0 0 0 0 0 0 0 0 0 0 0 0 0 0 1 0 0 0 0 0 0 0
0 0 0 0 0 0 0 0 1 0 0 0 -1 0 0 0 0 0 -1 0 0 0 -1 0
0 0 0 0 0 0 0 0 0 1 0 0 0 0 0 0 0 0 -1 0 0 0 -1 0
0 0 0 0 0 0 0 0 0 0 0 0 0 0 0 0 0 0 0 1 0 0 0 0
0 0 0 0 0 0 0 0 0 0 1 0 0 0 -1 2 0 0 0 0 0 0 0 0
0 0 0 0 0 0 0 0 0 0 0 0 0 0 1 0 0 0 0 0 0 0 0 0
0 0 0 0 0 0 0 0 0 0 0 0 0 0 0 1 0 0 0 0 0 0 0 0
0 0 0 0 0 0 0 0 0 0 0 1 0 0 0 0 0 -1 2 0 0 0 0 0
0 0 0 0 0 0 0 0 0 0 0 0 0 0 0 0 0 1 0 0 0 0 0 0
0 0 0 0 0 0 0 0 0 0 0 0 0 0 0 0 0 0 1 0 0 0 0 0
0 0 0 0 0 0 0 0 0 0 0 0 1 -1 0 0 0 0 0 0 1 0 0 0
0 0 0 0 0 0 0 0 0 0 0 0 0 0 0 0 0 0 0 0 1 0 0 0
0 0 0 0 0 0 0 0 0 0 0 0 1 0 0 0 0 0 0 0 0 0 1 0
0 0 0 0 0 0 0 0 0 0 0 0 0 0 0 0 0 0 0 0 0 0 1 0
0 0 0 0 1 0 0 0 0 0 0 0 0 0 0 0 0 0 0 1 0 0 0 2
