GM:(0,0,0)  R:(1/2,1/2,1/2)  T:(0,1/2,1/2)  U:(1/2,0,1/2)  V:(1/2,1/2,0)  X:(1/2,0,0)  Y:(0,1/2,0)  Z:(0,0,1/2)
GM:(0,0,0)  R:(1/2,1/2,1/2)  T:(0,1/2,1/2)  U:(1/2,0,1/2)  V:(1/2,1/2,0)  X:(1/2,0,0)  Y:(0,1/2,0)  Z:(0,0,1/2)
GM1  GM2GM2  R1  R2R2  T1  T2T2  U1  U2U2  V1  V2V2  X1  X2X2  Y1  Y2Y2  Z1  Z2Z2
1 2 1 2 1 2 1 2 1 2 1 2 1 2 1 2
1a (11',1) A 1 1,1a (11',1) AA 2 1
1 0 1 0 1 0 1 0 1 0 1 0 1 0 1 0
0 1 0 1 0 1 0 1 0 1 0 1 0 1 0 1

1 0 0 0 0 0 0 0 0 0 0 0 0 0 0 0
0 1 0 0 0 0 0 0 0 0 0 0 0 0 0 0
-1 0 1 0 0 0 0 0 0 0 0 0 0 0 0 0
0 -1 0 1 0 0 0 0 0 0 0 0 0 0 0 0
-1 0 0 0 1 0 0 0 0 0 0 0 0 0 0 0
0 -1 0 0 0 1 0 0 0 0 0 0 0 0 0 0
-1 0 0 0 0 0 1 0 0 0 0 0 0 0 0 0
0 -1 0 0 0 0 0 1 0 0 0 0 0 0 0 0
-1 0 0 0 0 0 0 0 1 0 0 0 0 0 0 0
0 -1 0 0 0 0 0 0 0 1 0 0 0 0 0 0
-1 0 0 0 0 0 0 0 0 0 1 0 0 0 0 0
0 -1 0 0 0 0 0 0 0 0 0 1 0 0 0 0
-1 0 0 0 0 0 0 0 0 0 0 0 1 0 0 0
0 -1 0 0 0 0 0 0 0 0 0 0 0 1 0 0
-1 0 0 0 0 0 0 0 0 0 0 0 0 0 1 0
0 -1 0 0 0 0 0 0 0 0 0 0 0 0 0 1

1 0
0 1
0 0
0 0
0 0
0 0
0 0
0 0
0 0
0 0
0 0
0 0
0 0
0 0
0 0
0 0

1 0
0 1
