GM:(0,0,0)  L:(1/2,1/2,1/2)  W:(1/2,1,0)  X:(0,1,0)
GM:(0,0,0)  L:(1/2,1/2,1/2)  W:(1/2,1,0)  X:(0,1,0)
GM1  GM2  GM3  GM5  GM4  GM6  GM7  GM8  L1  L2  L3  L6  L4L5  W1W3  W2W4  W5W6  W8W8  W7W7  X1X3  X2X4  X5  X6X7
1 1 2 3 3 2 2 4 1 1 2 2 2 2 2 2 2 2 2 2 2 4
8a (43m,43m) A1 2 1,8a (43m,43m) A2 2 1,8a (43m,43m) E 4 1,8a (43m,43m) T1 6 1,8a (43m,43m) T2 6 1,8a (43m,43m) E1 4 1,8a (43m,43m) E2 4 1,8a (43m,43m) F 8 0,8b (43m,43m) A1 2 1,8b (43m,43m) A2 2 1,8b (43m,43m) E 4 1,8b (43m,43m) T1 6 1,8b (43m,43m) T2 6 1,8b (43m,43m) E1 4 1,8b (43m,43m) E2 4 1,8b (43m,43m) F 8 0,16c (3'm,3m) A1 4 1,16c (3'm,3m) A2 4 1,16c (3'm,3m) E 8 1,16c (3'm,3m) 1E2E 8 0,16c (3'm,3m) E1 8 0,16d (3'm,3m) A1 4 1,16d (3'm,3m) A2 4 1,16d (3'm,3m) E 8 1,16d (3'm,3m) 1E2E 8 0,16d (3'm,3m) E1 8 0
2 0 0 0 0 0 0 0 2 0 0 0 0 1 0 0 0 0 1 0 0 0
0 2 0 0 0 0 0 0 0 2 0 0 0 0 1 0 0 0 0 1 0 0
0 0 2 0 0 0 0 0 0 0 2 0 0 1 1 0 0 0 1 1 0 0
0 0 0 2 0 0 0 0 0 2 2 0 0 2 1 0 0 0 0 1 2 0
0 0 0 0 2 0 0 0 2 0 2 0 0 1 2 0 0 0 1 0 2 0
0 0 0 0 0 2 0 0 0 0 0 2 0 0 0 1 1 0 0 0 0 1
0 0 0 0 0 0 2 0 0 0 0 2 0 0 0 1 0 1 0 0 0 1
0 0 0 0 0 0 0 2 0 0 0 2 2 0 0 2 1 1 0 0 0 2
2 0 0 0 0 0 0 0 2 0 0 0 0 0 1 0 0 0 1 0 0 0
0 2 0 0 0 0 0 0 0 2 0 0 0 1 0 0 0 0 0 1 0 0
0 0 2 0 0 0 0 0 0 0 2 0 0 1 1 0 0 0 1 1 0 0
0 0 0 2 0 0 0 0 0 2 2 0 0 1 2 0 0 0 0 1 2 0
0 0 0 0 2 0 0 0 2 0 2 0 0 2 1 0 0 0 1 0 2 0
0 0 0 0 0 2 0 0 0 0 0 2 0 0 0 1 0 1 0 0 0 1
0 0 0 0 0 0 2 0 0 0 0 2 0 0 0 1 1 0 0 0 0 1
0 0 0 0 0 0 0 2 0 0 0 2 2 0 0 2 1 1 0 0 0 2
1 0 0 0 1 0 0 0 2 0 1 0 0 1 1 0 0 0 1 0 1 0
0 1 0 1 0 0 0 0 0 2 1 0 0 1 1 0 0 0 0 1 1 0
0 0 1 1 1 0 0 0 1 1 3 0 0 2 2 0 0 0 1 1 2 0
0 0 0 0 0 0 0 2 0 0 0 2 2 0 0 2 1 1 0 0 0 2
0 0 0 0 0 1 1 1 0 0 0 3 1 0 0 2 1 1 0 0 0 2
1 0 0 0 1 0 0 0 2 0 1 0 0 1 1 0 0 0 1 0 1 0
0 1 0 1 0 0 0 0 0 2 1 0 0 1 1 0 0 0 0 1 1 0
0 0 1 1 1 0 0 0 1 1 3 0 0 2 2 0 0 0 1 1 2 0
0 0 0 0 0 0 0 2 0 0 0 2 2 0 0 2 1 1 0 0 0 2
0 0 0 0 0 1 1 1 0 0 0 3 1 0 0 2 1 1 0 0 0 2

0 0 0 -1 0 0 0 0 0 0 0 0 0 1 0 0 0 0 0 0 0 0
0 0 0 0 0 0 0 0 0 0 0 0 0 0 0 0 0 0 0 1 0 0
0 0 1 0 0 0 0 0 0 0 0 0 0 0 0 0 0 0 0 0 0 0
0 0 0 1 0 0 0 0 0 0 0 0 0 0 0 0 0 0 0 0 0 0
0 0 0 0 1 0 0 0 0 0 0 0 0 0 0 0 0 0 0 0 0 0
0 0 0 0 0 0 0 0 0 0 0 0 0 0 0 0 1 0 0 0 0 0
0 0 0 0 0 0 0 0 0 0 0 0 0 0 0 0 -1 0 0 0 0 1
0 0 0 0 0 0 0 1 0 0 0 0 0 0 0 0 0 0 0 0 0 0
0 0 0 1 0 0 0 0 0 0 0 0 0 -1 0 0 0 0 1 0 0 0
0 0 0 0 0 1 0 1 0 0 0 0 0 0 0 0 -2 0 0 0 0 0
0 0 -1 -1 -1 0 0 0 0 0 1 0 0 0 0 0 0 0 0 0 0 0
0 0 0 0 0 -1 -1 -1 0 0 0 1 0 0 0 0 0 0 0 0 0 0
0 0 0 0 0 0 0 -1 0 0 0 0 1 0 0 0 0 0 0 0 0 0
-1 0 0 0 -1 0 0 0 1 0 0 0 0 0 0 0 0 0 0 0 0 0
-1 -1 -2 -2 -2 0 0 0 0 0 0 0 0 1 1 0 0 0 1 1 0 0
0 0 0 0 0 -1 -1 -2 0 0 0 0 0 0 0 1 0 0 0 0 0 1
0 -1 0 -1 0 0 0 0 0 1 0 0 0 0 0 0 0 0 0 0 0 0
0 0 0 0 0 -1 -1 -2 0 0 0 0 0 0 0 0 1 1 0 0 0 1
-1 0 -1 0 -1 0 0 0 0 0 0 0 0 0 0 0 0 0 2 0 0 0
0 -1 -1 -1 0 0 0 0 0 0 0 0 0 0 0 0 0 0 0 2 0 0
0 0 0 -1 -1 0 0 0 0 0 0 0 0 0 0 0 0 0 0 0 1 0
0 0 0 0 0 -1 -1 -2 0 0 0 0 0 0 0 0 0 0 0 0 0 2

1 0 0 0 0 0 0 0 0 0 0 0 0 0 0 0 0 0 0 0 0 0 0 0 0 0
0 1 0 0 0 0 0 0 0 0 0 0 0 0 0 0 0 0 0 0 0 0 0 0 0 0
0 0 1 0 0 0 0 0 0 0 0 0 0 0 0 0 0 0 0 0 0 0 0 0 0 0
0 0 0 1 0 0 0 0 0 0 0 0 0 0 0 0 0 0 0 0 0 0 0 0 0 0
0 0 0 0 1 0 0 0 0 0 0 0 0 0 0 0 0 0 0 0 0 0 0 0 0 0
0 0 0 0 0 1 0 0 0 0 0 0 0 0 0 0 0 0 0 0 0 0 0 0 0 0
0 0 0 0 0 0 1 0 0 0 0 0 0 0 0 0 0 0 0 0 0 0 0 0 0 0
0 0 0 0 0 0 0 1 0 0 0 0 0 0 0 0 0 0 0 0 0 0 0 0 0 0
0 0 0 0 0 0 0 0 1 0 0 0 0 0 0 0 0 0 0 0 0 0 0 0 0 0
0 0 0 0 0 0 0 0 0 2 0 0 0 0 0 0 0 0 0 0 0 0 0 0 0 0
0 0 0 0 0 0 0 0 0 0 0 0 0 0 0 0 0 0 0 0 0 0 0 0 0 0
0 0 0 0 0 0 0 0 0 0 0 0 0 0 0 0 0 0 0 0 0 0 0 0 0 0
0 0 0 0 0 0 0 0 0 0 0 0 0 0 0 0 0 0 0 0 0 0 0 0 0 0
0 0 0 0 0 0 0 0 0 0 0 0 0 0 0 0 0 0 0 0 0 0 0 0 0 0
0 0 0 0 0 0 0 0 0 0 0 0 0 0 0 0 0 0 0 0 0 0 0 0 0 0
0 0 0 0 0 0 0 0 0 0 0 0 0 0 0 0 0 0 0 0 0 0 0 0 0 0
0 0 0 0 0 0 0 0 0 0 0 0 0 0 0 0 0 0 0 0 0 0 0 0 0 0
0 0 0 0 0 0 0 0 0 0 0 0 0 0 0 0 0 0 0 0 0 0 0 0 0 0
0 0 0 0 0 0 0 0 0 0 0 0 0 0 0 0 0 0 0 0 0 0 0 0 0 0
0 0 0 0 0 0 0 0 0 0 0 0 0 0 0 0 0 0 0 0 0 0 0 0 0 0
0 0 0 0 0 0 0 0 0 0 0 0 0 0 0 0 0 0 0 0 0 0 0 0 0 0
0 0 0 0 0 0 0 0 0 0 0 0 0 0 0 0 0 0 0 0 0 0 0 0 0 0

1 0 -1 0 -1 0 0 0 0 0 0 1 -1 -1 0 0 -1 0 0 0 0 -1 0 0 0 0
0 1 -1 -1 0 0 0 0 0 0 0 0 0 -1 0 0 0 -1 0 0 0 0 -1 0 0 0
0 0 0 0 0 0 0 0 0 0 -1 0 0 0 0 0 0 0 -1 0 0 0 0 -1 0 0
0 0 -1 0 0 0 0 0 0 0 0 -1 0 0 0 0 0 -1 -1 0 0 0 -1 -1 0 0
0 0 -1 0 0 0 0 0 0 0 0 0 -1 0 0 0 -1 0 -1 0 0 -1 0 -1 0 0
0 0 0 0 0 1 0 -1 0 0 0 0 0 0 -1 0 0 0 0 0 -1 0 0 0 0 -1
0 0 0 0 0 0 1 -1 0 -1 0 0 0 0 -1 0 0 0 0 0 -1 0 0 0 0 -1
0 0 0 0 0 0 0 0 0 0 0 0 0 0 0 -1 0 0 0 -1 -1 0 0 0 -1 -1
0 0 0 0 0 0 0 0 1 0 0 -1 1 1 0 0 0 0 0 0 0 0 0 0 0 0
0 0 0 0 0 0 0 0 0 0 0 0 0 1 0 0 0 0 0 0 0 0 0 0 0 0
0 0 0 0 0 0 0 0 0 0 1 0 0 0 0 0 0 0 0 0 0 0 0 0 0 0
0 0 0 0 0 0 0 0 0 0 0 1 0 0 0 0 0 0 0 0 0 0 0 0 0 0
0 0 0 0 0 0 0 0 0 0 0 0 1 0 0 0 0 0 0 0 0 0 0 0 0 0
0 0 0 0 0 0 0 0 0 1 0 0 0 0 1 0 0 0 0 0 0 0 0 0 0 0
0 0 0 0 0 0 0 0 0 0 0 0 0 0 1 0 0 0 0 0 0 0 0 0 0 0
0 0 0 0 0 0 0 0 0 0 0 0 0 0 0 1 0 0 0 0 0 0 0 0 0 0
0 0 0 0 0 0 0 0 0 0 0 0 0 0 0 0 1 0 0 0 0 0 0 0 0 0
0 0 0 0 0 0 0 0 0 0 0 0 0 0 0 0 0 1 0 0 0 0 0 0 0 0
0 0 0 0 0 0 0 0 0 0 0 0 0 0 0 0 0 0 1 0 0 0 0 0 0 0
0 0 0 0 0 0 0 0 0 0 0 0 0 0 0 0 0 0 0 1 0 0 0 0 0 0
0 0 0 0 0 0 0 0 0 0 0 0 0 0 0 0 0 0 0 0 1 0 0 0 0 0
0 0 1 0 1 0 0 0 0 0 0 0 0 0 0 0 1 0 0 0 0 2 0 0 0 0
0 0 1 1 0 0 0 0 0 0 0 0 0 0 0 0 0 1 0 0 0 0 2 0 0 0
0 0 1 0 0 0 0 0 0 0 0 0 0 0 0 0 0 0 1 0 0 0 0 2 0 0
0 0 0 0 0 0 0 0 0 0 0 0 0 0 0 0 0 0 0 0 0 0 0 0 1 0
0 0 0 0 0 0 0 1 0 0 0 0 0 0 0 0 0 0 0 0 1 0 0 0 0 2
