GM:(0,0,0)  R:(1/2,0,1/2)  S:(0,1/2,1/2)  SA:(0,1/2,-1/2)  T:(-1/2,1/2,0)  W:(1/2,1/2,1/2)  X:(1,1,1)
GM:(0,0,0)  L:(1/2,1/2,1/2)  A:(0,0,1/2)  M:(0,1,1/2)  V:(1/2,1/2,0)  U:(0,1/2,1/2)  Y:(0,1,0)
GM1+  GM1-  GM2+  GM2-  GM4  GM6  GM3  GM5  (R)L1-L1+  (R)L2L3  (S)A1  (S)A2  (SA)M1  (SA)M2  (T)V1+  (T)V1-  (T)V2  (T)V3  (W)U1U2  (W)U3U4  (X)Y1+  (X)Y1-  (X)Y2+  (X)Y2-  (X)Y4  (X)Y6  (X)Y3  (X)Y5
1 1 1 1 1 1 1 1 2 2 2 2 2 2 1 1 1 1 2 2 1 1 1 1 1 1 1 1
4a (2'2'2,2) A 2 1,4a (2'2'2,2) B 2 1,4a (2'2'2,2) 1E 2 1,4a (2'2'2,2) 2E 2 1,4b (2'2'2,2) A 2 1,4b (2'2'2,2) B 2 1,4b (2'2'2,2) 1E 2 1,4b (2'2'2,2) 2E 2 1,4c (2'/m',1) Ag 2 1,4c (2'/m',1) Au 2 1,4c (2'/m',1) Ag 2 1,4c (2'/m',1) Au 2 1,4d (2'/m',1) Ag 2 1,4d (2'/m',1) Au 2 1,4d (2'/m',1) Ag 2 1,4d (2'/m',1) Au 2 1,8e (1,1) Ag 4 0,8e (1,1) Au 4 0,8e (1,1) Ag 4 0,8e (1,1) Au 4 0
1 1 0 0 0 0 0 0 1 0 1 0 1 0 1 1 0 0 1 0 1 1 0 0 0 0 0 0
0 0 1 1 0 0 0 0 1 0 1 0 1 0 1 1 0 0 1 0 0 0 1 1 0 0 0 0
0 0 0 0 1 1 0 0 0 1 0 1 0 1 0 0 1 1 0 1 0 0 0 0 1 1 0 0
0 0 0 0 0 0 1 1 0 1 0 1 0 1 0 0 1 1 0 1 0 0 0 0 0 0 1 1
1 1 0 0 0 0 0 0 1 0 1 0 1 0 1 1 0 0 1 0 1 1 0 0 0 0 0 0
0 0 1 1 0 0 0 0 1 0 1 0 1 0 1 1 0 0 1 0 0 0 1 1 0 0 0 0
0 0 0 0 1 1 0 0 0 1 0 1 0 1 0 0 1 1 0 1 0 0 0 0 1 1 0 0
0 0 0 0 0 0 1 1 0 1 0 1 0 1 0 0 1 1 0 1 0 0 0 0 0 0 1 1
1 0 1 0 0 0 0 0 1 0 1 0 1 0 2 0 0 0 1 0 1 0 1 0 0 0 0 0
0 1 0 1 0 0 0 0 1 0 1 0 1 0 0 2 0 0 1 0 0 1 0 1 0 0 0 0
0 0 0 0 1 0 1 0 0 1 0 1 0 1 0 0 2 0 0 1 0 0 0 0 1 0 1 0
0 0 0 0 0 1 0 1 0 1 0 1 0 1 0 0 0 2 0 1 0 0 0 0 0 1 0 1
1 0 1 0 0 0 0 0 1 0 1 0 1 0 0 2 0 0 1 0 1 0 1 0 0 0 0 0
0 1 0 1 0 0 0 0 1 0 1 0 1 0 2 0 0 0 1 0 0 1 0 1 0 0 0 0
0 0 0 0 1 0 1 0 0 1 0 1 0 1 0 0 0 2 0 1 0 0 0 0 1 0 1 0
0 0 0 0 0 1 0 1 0 1 0 1 0 1 0 0 2 0 0 1 0 0 0 0 0 1 0 1
2 0 2 0 0 0 0 0 2 0 2 0 2 0 2 2 0 0 2 0 0 2 0 2 0 0 0 0
0 2 0 2 0 0 0 0 2 0 2 0 2 0 2 2 0 0 2 0 2 0 2 0 0 0 0 0
0 0 0 0 2 0 2 0 0 2 0 2 0 2 0 0 2 2 0 2 0 0 0 0 0 2 0 2
0 0 0 0 0 2 0 2 0 2 0 2 0 2 0 0 2 2 0 2 0 0 0 0 2 0 2 0

1 0 -1 1 0 0 0 0 0 0 0 0 0 0 0 0 0 0 0 0 0 0 0 0 0 0 0 0
0 0 0 1 0 0 0 0 0 0 0 0 0 0 0 0 0 0 0 0 0 0 0 0 0 0 0 0
0 0 0 0 1 0 -1 1 0 0 0 0 0 0 0 0 0 0 0 0 0 0 0 0 0 0 0 0
0 0 0 0 0 0 0 1 0 0 0 0 0 0 0 0 0 0 0 0 0 0 0 0 0 0 0 0
-1 0 1 -1 0 0 0 0 0 0 0 0 0 0 0 0 0 0 0 0 1 0 0 0 0 0 0 0
0 0 0 0 -1 0 1 -1 0 0 0 0 0 0 0 0 0 0 0 0 0 0 0 0 1 0 0 0
-2 0 1 -2 0 0 0 0 0 0 0 0 0 0 0 1 0 0 0 0 1 0 0 0 0 0 0 0
0 0 0 0 -2 0 1 -2 0 0 0 0 0 0 0 0 0 1 0 0 0 0 0 0 1 0 0 0
1 0 0 0 0 0 0 0 0 0 0 0 0 0 0 0 0 0 0 0 -1 0 0 0 0 0 0 0
0 0 0 0 1 0 0 0 0 0 0 0 0 0 0 0 0 0 0 0 0 0 0 0 -1 0 0 0
-1 0 0 -1 0 0 0 0 0 0 1 0 0 0 0 0 0 0 0 0 0 0 0 0 0 0 0 0
0 0 0 0 -1 0 0 -1 0 0 0 1 0 0 0 0 0 0 0 0 0 0 0 0 0 0 0 0
-1 0 0 -1 0 0 0 0 0 0 0 0 1 0 0 0 0 0 0 0 0 0 0 0 0 0 0 0
0 0 0 0 -1 0 0 -1 0 0 0 0 0 1 0 0 0 0 0 0 0 0 0 0 0 0 0 0
-2 0 0 -2 0 0 0 0 0 0 0 0 0 0 1 1 0 0 0 0 0 0 0 0 0 0 0 0
-1 1 1 -1 0 0 0 0 0 0 0 0 0 0 0 0 0 0 0 0 0 0 0 0 0 0 0 0
0 0 0 0 -2 0 0 -2 0 0 0 0 0 0 0 0 1 1 0 0 0 0 0 0 0 0 0 0
0 0 0 0 -1 1 1 -1 0 0 0 0 0 0 0 0 0 0 0 0 0 0 0 0 0 0 0 0
-1 0 0 -1 0 0 0 0 0 0 0 0 0 0 0 0 0 0 1 0 0 0 0 0 0 0 0 0
0 0 0 0 -1 0 0 -1 0 0 0 0 0 0 0 0 0 0 0 1 0 0 0 0 0 0 0 0
-1 0 0 -1 0 0 0 0 1 0 0 0 0 0 0 0 0 0 0 0 0 0 0 0 0 0 0 0
-2 0 1 -1 0 0 0 0 0 0 0 0 0 0 0 0 0 0 0 0 1 1 0 0 0 0 0 0
1 0 -1 0 0 0 0 0 0 0 0 0 0 0 0 0 0 0 0 0 -1 0 1 0 0 0 0 0
-1 0 0 -1 0 0 0 0 0 0 0 0 0 0 0 0 0 0 0 0 1 0 0 1 0 0 0 0
0 0 0 0 -1 0 0 -1 0 1 0 0 0 0 0 0 0 0 0 0 0 0 0 0 0 0 0 0
0 0 0 0 -2 0 1 -1 0 0 0 0 0 0 0 0 0 0 0 0 0 0 0 0 1 1 0 0
0 0 0 0 1 0 -1 0 0 0 0 0 0 0 0 0 0 0 0 0 0 0 0 0 -1 0 1 0
0 0 0 0 -1 0 0 -1 0 0 0 0 0 0 0 0 0 0 0 0 0 0 0 0 1 0 0 1

1 0 0 0 0 0 0 0 0 0 0 0 0 0 0 0 0 0 0 0
0 1 0 0 0 0 0 0 0 0 0 0 0 0 0 0 0 0 0 0
0 0 1 0 0 0 0 0 0 0 0 0 0 0 0 0 0 0 0 0
0 0 0 1 0 0 0 0 0 0 0 0 0 0 0 0 0 0 0 0
0 0 0 0 1 0 0 0 0 0 0 0 0 0 0 0 0 0 0 0
0 0 0 0 0 1 0 0 0 0 0 0 0 0 0 0 0 0 0 0
0 0 0 0 0 0 2 0 0 0 0 0 0 0 0 0 0 0 0 0
0 0 0 0 0 0 0 2 0 0 0 0 0 0 0 0 0 0 0 0
0 0 0 0 0 0 0 0 2 0 0 0 0 0 0 0 0 0 0 0
0 0 0 0 0 0 0 0 0 2 0 0 0 0 0 0 0 0 0 0
0 0 0 0 0 0 0 0 0 0 0 0 0 0 0 0 0 0 0 0
0 0 0 0 0 0 0 0 0 0 0 0 0 0 0 0 0 0 0 0
0 0 0 0 0 0 0 0 0 0 0 0 0 0 0 0 0 0 0 0
0 0 0 0 0 0 0 0 0 0 0 0 0 0 0 0 0 0 0 0
0 0 0 0 0 0 0 0 0 0 0 0 0 0 0 0 0 0 0 0
0 0 0 0 0 0 0 0 0 0 0 0 0 0 0 0 0 0 0 0
0 0 0 0 0 0 0 0 0 0 0 0 0 0 0 0 0 0 0 0
0 0 0 0 0 0 0 0 0 0 0 0 0 0 0 0 0 0 0 0
0 0 0 0 0 0 0 0 0 0 0 0 0 0 0 0 0 0 0 0
0 0 0 0 0 0 0 0 0 0 0 0 0 0 0 0 0 0 0 0
0 0 0 0 0 0 0 0 0 0 0 0 0 0 0 0 0 0 0 0
0 0 0 0 0 0 0 0 0 0 0 0 0 0 0 0 0 0 0 0
0 0 0 0 0 0 0 0 0 0 0 0 0 0 0 0 0 0 0 0
0 0 0 0 0 0 0 0 0 0 0 0 0 0 0 0 0 0 0 0
0 0 0 0 0 0 0 0 0 0 0 0 0 0 0 0 0 0 0 0
0 0 0 0 0 0 0 0 0 0 0 0 0 0 0 0 0 0 0 0
0 0 0 0 0 0 0 0 0 0 0 0 0 0 0 0 0 0 0 0
0 0 0 0 0 0 0 0 0 0 0 0 0 0 0 0 0 0 0 0

1 0 0 0 0 0 0 0 0 0 0 0 0 -1 0 0 -1 -2 -1 0
0 1 0 0 0 0 0 0 0 0 -1 0 0 -1 0 0 0 -2 -1 0
0 0 1 0 0 0 0 0 0 0 0 -1 -1 0 0 -1 0 0 0 -2
0 0 0 1 0 0 0 0 0 0 0 -1 0 0 -1 -1 0 0 0 -2
0 0 0 0 0 0 0 0 0 0 0 0 0 0 0 0 1 0 0 0
0 0 0 0 0 0 0 0 0 0 1 0 0 0 0 0 0 0 0 0
0 0 0 0 0 0 0 0 0 0 0 0 1 0 0 0 0 0 0 0
0 0 0 0 0 0 0 0 0 0 0 0 0 0 1 0 0 0 0 0
0 0 0 0 1 0 -1 0 0 0 0 0 0 0 0 0 0 0 1 0
0 0 0 0 0 0 0 0 0 0 0 0 0 0 0 0 0 0 1 0
0 0 0 0 0 1 0 -1 0 0 0 1 0 0 0 0 0 0 0 0
0 0 0 0 0 0 0 0 0 0 0 1 0 0 0 0 0 0 0 0
0 0 0 0 0 0 1 0 0 0 0 0 0 1 0 0 0 0 0 0
0 0 0 0 0 0 0 0 0 0 0 0 0 1 0 0 0 0 0 0
0 0 0 0 0 0 0 1 0 0 0 0 0 0 0 1 0 0 0 0
0 0 0 0 0 0 0 0 0 0 0 0 0 0 0 1 0 0 0 0
0 0 0 0 0 0 0 0 1 0 0 0 0 0 0 0 0 1 0 0
0 0 0 0 0 0 0 0 0 0 0 0 0 0 0 0 0 1 0 0
0 0 0 0 0 0 0 0 0 1 0 0 0 0 0 0 0 0 0 1
0 0 0 0 0 0 0 0 0 0 0 0 0 0 0 0 0 0 0 1
