GM:(0,0,0)  M:(1,1,1)  N:(1/2,0,1/2)  P:(1/2,1/2,1/2)  X:(1/2,1/2,0)
GM:(0,0,0)  M:(1,1,1)  N:(1/2,0,1/2)  P:(1/2,1/2,1/2)  X:(1/2,1/2,0)
GM3GM4  GM1  GM2  GM6GM8  GM5GM7  M3M4  M1  M2  M6M8  M5M7  N1  N2N2  P2P2  P1  P3P4  X2  X1  X3X4
2 1 1 2 2 2 1 1 2 2 1 2 2 1 2 1 1 2
2a (41',4) 1E2E 2 1,2a (41',4) A 1 1,2a (41',4) B 1 1,2a (41',4) 1E12E1 2 1,2a (41',4) 1E22E2 2 1,4b (21',2) A 2 1,4b (21',2) B 2 1,4b (21',2) 1E2E 4 0
1 0 0 0 0 1 0 0 0 0 2 0 1 0 0 2 0 0
0 1 0 0 0 0 1 0 0 0 1 0 0 1 0 0 1 0
0 0 1 0 0 0 0 1 0 0 1 0 0 1 0 0 1 0
0 0 0 1 0 0 0 0 1 0 0 1 0 0 1 0 0 1
0 0 0 0 1 0 0 0 0 1 0 1 0 0 1 0 0 1
0 1 1 0 0 0 1 1 0 0 2 0 1 0 0 2 0 0
1 0 0 0 0 1 0 0 0 0 2 0 0 2 0 0 2 0
0 0 0 1 1 0 0 0 1 1 0 2 0 0 2 0 0 2

1 0 0 0 0 0 0 0 0 0 0 0 0 0 0 0 0 0
1 1 0 0 0 0 0 0 0 0 0 0 -1 0 0 0 0 0
1 0 1 0 0 0 0 0 0 0 0 0 -1 0 0 0 0 0
0 0 0 1 0 0 0 0 0 0 0 0 0 0 0 0 0 0
0 0 0 0 1 0 0 0 0 0 0 0 0 0 0 0 0 0
-1 0 0 0 0 0 0 0 0 0 0 0 1 0 0 0 0 0
0 -1 0 0 0 0 1 0 0 0 0 0 0 0 0 0 0 0
0 0 -1 0 0 0 0 1 0 0 0 0 0 0 0 0 0 0
0 0 0 -1 0 0 0 0 1 0 0 0 0 0 0 0 0 0
0 0 0 0 -1 0 0 0 0 1 0 0 0 0 0 0 0 0
-2 -1 -1 0 0 0 0 0 0 0 1 0 0 0 0 0 0 0
0 0 0 -1 -1 0 0 0 0 0 0 1 0 0 0 0 0 0
-1 0 0 0 0 1 0 0 0 0 0 0 0 0 0 0 0 0
-2 -1 -1 0 0 0 0 0 0 0 0 0 2 1 0 0 0 0
0 0 0 -1 -1 0 0 0 0 0 0 0 0 0 1 0 0 0
0 0 0 0 0 0 0 0 0 0 0 0 -2 0 0 1 0 0
-2 -1 -1 0 0 0 0 0 0 0 0 0 2 0 0 0 1 0
0 0 0 -1 -1 0 0 0 0 0 0 0 0 0 0 0 0 1

1 0 0 0 0 0 0 0
0 1 0 0 0 0 0 0
0 0 1 0 0 0 0 0
0 0 0 1 0 0 0 0
0 0 0 0 1 0 0 0
0 0 0 0 0 1 0 0
0 0 0 0 0 0 0 0
0 0 0 0 0 0 0 0
0 0 0 0 0 0 0 0
0 0 0 0 0 0 0 0
0 0 0 0 0 0 0 0
0 0 0 0 0 0 0 0
0 0 0 0 0 0 0 0
0 0 0 0 0 0 0 0
0 0 0 0 0 0 0 0
0 0 0 0 0 0 0 0
0 0 0 0 0 0 0 0
0 0 0 0 0 0 0 0

1 0 0 0 0 0 -1 0
0 1 0 0 0 0 -1 0
0 0 1 0 0 0 -1 0
0 0 0 1 0 0 0 -1
0 0 0 0 1 0 0 -1
0 0 0 0 0 1 1 0
0 0 0 0 0 0 1 0
0 0 0 0 0 0 0 1
