GM:(0,0,0)  L:(1/2,1/2,1/2)  T:(1,0,0)  Y:(0,1,0)  Z:(0,0,1)
GM:(0,0,0)  L:(1/2,1/2,1/2)  T:(1,0,0)  Y:(0,1,0)  Z:(0,0,1)
GM1  GM2  GM4  GM3  GM5  L1L1  L2  T1  T2  T4  T3  T5  Y1  Y2  Y4  Y3  Y5  Z1  Z2  Z4  Z3  Z5
1 1 1 1 2 2 1 1 1 1 1 2 1 1 1 1 2 1 1 1 1 2
8a (mm2,mm2) A1 2 1,8a (mm2,mm2) A2 2 1,8a (mm2,mm2) B1 2 1,8a (mm2,mm2) B2 2 1,8b (m'm2',m) A' 2 1,8b (m'm2',m) A'' 2 1,8b (m'm2',m) 1E 2 1,8b (m'm2',m) 2E 2 1,8c (m'm2',m) A' 2 1,8c (m'm2',m) A'' 2 1,8c (m'm2',m) 1E 2 1,8c (m'm2',m) 2E 2 1,8d (m'm'2,2) A 2 1,8d (m'm'2,2) B 2 1,8d (m'm'2,2) 1E 2 1,8d (m'm'2,2) 2E 2 1
2 0 0 0 0 1 0 2 0 0 0 0 2 0 0 0 0 2 0 0 0 0
0 2 0 0 0 1 0 0 2 0 0 0 0 2 0 0 0 0 2 0 0 0
0 0 2 0 0 1 0 0 0 2 0 0 0 0 2 0 0 0 0 2 0 0
0 0 0 2 0 1 0 0 0 0 2 0 0 0 0 2 0 0 0 0 2 0
1 0 0 1 0 1 0 1 0 0 1 0 1 0 0 1 0 1 0 0 1 0
0 1 1 0 0 1 0 0 1 1 0 0 0 1 1 0 0 0 1 1 0 0
0 0 0 0 1 0 2 0 0 0 0 1 0 0 0 0 1 0 0 0 0 1
0 0 0 0 1 0 2 0 0 0 0 1 0 0 0 0 1 0 0 0 0 1
1 0 1 0 0 1 0 1 0 1 0 0 1 0 1 0 0 1 0 1 0 0
0 1 0 1 0 1 0 0 1 0 1 0 0 1 0 1 0 0 1 0 1 0
0 0 0 0 1 0 2 0 0 0 0 1 0 0 0 0 1 0 0 0 0 1
0 0 0 0 1 0 2 0 0 0 0 1 0 0 0 0 1 0 0 0 0 1
1 1 0 0 0 1 0 0 0 1 1 0 0 0 1 1 0 1 1 0 0 0
0 0 1 1 0 1 0 1 1 0 0 0 1 1 0 0 0 0 0 1 1 0
0 0 0 0 1 0 2 0 0 0 0 1 0 0 0 0 1 0 0 0 0 1
0 0 0 0 1 0 2 0 0 0 0 1 0 0 0 0 1 0 0 0 0 1

-1 0 0 0 0 1 0 1 0 0 0 0 0 0 0 0 0 0 0 0 0 0
-1 1 0 0 0 0 0 1 0 0 0 0 0 0 0 0 0 0 0 0 0 0
0 0 1 0 0 0 0 0 0 0 0 0 0 0 0 0 0 0 0 0 0 0
0 0 0 1 0 0 0 0 0 0 0 0 0 0 0 0 0 0 0 0 0 0
0 0 0 0 1 0 0 0 0 0 0 0 0 0 0 0 0 0 0 0 0 0
1 0 0 0 0 0 0 -1 0 0 0 0 0 0 0 0 0 0 0 0 0 0
0 0 0 0 -2 0 1 0 0 0 0 0 0 0 0 0 0 0 0 0 0 0
-1 -1 -1 -1 0 2 0 0 0 0 0 0 0 0 0 0 0 0 0 0 0 0
1 -1 0 0 0 0 0 -1 1 0 0 0 0 0 0 0 0 0 0 0 0 0
-1 0 -1 0 0 0 0 1 0 1 0 0 0 0 0 0 0 0 0 0 0 0
-1 0 0 -1 0 0 0 1 0 0 1 0 0 0 0 0 0 0 0 0 0 0
0 0 0 0 -1 0 0 0 0 0 0 1 0 0 0 0 0 0 0 0 0 0
0 0 0 0 0 0 0 -1 0 0 0 0 1 0 0 0 0 0 0 0 0 0
1 -1 0 0 0 0 0 -1 0 0 0 0 0 1 0 0 0 0 0 0 0 0
-1 0 -1 0 0 0 0 1 0 0 0 0 0 0 1 0 0 0 0 0 0 0
-1 0 0 -1 0 0 0 1 0 0 0 0 0 0 0 1 0 0 0 0 0 0
0 0 0 0 -1 0 0 0 0 0 0 0 0 0 0 0 1 0 0 0 0 0
-1 0 0 0 0 0 0 0 0 0 0 0 0 0 0 0 0 1 0 0 0 0
0 -1 0 0 0 0 0 0 0 0 0 0 0 0 0 0 0 0 1 0 0 0
0 0 -1 0 0 0 0 0 0 0 0 0 0 0 0 0 0 0 0 1 0 0
0 0 0 -1 0 0 0 0 0 0 0 0 0 0 0 0 0 0 0 0 1 0
0 0 0 0 -1 0 0 0 0 0 0 0 0 0 0 0 0 0 0 0 0 1

1 0 0 0 0 0 0 0 0 0 0 0 0 0 0 0
0 1 0 0 0 0 0 0 0 0 0 0 0 0 0 0
0 0 1 0 0 0 0 0 0 0 0 0 0 0 0 0
0 0 0 1 0 0 0 0 0 0 0 0 0 0 0 0
0 0 0 0 1 0 0 0 0 0 0 0 0 0 0 0
0 0 0 0 0 1 0 0 0 0 0 0 0 0 0 0
0 0 0 0 0 0 0 0 0 0 0 0 0 0 0 0
0 0 0 0 0 0 0 0 0 0 0 0 0 0 0 0
0 0 0 0 0 0 0 0 0 0 0 0 0 0 0 0
0 0 0 0 0 0 0 0 0 0 0 0 0 0 0 0
0 0 0 0 0 0 0 0 0 0 0 0 0 0 0 0
0 0 0 0 0 0 0 0 0 0 0 0 0 0 0 0
0 0 0 0 0 0 0 0 0 0 0 0 0 0 0 0
0 0 0 0 0 0 0 0 0 0 0 0 0 0 0 0
0 0 0 0 0 0 0 0 0 0 0 0 0 0 0 0
0 0 0 0 0 0 0 0 0 0 0 0 0 0 0 0
0 0 0 0 0 0 0 0 0 0 0 0 0 0 0 0
0 0 0 0 0 0 0 0 0 0 0 0 0 0 0 0
0 0 0 0 0 0 0 0 0 0 0 0 0 0 0 0
0 0 0 0 0 0 0 0 0 0 0 0 0 0 0 0
0 0 0 0 0 0 0 0 0 0 0 0 0 0 0 0
0 0 0 0 0 0 0 0 0 0 0 0 0 0 0 0

1 -1 -1 -1 0 0 -1 0 -1 0 0 0 0 -1 0 0
0 -1 -1 -1 0 0 -1 0 -1 -1 0 0 -1 -1 0 0
0 -1 0 -1 0 0 -1 0 -1 0 0 0 -1 -1 0 0
0 -1 -1 0 0 0 -1 0 -1 -1 0 0 0 -1 0 0
0 0 0 0 0 0 1 0 0 0 0 0 0 0 0 0
0 1 0 1 0 0 1 0 0 0 0 0 2 0 0 0
0 0 0 0 1 0 0 -1 0 0 -1 -1 0 0 -1 -1
0 0 0 0 0 0 0 1 0 0 0 0 0 0 0 0
0 0 0 0 0 0 0 0 1 0 0 0 0 0 0 0
0 1 1 0 0 0 0 0 1 2 0 0 0 0 0 0
0 0 0 0 0 0 0 0 0 0 1 0 0 0 0 0
0 0 0 0 0 0 0 0 0 0 0 1 0 0 0 0
0 1 1 1 0 1 1 0 1 0 0 0 0 2 0 0
0 1 1 1 0 0 1 0 1 0 0 0 0 2 0 0
0 0 0 0 0 0 0 0 0 0 0 0 0 0 1 0
0 0 0 0 0 0 0 0 0 0 0 0 0 0 0 1
