GM:(0,0,0)  M:(1,1,1)  N:(1/2,0,1/2)  P:(1/2,1/2,1/2)  X:(1/2,1/2,0)
GM:(0,0,0)  M:(1,1,1)  N:(1/2,0,1/2)  P:(1/2,1/2,1/2)  X:(1/2,1/2,0)
GM1+  GM2-  GM3+  GM4-  GM1-  GM2+  GM3-  GM4+  GM7  GM8  GM6  GM9  GM5+  GM5-  M1  M2  M5  M3  M4  N1  N2N2  P1P2  P3P5  P4P6  P7P7  X1  X2  X3X4
1 1 1 1 1 1 1 1 2 2 2 2 2 2 2 2 4 2 2 2 4 4 2 2 4 2 2 4
8a (41',4) A 4 1;8a (41',4) B 4 1;8a (41',4) 1E12E1 8 1;8a (41',4) 1E22E2 8 1;8b (2221',222) A1 4 1;8b (2221',222) B1 4 1;8b (2221',222) B2 4 1;8b (2221',222) B3 4 1;8b (2221',222) E 8 1;16c (11',1) Ag 8 1;16c (11',1) Au 8 1;16c (11',1) AgAg 6 0;16c (11',1) AuAu 6 0;16e (21',2) A 8 1;16e (21',2) B 8 1;16e (21',2) 1E2E 6 0
1 1 1 1 0 0 0 0 0 0 0 0 0 0 1 1 0 0 0 2 0 1 0 0 0 1 1 0
0 0 0 0 1 1 1 1 0 0 0 0 0 0 1 1 0 0 0 2 0 1 0 0 0 1 1 0
0 0 0 0 0 0 0 0 2 2 0 0 0 0 0 0 2 0 0 0 2 0 1 1 1 0 0 2
0 0 0 0 0 0 0 0 0 0 2 2 0 0 0 0 2 0 0 0 2 0 1 1 1 0 0 2
1 0 0 1 1 0 0 1 0 0 0 0 0 0 1 1 0 0 0 2 0 1 0 0 0 2 0 0
0 1 1 0 0 1 1 0 0 0 0 0 0 0 1 1 0 0 0 2 0 1 0 0 0 0 2 0
0 0 0 0 0 0 0 0 0 0 0 0 1 1 0 0 0 1 1 2 0 1 0 0 0 1 1 0
0 0 0 0 0 0 0 0 0 0 0 0 1 1 0 0 0 1 1 2 0 1 0 0 0 1 1 0
0 0 0 0 0 0 0 0 1 1 1 1 0 0 0 0 2 0 0 0 2 0 1 1 1 0 0 2
1 0 1 0 0 1 0 1 0 0 0 0 2 0 1 1 0 1 1 4 0 2 0 0 0 2 2 0
0 1 0 1 1 0 1 0 0 0 0 0 0 2 1 1 0 1 1 4 0 2 0 0 0 2 2 0
0 0 0 0 0 0 0 0 4 0 4 0 0 0 0 0 4 0 0 0 4 0 2 2 2 0 0 4
0 0 0 0 0 0 0 0 0 4 0 4 0 0 0 0 4 0 0 0 4 0 2 2 2 0 0 4
1 1 0 0 1 1 0 0 0 0 0 0 1 1 1 1 0 0 2 4 0 2 0 0 0 2 2 0
0 0 1 1 0 0 1 1 0 0 0 0 1 1 1 1 0 2 0 4 0 2 0 0 0 2 2 0
0 0 0 0 0 0 0 0 2 2 2 2 0 0 0 0 4 0 0 0 4 0 2 2 2 0 0 4

0 1 1 0 1 0 0 0 0 0 0 0 0 0 0 0 0 1 0 -1 0 1 0 0 0 0 0 0
-1 0 1 0 1 0 0 0 0 0 0 0 0 0 0 0 0 0 0 0 0 0 0 0 0 0 0 0
0 0 0 0 0 0 0 0 0 0 0 0 0 0 0 0 0 0 0 0 0 0 0 0 1 0 0 0
0 0 0 0 0 0 0 0 -1 1 1 0 0 0 0 0 0 0 0 0 0 0 0 0 0 0 0 0
1 0 0 0 1 0 0 0 0 0 0 0 0 0 0 0 0 1 0 -1 0 1 0 0 0 0 0 0
0 1 0 0 1 0 0 0 0 0 0 0 0 0 0 0 0 2 0 -1 0 1 0 0 0 0 0 0
0 -1 0 0 -1 0 0 0 0 0 0 0 0 0 0 0 0 -1 0 0 0 1 0 0 0 0 0 0
0 0 -1 0 -1 0 0 0 0 0 0 0 0 0 0 0 0 -1 0 0 0 1 0 0 0 0 0 0
0 0 -4 0 -4 0 0 0 -1 1 0 0 0 0 0 0 0 -4 0 0 0 4 0 0 0 0 0 0
0 1 -1 0 -1 0 0 1 0 0 0 0 0 0 0 0 0 0 0 0 0 0 0 0 0 0 0 0
-1 -1 -1 1 -2 0 0 0 0 0 0 0 0 0 0 0 0 -2 0 1 0 0 0 0 0 0 0 0
0 0 0 0 0 0 0 0 1 -1 -1 1 0 0 0 0 0 0 0 0 0 0 0 0 0 0 0 0
0 1 1 0 2 0 0 0 0 0 0 0 1 0 0 0 0 1 0 -1 0 0 0 0 0 0 0 0
0 -1 1 0 0 0 0 0 0 0 0 0 0 1 0 0 0 -1 0 0 0 0 0 0 0 0 0 0
0 0 -1 0 -1 0 0 0 0 0 0 0 0 0 1 0 0 0 0 0 0 0 0 0 0 0 0 0
0 0 -1 0 -1 0 0 0 0 0 0 0 0 0 0 1 0 0 0 0 0 0 0 0 0 0 0 0
0 0 0 0 0 0 0 0 0 -1 -1 0 0 0 0 0 1 0 0 0 0 0 0 0 0 0 0 0
1 0 -1 0 -1 0 1 0 0 0 0 0 0 0 0 0 0 0 0 0 0 0 0 0 0 0 0 0
0 0 2 0 2 0 0 0 0 0 0 0 0 0 0 0 0 1 1 -1 0 0 0 0 0 0 0 0
1 1 0 0 1 1 0 0 0 0 0 0 0 0 0 0 0 2 0 -1 0 0 0 0 0 0 0 0
0 0 0 0 0 0 0 0 0 -1 -1 0 0 0 0 0 0 0 0 0 1 0 0 0 0 0 0 0
0 0 0 0 0 0 0 0 0 0 0 0 0 0 0 0 0 0 0 -1 0 2 0 0 0 0 0 0
0 0 0 0 0 0 0 0 0 -1 -1 0 0 0 0 0 0 0 0 0 0 0 1 0 1 0 0 0
0 0 0 0 0 0 0 0 0 -1 -1 0 0 0 0 0 0 0 0 0 0 0 0 1 1 0 0 0
0 0 0 0 0 0 0 0 0 -1 -1 0 0 0 0 0 0 0 0 0 0 0 0 0 2 0 0 0
-1 0 0 0 -1 0 0 0 0 0 0 0 0 0 0 0 0 -1 0 0 0 0 0 0 0 1 0 0
1 0 0 0 1 0 0 0 0 0 0 0 0 0 0 0 0 1 0 -1 0 0 0 0 0 0 1 0
0 0 0 0 0 0 0 0 0 -1 -1 0 0 0 0 0 0 0 0 0 0 0 0 0 0 0 0 1

1 0 0 0 0 0 0 0 0 0 0 0 0 0 0 0
0 1 0 0 0 0 0 0 0 0 0 0 0 0 0 0
0 0 1 0 0 0 0 0 0 0 0 0 0 0 0 0
0 0 0 1 0 0 0 0 0 0 0 0 0 0 0 0
0 0 0 0 1 0 0 0 0 0 0 0 0 0 0 0
0 0 0 0 0 1 0 0 0 0 0 0 0 0 0 0
0 0 0 0 0 0 1 0 0 0 0 0 0 0 0 0
0 0 0 0 0 0 0 1 0 0 0 0 0 0 0 0
0 0 0 0 0 0 0 0 4 0 0 0 0 0 0 0
0 0 0 0 0 0 0 0 0 0 0 0 0 0 0 0
0 0 0 0 0 0 0 0 0 0 0 0 0 0 0 0
0 0 0 0 0 0 0 0 0 0 0 0 0 0 0 0
0 0 0 0 0 0 0 0 0 0 0 0 0 0 0 0
0 0 0 0 0 0 0 0 0 0 0 0 0 0 0 0
0 0 0 0 0 0 0 0 0 0 0 0 0 0 0 0
0 0 0 0 0 0 0 0 0 0 0 0 0 0 0 0
0 0 0 0 0 0 0 0 0 0 0 0 0 0 0 0
0 0 0 0 0 0 0 0 0 0 0 0 0 0 0 0
0 0 0 0 0 0 0 0 0 0 0 0 0 0 0 0
0 0 0 0 0 0 0 0 0 0 0 0 0 0 0 0
0 0 0 0 0 0 0 0 0 0 0 0 0 0 0 0
0 0 0 0 0 0 0 0 0 0 0 0 0 0 0 0
0 0 0 0 0 0 0 0 0 0 0 0 0 0 0 0
0 0 0 0 0 0 0 0 0 0 0 0 0 0 0 0
0 0 0 0 0 0 0 0 0 0 0 0 0 0 0 0
0 0 0 0 0 0 0 0 0 0 0 0 0 0 0 0
0 0 0 0 0 0 0 0 0 0 0 0 0 0 0 0
0 0 0 0 0 0 0 0 0 0 0 0 0 0 0 0

1 0 0 0 0 0 0 0 0 -1 -1 0 0 0 -1 0
0 1 0 0 0 0 0 0 0 -1 -1 0 0 0 -1 0
0 0 1 -1 0 0 0 -2 2 0 0 0 -2 -1 0 -1
0 0 0 0 0 0 0 0 0 0 0 0 -2 -1 0 -1
0 0 0 0 1 0 0 0 0 1 0 0 0 0 0 0
0 0 0 0 0 0 0 0 0 1 0 0 0 0 0 0
0 0 0 0 0 1 0 0 0 0 -2 -1 0 0 -2 0
0 0 0 0 0 0 0 0 0 0 0 1 0 0 0 0
0 0 0 1 0 0 0 0 0 0 0 0 0 2 0 0
0 0 0 0 0 0 1 0 0 0 1 0 0 0 0 0
0 0 0 0 0 0 0 0 0 0 1 0 0 0 0 0
0 0 0 0 0 0 0 1 -1 0 0 0 1 0 0 0
0 0 0 0 0 0 0 0 0 0 0 0 1 0 0 0
0 0 0 0 0 0 0 1 0 0 0 0 0 0 1 0
0 0 0 0 0 0 0 0 0 0 0 0 0 0 1 0
0 0 0 0 0 0 0 0 0 0 0 0 0 0 0 1
