GM:(0,0,0)  M:(1,1,1)  N:(1/2,0,1/2)  P:(1/2,1/2,1/2)  X:(1/2,1/2,0)
GM:(0,0,0)  M:(1,1,1)  N:(1/2,0,1/2)  P:(1/2,1/2,1/2)  X:(1/2,1/2,0)
GM1+  GM4-  GM1-  GM4+  GM2+  GM3-  GM2-  GM3+  GM5+  GM5-  GM7  GM8  GM6  GM9  M1  M2  M3  M4  M5  N1+N2-  N1-N2+  N3N5  N4N6  P1P2  P3P5  P4P6  P7P7  X1  X2  X3X4
1 1 1 1 1 1 1 1 2 2 2 2 2 2 2 2 2 2 4 2 2 2 2 4 2 2 4 2 2 4
8a (42m,42m) A1 4 1;8a (42m,42m) A2 4 1;8a (42m,42m) B1 4 1;8a (42m,42m) B2 4 1;8a (42m,42m) E 8 0;8a (42m,42m) E1 8 1;8a (42m,42m) E2 8 1;8b (4'2'm,mm2) A1 4 1;8b (4'2'm,mm2) A2 4 1;8b (4'2'm,mm2) B1B2 8 0;8b (4'2'm,mm2) E 8 1;16c (2'2'2,2) A 8 0;16c (2'2'2,2) B 8 0;16c (2'2'2,2) 1E 8 1;16c (2'2'2,2) 2E 8 1;16d (2'2'2,2) A 8 1;16d (2'2'2,2) B 8 1;16d (2'2'2,2) 1E 8 1;16d (2'2'2,2) 2E 8 1;16e (2/m,2/m) Ag 8 1;16e (2/m,2/m) Au 8 1;16e (2/m,2/m) Bg 8 1;16e (2/m,2/m) Bu 8 1;16e (2/m,2/m) 1Eg 8 1;16e (2/m,2/m) 1Eu 8 1;16e (2/m,2/m) 2Eg 8 1;16e (2/m,2/m) 2Eu 8 1;16f (2'/m,m) A' 8 0;16f (2'/m,m) A'' 8 0
2 2 0 0 0 0 0 0 0 0 0 0 0 0 2 0 0 0 0 2 0 0 0 1 0 0 0 2 0 0
0 0 2 2 0 0 0 0 0 0 0 0 0 0 0 2 0 0 0 0 2 0 0 1 0 0 0 2 0 0
0 0 0 0 2 2 0 0 0 0 0 0 0 0 2 0 0 0 0 2 0 0 0 1 0 0 0 0 2 0
0 0 0 0 0 0 2 2 0 0 0 0 0 0 0 2 0 0 0 0 2 0 0 1 0 0 0 0 2 0
0 0 0 0 0 0 0 0 2 2 0 0 0 0 0 0 2 2 0 2 2 0 0 2 0 0 0 2 2 0
0 0 0 0 0 0 0 0 0 0 2 2 0 0 0 0 0 0 2 0 0 2 2 0 1 1 1 0 0 2
0 0 0 0 0 0 0 0 0 0 0 0 2 2 0 0 0 0 2 0 0 2 2 0 1 1 1 0 0 2
1 1 0 0 1 1 0 0 0 0 0 0 0 0 2 0 0 0 0 2 0 0 0 1 0 0 0 1 1 0
0 0 1 1 0 0 1 1 0 0 0 0 0 0 0 2 0 0 0 0 2 0 0 1 0 0 0 1 1 0
0 0 0 0 0 0 0 0 2 2 0 0 0 0 0 0 2 2 0 2 2 0 0 2 0 0 0 2 2 0
0 0 0 0 0 0 0 0 0 0 1 1 1 1 0 0 0 0 2 0 0 2 2 0 1 1 1 0 0 2
1 1 1 1 0 0 0 0 1 1 0 0 0 0 1 1 1 1 0 2 2 0 0 2 0 0 0 3 1 0
0 0 0 0 1 1 1 1 1 1 0 0 0 0 1 1 1 1 0 2 2 0 0 2 0 0 0 1 3 0
0 0 0 0 0 0 0 0 0 0 1 1 1 1 0 0 0 0 2 0 0 2 2 0 1 1 1 0 0 2
0 0 0 0 0 0 0 0 0 0 1 1 1 1 0 0 0 0 2 0 0 2 2 0 1 1 1 0 0 2
1 0 1 0 1 0 1 0 1 1 0 0 0 0 1 1 2 0 0 2 2 0 0 2 0 0 0 2 2 0
0 1 0 1 0 1 0 1 1 1 0 0 0 0 1 1 0 2 0 2 2 0 0 2 0 0 0 2 2 0
0 0 0 0 0 0 0 0 0 0 1 1 1 1 0 0 0 0 2 0 0 1 3 0 0 2 1 0 0 2
0 0 0 0 0 0 0 0 0 0 1 1 1 1 0 0 0 0 2 0 0 3 1 0 2 0 1 0 0 2
2 0 0 0 2 0 0 0 2 0 0 0 0 0 2 0 2 0 0 3 1 0 0 2 0 0 0 2 2 0
0 0 2 0 0 0 2 0 0 2 0 0 0 0 0 2 2 0 0 1 3 0 0 2 0 0 0 2 2 0
0 0 0 2 0 0 0 2 2 0 0 0 0 0 0 2 0 2 0 1 3 0 0 2 0 0 0 2 2 0
0 2 0 0 0 2 0 0 0 2 0 0 0 0 2 0 0 2 0 3 1 0 0 2 0 0 0 2 2 0
0 0 0 0 0 0 0 0 0 0 2 0 2 0 0 0 0 0 2 0 0 3 1 0 2 0 1 0 0 2
0 0 0 0 0 0 0 0 0 0 0 2 0 2 0 0 0 0 2 0 0 3 1 0 2 0 1 0 0 2
0 0 0 0 0 0 0 0 0 0 2 0 2 0 0 0 0 0 2 0 0 1 3 0 0 2 1 0 0 2
0 0 0 0 0 0 0 0 0 0 0 2 0 2 0 0 0 0 2 0 0 1 3 0 0 2 1 0 0 2
1 1 0 0 1 1 0 0 1 1 0 0 0 0 2 0 1 1 0 3 1 0 0 2 0 0 0 2 2 0
0 0 1 1 0 0 1 1 1 1 0 0 0 0 0 2 1 1 0 1 3 0 0 2 0 0 0 2 2 0

0 0 0 0 0 0 0 0 0 0 0 0 0 0 0 0 -1 0 0 0 0 0 0 1 0 0 0 0 0 0
0 0 1 0 0 0 -1 1 0 0 0 0 0 0 0 0 0 0 0 0 0 0 0 0 0 0 0 0 0 0
0 0 0 0 1 0 0 0 0 1 0 0 0 0 0 0 -1 0 0 0 0 0 0 0 0 0 0 0 0 0
0 0 0 0 0 0 0 1 0 0 0 0 0 0 0 0 0 0 0 0 0 0 0 0 0 0 0 0 0 0
0 0 0 0 0 0 -1 1 0 1 0 0 0 0 0 0 0 0 0 0 0 0 0 0 0 0 0 0 0 0
0 0 0 0 0 0 0 0 0 0 -1 1 0 0 0 0 0 0 0 0 0 0 0 0 1 0 0 0 0 0
0 0 0 0 0 0 0 0 0 0 -1 0 0 0 0 0 0 0 0 0 0 0 0 0 1 0 1 0 0 0
0 0 0 0 0 0 1 -1 0 0 0 0 0 0 0 0 0 0 0 0 0 0 0 0 0 0 0 0 0 0
0 0 0 0 0 0 0 0 0 0 1 -1 0 0 0 0 0 0 0 0 0 0 0 0 -1 0 1 0 0 0
0 0 -1 0 0 0 0 -1 0 -1 0 0 0 0 0 0 0 0 0 0 1 0 0 0 0 0 0 0 0 0
0 0 0 0 0 0 0 0 0 0 1 -1 0 0 0 0 0 0 0 0 0 0 0 0 0 0 0 0 0 0
0 0 0 0 -1 1 0 0 0 -1 0 0 0 0 0 0 1 0 0 0 0 0 0 0 0 0 0 0 0 0
0 0 -1 1 0 0 1 -1 0 0 0 0 0 0 0 0 0 0 0 0 0 0 0 0 0 0 0 0 0 0
0 0 0 0 0 0 0 0 0 0 1 -1 -1 1 0 0 0 0 0 0 0 0 0 0 0 0 0 0 0 0
-1 0 0 0 -1 0 0 0 0 -1 0 0 0 0 1 0 1 0 0 0 0 0 0 0 0 0 0 0 0 0
0 0 -1 0 0 0 0 -1 0 0 0 0 0 0 0 1 0 0 0 0 0 0 0 0 0 0 0 0 0 0
-1 1 0 0 0 0 0 0 0 -1 0 0 0 0 0 0 1 0 0 0 0 0 0 0 0 0 0 0 0 0
0 0 0 0 0 0 1 -1 0 -1 0 0 0 0 0 0 0 1 0 0 0 0 0 0 0 0 0 0 0 0
0 0 0 0 0 0 0 0 0 0 0 -1 -1 0 0 0 0 0 1 0 0 0 0 0 0 0 0 0 0 0
-1 0 -1 0 -1 0 1 -2 0 -2 0 0 0 0 0 0 0 0 0 1 1 0 0 0 0 0 0 0 0 0
0 0 -2 0 0 0 1 -3 0 -1 0 0 0 0 0 0 -1 0 0 0 2 0 0 0 0 0 0 0 0 0
0 0 0 0 0 0 0 0 0 0 0 -1 -1 0 0 0 0 0 0 0 0 1 0 0 -1 0 1 0 0 0
0 0 0 0 0 0 0 0 0 0 0 -2 -2 0 0 0 0 0 0 0 0 0 1 0 1 0 1 0 0 0
-1 0 -1 0 -1 0 1 -2 0 -2 0 0 0 0 0 0 0 0 0 0 0 0 0 2 0 0 0 0 0 0
0 0 0 0 0 0 1 -1 1 0 0 0 0 0 0 0 -1 0 0 0 0 0 0 0 0 0 0 0 0 0
0 0 0 0 0 0 0 0 0 0 0 -1 -1 0 0 0 0 0 0 0 0 0 0 0 1 1 0 0 0 0
0 0 0 0 0 0 0 0 0 0 0 -1 -1 0 0 0 0 0 0 0 0 0 0 0 0 0 2 0 0 0
-1 0 -1 0 0 0 1 -1 0 -1 0 0 0 0 0 0 0 0 0 0 0 0 0 0 0 0 0 1 0 0
0 0 0 0 -1 0 0 -1 0 -1 0 0 0 0 0 0 0 0 0 0 0 0 0 0 0 0 0 0 1 0
0 0 0 0 0 0 0 0 0 0 0 -1 -1 0 0 0 0 0 0 0 0 0 0 0 0 0 0 0 0 1

1 0 0 0 0 0 0 0 0 0 0 0 0 0 0 0 0 0 0 0 0 0 0 0 0 0 0 0 0
0 1 0 0 0 0 0 0 0 0 0 0 0 0 0 0 0 0 0 0 0 0 0 0 0 0 0 0 0
0 0 1 0 0 0 0 0 0 0 0 0 0 0 0 0 0 0 0 0 0 0 0 0 0 0 0 0 0
0 0 0 1 0 0 0 0 0 0 0 0 0 0 0 0 0 0 0 0 0 0 0 0 0 0 0 0 0
0 0 0 0 1 0 0 0 0 0 0 0 0 0 0 0 0 0 0 0 0 0 0 0 0 0 0 0 0
0 0 0 0 0 1 0 0 0 0 0 0 0 0 0 0 0 0 0 0 0 0 0 0 0 0 0 0 0
0 0 0 0 0 0 1 0 0 0 0 0 0 0 0 0 0 0 0 0 0 0 0 0 0 0 0 0 0
0 0 0 0 0 0 0 1 0 0 0 0 0 0 0 0 0 0 0 0 0 0 0 0 0 0 0 0 0
0 0 0 0 0 0 0 0 1 0 0 0 0 0 0 0 0 0 0 0 0 0 0 0 0 0 0 0 0
0 0 0 0 0 0 0 0 0 1 0 0 0 0 0 0 0 0 0 0 0 0 0 0 0 0 0 0 0
0 0 0 0 0 0 0 0 0 0 2 0 0 0 0 0 0 0 0 0 0 0 0 0 0 0 0 0 0
0 0 0 0 0 0 0 0 0 0 0 0 0 0 0 0 0 0 0 0 0 0 0 0 0 0 0 0 0
0 0 0 0 0 0 0 0 0 0 0 0 0 0 0 0 0 0 0 0 0 0 0 0 0 0 0 0 0
0 0 0 0 0 0 0 0 0 0 0 0 0 0 0 0 0 0 0 0 0 0 0 0 0 0 0 0 0
0 0 0 0 0 0 0 0 0 0 0 0 0 0 0 0 0 0 0 0 0 0 0 0 0 0 0 0 0
0 0 0 0 0 0 0 0 0 0 0 0 0 0 0 0 0 0 0 0 0 0 0 0 0 0 0 0 0
0 0 0 0 0 0 0 0 0 0 0 0 0 0 0 0 0 0 0 0 0 0 0 0 0 0 0 0 0
0 0 0 0 0 0 0 0 0 0 0 0 0 0 0 0 0 0 0 0 0 0 0 0 0 0 0 0 0
0 0 0 0 0 0 0 0 0 0 0 0 0 0 0 0 0 0 0 0 0 0 0 0 0 0 0 0 0
0 0 0 0 0 0 0 0 0 0 0 0 0 0 0 0 0 0 0 0 0 0 0 0 0 0 0 0 0
0 0 0 0 0 0 0 0 0 0 0 0 0 0 0 0 0 0 0 0 0 0 0 0 0 0 0 0 0
0 0 0 0 0 0 0 0 0 0 0 0 0 0 0 0 0 0 0 0 0 0 0 0 0 0 0 0 0
0 0 0 0 0 0 0 0 0 0 0 0 0 0 0 0 0 0 0 0 0 0 0 0 0 0 0 0 0
0 0 0 0 0 0 0 0 0 0 0 0 0 0 0 0 0 0 0 0 0 0 0 0 0 0 0 0 0
0 0 0 0 0 0 0 0 0 0 0 0 0 0 0 0 0 0 0 0 0 0 0 0 0 0 0 0 0
0 0 0 0 0 0 0 0 0 0 0 0 0 0 0 0 0 0 0 0 0 0 0 0 0 0 0 0 0
0 0 0 0 0 0 0 0 0 0 0 0 0 0 0 0 0 0 0 0 0 0 0 0 0 0 0 0 0
0 0 0 0 0 0 0 0 0 0 0 0 0 0 0 0 0 0 0 0 0 0 0 0 0 0 0 0 0
0 0 0 0 0 0 0 0 0 0 0 0 0 0 0 0 0 0 0 0 0 0 0 0 0 0 0 0 0
0 0 0 0 0 0 0 0 0 0 0 0 0 0 0 0 0 0 0 0 0 0 0 0 0 0 0 0 0

1 -1 -1 -1 0 0 0 0 0 0 0 -1 0 0 0 -1 -1 0 0 0 0 0 -1 0 0 0 0 -1 0
0 0 -1 0 -1 0 0 0 0 0 0 -1 0 0 0 -1 -1 -1 0 0 0 -1 0 0 0 0 0 0 -1
0 -1 0 -1 0 0 0 0 0 0 0 -1 -1 0 0 -1 -1 0 0 0 0 0 -1 0 0 0 0 -1 0
0 -1 -1 0 -1 0 0 0 0 0 0 -1 -1 0 0 -1 -1 -1 0 0 0 -1 0 0 0 0 0 0 -1
0 -1 -1 -1 0 0 0 0 0 0 0 -2 -1 0 0 -1 -2 0 0 -1 0 -1 -1 0 0 0 0 -1 -1
0 0 0 0 0 1 -1 0 0 0 0 0 0 -1 -1 0 0 0 -1 0 0 0 0 -1 -2 1 -1 0 0
0 0 0 0 0 0 0 0 0 0 -1 0 0 -1 -1 0 0 0 -1 0 0 0 0 -1 -2 1 -1 0 0
0 0 0 0 0 0 0 0 0 0 0 0 0 0 0 1 0 0 0 0 0 0 0 0 0 0 0 0 0
0 1 1 0 1 0 0 0 0 0 0 0 0 0 0 1 0 2 0 0 0 0 0 0 0 0 0 0 0
0 0 0 0 0 0 0 0 0 0 0 0 0 0 0 0 0 0 0 1 0 0 0 0 0 0 0 0 0
0 0 0 0 0 0 1 0 0 0 1 0 0 1 1 0 0 0 0 0 0 0 0 2 0 0 0 0 0
0 0 0 0 0 0 0 0 0 0 0 1 0 0 0 0 0 0 0 0 0 0 0 0 0 0 0 0 0
0 1 0 1 0 0 0 0 0 0 0 1 2 0 0 0 0 0 0 0 0 0 0 0 0 0 0 0 0
0 0 0 0 0 0 0 0 0 0 0 0 0 1 0 0 0 0 0 0 0 0 0 0 0 0 0 0 0
0 0 0 0 0 0 0 0 0 0 0 0 0 0 1 0 0 0 0 0 0 0 0 0 0 0 0 0 0
0 0 0 0 0 0 0 1 0 0 0 0 0 0 0 0 1 0 0 0 -2 2 0 0 0 0 0 0 0
0 0 0 0 0 0 0 0 0 0 0 0 0 0 0 0 1 0 0 0 0 0 0 0 0 0 0 0 0
0 0 0 0 0 0 0 0 1 0 -1 0 0 0 0 0 0 0 1 0 0 0 0 0 2 -2 0 0 0
0 0 0 0 0 0 0 0 0 0 0 0 0 0 0 0 0 0 1 0 0 0 0 0 0 0 0 0 0
0 0 0 0 0 0 0 0 0 1 0 0 0 0 0 0 0 0 0 0 1 -1 1 0 0 0 0 0 0
0 0 0 0 0 0 0 0 0 0 0 0 0 0 0 0 0 0 0 0 1 0 0 0 0 0 0 0 0
0 0 0 0 0 0 0 0 0 0 0 0 0 0 0 0 0 0 0 0 0 1 0 0 0 0 0 0 0
0 0 0 0 0 0 0 0 0 0 0 0 0 0 0 0 0 0 0 0 0 0 1 0 0 0 0 0 0
0 0 0 0 0 0 0 0 0 0 1 0 0 0 0 0 0 0 0 0 0 0 0 0 1 -1 1 0 0
0 0 0 0 0 0 0 0 0 0 0 0 0 0 0 0 0 0 0 0 0 0 0 0 1 0 0 0 0
0 0 0 0 0 0 0 0 0 0 0 0 0 0 0 0 0 0 0 0 0 0 0 0 0 1 0 0 0
0 0 0 0 0 0 0 0 0 0 0 0 0 0 0 0 0 0 0 0 0 0 0 0 0 0 1 0 0
0 1 1 1 0 0 0 0 0 0 0 1 0 0 0 1 1 0 0 0 0 0 0 0 0 0 0 2 0
0 0 1 0 1 0 0 0 0 0 0 1 0 0 0 1 1 0 0 0 0 0 0 0 0 0 0 0 2
