GM:(0,0,0)  R:(1/2,1/2,-1/2)  S:(0,1/2,-1/2)  T:(1/2,0,-1)  Y:(0,0,-1)  Z:(1/2,0,0)
GM:(0,0,0)  R:(1/2,1/2,-1/2)  S:(0,1/2,-1/2)  T:(1/2,0,-1)  Y:(0,0,-1)  Z:(1/2,0,0)
GM1  GM2  GM3  GM4  GM5  R1R1  R2R2  R3R4  S1S1  S2S2  S3S4  T1  T2T5  T3T4  Y1  Y2  Y3  Y4  Y5  Z1  Z2Z5  Z3Z4
1 1 1 1 2 2 2 2 2 2 2 2 2 2 1 1 1 1 2 2 2 2
8a (2,2) A 4 1,8a (2,2) B 4 1,8a (2,2) 1E 4 1,8a (2,2) 2E 4 1,8b (2',1) A 4 1,8b (2',1) A 4 1,8c (m,m) A' 4 1,8c (m,m) A'' 4 1,8c (m,m) 1E 4 1,8c (m,m) 2E 4 1
2 2 0 0 0 1 1 0 1 1 0 2 0 0 2 2 0 0 0 2 0 0
0 0 2 2 0 1 1 0 1 1 0 2 0 0 0 0 2 2 0 2 0 0
0 0 0 0 2 0 0 2 0 0 2 0 1 1 0 0 0 0 2 0 1 1
0 0 0 0 2 0 0 2 0 0 2 0 1 1 0 0 0 0 2 0 1 1
1 1 1 1 0 1 1 0 1 1 0 2 0 0 1 1 1 1 0 2 0 0
0 0 0 0 2 0 0 2 0 0 2 0 1 1 0 0 0 0 2 0 1 1
2 0 0 2 0 1 1 0 2 0 0 2 0 0 2 0 0 2 0 2 0 0
0 2 2 0 0 1 1 0 0 2 0 2 0 0 0 2 2 0 0 2 0 0
0 0 0 0 2 0 0 2 0 0 2 0 1 1 0 0 0 0 2 0 1 1
0 0 0 0 2 0 0 2 0 0 2 0 1 1 0 0 0 0 2 0 1 1

0 0 0 0 0 0 0 0 0 1 0 0 0 0 0 0 0 0 0 0 0 0
0 0 1 0 0 0 0 0 0 0 0 0 0 0 0 0 0 0 0 0 0 0
0 0 0 0 0 0 0 0 0 0 0 0 0 0 0 0 0 0 0 0 0 1
-1 0 -2 1 0 0 1 0 0 1 0 0 0 0 0 0 0 0 0 0 0 0
-1 1 -1 1 0 0 0 0 0 0 0 0 0 0 0 0 0 0 0 0 0 0
-1 0 -1 0 0 1 1 0 0 0 0 0 0 0 0 0 0 0 0 0 0 0
-1 0 -1 0 0 0 2 0 0 0 0 0 0 0 0 0 0 0 0 0 0 0
0 0 0 0 -1 0 0 1 0 0 0 0 0 0 0 0 0 0 0 0 0 0
-1 0 -1 0 0 0 0 0 1 1 0 0 0 0 0 0 0 0 0 0 0 0
-1 0 -2 1 0 0 0 0 0 2 0 0 0 0 0 0 0 0 0 0 0 0
0 0 0 0 -1 0 0 0 0 0 1 0 0 0 0 0 0 0 0 0 0 0
-1 0 -1 0 0 0 0 0 0 0 0 1 0 0 0 0 0 0 0 0 0 0
0 0 0 0 -1 0 0 0 0 0 0 0 1 0 0 0 0 0 0 0 0 1
0 0 0 0 -1 0 0 0 0 0 0 0 0 1 0 0 0 0 0 0 0 1
-1 0 0 0 0 0 0 0 0 0 0 0 0 0 1 0 0 0 0 0 0 0
-1 0 -1 1 0 0 0 0 0 0 0 0 0 0 0 1 0 0 0 0 0 0
0 0 -1 0 0 0 0 0 0 0 0 0 0 0 0 0 1 0 0 0 0 0
0 0 0 -1 0 0 0 0 0 0 0 0 0 0 0 0 0 1 0 0 0 0
0 0 0 0 -1 0 0 0 0 0 0 0 0 0 0 0 0 0 1 0 0 0
-1 0 -1 0 0 0 0 0 0 0 0 0 0 0 0 0 0 0 0 1 0 0
0 0 0 0 -1 0 0 0 0 0 0 0 0 0 0 0 0 0 0 0 1 1
0 0 0 0 -1 0 0 0 0 0 0 0 0 0 0 0 0 0 0 0 0 2

1 0 0 0 0 0 0 0 0 0
0 1 0 0 0 0 0 0 0 0
0 0 1 0 0 0 0 0 0 0
0 0 0 1 0 0 0 0 0 0
0 0 0 0 0 0 0 0 0 0
0 0 0 0 0 0 0 0 0 0
0 0 0 0 0 0 0 0 0 0
0 0 0 0 0 0 0 0 0 0
0 0 0 0 0 0 0 0 0 0
0 0 0 0 0 0 0 0 0 0
0 0 0 0 0 0 0 0 0 0
0 0 0 0 0 0 0 0 0 0
0 0 0 0 0 0 0 0 0 0
0 0 0 0 0 0 0 0 0 0
0 0 0 0 0 0 0 0 0 0
0 0 0 0 0 0 0 0 0 0
0 0 0 0 0 0 0 0 0 0
0 0 0 0 0 0 0 0 0 0
0 0 0 0 0 0 0 0 0 0
0 0 0 0 0 0 0 0 0 0
0 0 0 0 0 0 0 0 0 0
0 0 0 0 0 0 0 0 0 0

1 -1 0 0 -1 0 0 -1 0 0
0 0 0 0 -1 0 0 -1 0 0
0 0 1 0 0 -1 -1 0 -1 -1
0 0 0 0 0 0 1 0 0 0
0 1 0 0 2 0 0 0 0 0
0 0 0 0 0 1 0 0 0 0
0 0 0 1 0 0 0 1 0 0
0 0 0 0 0 0 0 1 0 0
0 0 0 0 0 0 0 0 1 0
0 0 0 0 0 0 0 0 0 1
