GM:(0,0,0)  H:(1,1,1)  N:(1/2,1/2,0)  P:(1/2,1/2,1/2)  PA:(-1/2,-1/2,-1/2)
GM:(0,0,0)  H:(1,1,1)  N:(1/2,1/2,0)  P:(1/2,1/2,1/2)  PA:(-1/2,-1/2,-1/2)
GM2GM3  GM4  GM1  GM5  GM6GM7  H2H3  H4  H1  H5  H6H7  N1N2  N3N3  N4N4  P1P3  P2P2  P5P6  P7P7  P4P4  PA1PA3  PA2PA2  PA5PA6  PA7PA7  PA4PA4
2 3 1 2 4 2 3 1 2 4 2 2 2 4 4 2 6 2 4 4 2 6 2
8a (3',3) 1E2E 8 1,8a (3',3) A1 4 1,8a (3',3) 1E2E 8 1,8a (3',3) EE 8 1,8b (3',3) 1E2E 8 1,8b (3',3) A1 4 1,8b (3',3) 1E2E 8 1,8b (3',3) EE 8 1,24d (2,2) A 2 1,24d (2,2) B 2 1,24d (2,2) 1E 2 1,24d (2,2) 2E 2 1
1 2 0 0 0 1 2 0 0 0 4 0 0 1 1 0 0 0 1 1 0 0 0
0 1 1 0 0 0 1 1 0 0 2 0 0 1 0 0 0 0 1 0 0 0 0
0 0 0 2 1 0 0 0 2 1 0 2 2 0 0 1 1 0 0 0 1 1 0
0 0 0 0 2 0 0 0 0 2 0 2 2 0 0 0 1 1 0 0 0 1 1
1 2 0 0 0 1 2 0 0 0 4 0 0 1 1 0 0 0 1 1 0 0 0
0 1 1 0 0 0 1 1 0 0 2 0 0 1 0 0 0 0 1 0 0 0 0
0 0 0 2 1 0 0 0 2 1 0 2 2 0 0 1 1 0 0 0 1 1 0
0 0 0 0 2 0 0 0 0 2 0 2 2 0 0 0 1 1 0 0 0 1 1
2 2 2 0 0 0 4 0 0 0 6 0 0 2 1 0 0 0 2 1 0 0 0
0 4 0 0 0 2 2 2 0 0 6 0 0 2 1 0 0 0 2 1 0 0 0
0 0 0 2 2 0 0 0 2 2 0 2 4 0 0 2 1 1 0 0 0 2 0
0 0 0 2 2 0 0 0 2 2 0 4 2 0 0 0 2 0 0 0 2 1 1

0 0 0 0 0 1 0 0 0 0 0 0 0 0 0 0 0 0 0 0 0 0 0
-1 0 1 0 0 1 0 0 0 0 0 0 0 0 0 0 0 0 0 0 0 0 0
0 0 0 1 0 0 0 0 0 0 0 0 0 0 0 -1 0 0 0 0 0 0 0
0 0 0 0 0 0 0 0 0 0 0 0 0 0 0 0 0 0 0 0 0 0 1
0 0 0 0 0 -1 0 0 0 0 0 0 0 0 0 0 0 0 0 1 0 0 0
0 0 0 0 -1 0 0 0 0 0 0 0 0 0 0 1 0 1 0 0 0 0 1
-1 0 -1 0 0 -1 1 0 0 0 0 0 0 0 0 0 0 0 0 0 0 0 0
1 0 -1 0 0 -1 0 1 0 0 0 0 0 0 0 0 0 0 0 0 0 0 0
0 0 0 -1 0 0 0 0 1 0 0 0 0 0 0 0 0 0 0 0 0 0 0
0 0 0 0 -1 0 0 0 0 1 0 0 0 0 0 0 0 0 0 0 0 0 0
-1 0 -2 0 0 -3 0 0 0 0 1 0 0 0 0 0 0 0 0 0 0 0 0
0 0 0 -1 -1 0 0 0 0 0 0 1 0 0 0 1 0 0 0 0 0 0 0
0 0 0 0 -1 0 0 0 0 0 0 0 1 0 0 -1 0 0 0 0 0 0 0
0 0 -1 0 0 -1 0 0 0 0 0 0 0 1 0 0 0 0 0 0 0 0 0
-1 0 0 0 0 -1 0 0 0 0 0 0 0 0 1 0 0 0 0 1 0 0 0
0 1 -1 0 0 -2 0 0 0 0 0 0 0 0 0 0 0 0 0 0 0 0 0
0 0 0 0 -1 0 0 0 0 0 0 0 0 0 0 0 1 1 0 0 0 0 0
0 0 0 1 -1 0 0 0 0 0 0 0 0 0 0 -1 0 2 0 0 0 0 0
0 0 -1 0 0 -1 0 0 0 0 0 0 0 0 0 0 0 0 1 0 0 0 0
-1 0 0 0 0 -1 0 0 0 0 0 0 0 0 0 0 0 0 0 2 0 0 0
0 0 0 -1 0 0 0 0 0 0 0 0 0 0 0 1 0 0 0 0 1 0 0
0 0 0 0 -1 0 0 0 0 0 0 0 0 0 0 0 0 0 0 0 0 1 1
0 0 0 0 -1 0 0 0 0 0 0 0 0 0 0 1 0 0 0 0 0 0 2

1 0 0 0 0 0 0 0 0 0 0 0
0 1 0 0 0 0 0 0 0 0 0 0
0 0 1 0 0 0 0 0 0 0 0 0
0 0 0 1 0 0 0 0 0 0 0 0
0 0 0 0 1 0 0 0 0 0 0 0
0 0 0 0 0 1 0 0 0 0 0 0
0 0 0 0 0 0 0 0 0 0 0 0
0 0 0 0 0 0 0 0 0 0 0 0
0 0 0 0 0 0 0 0 0 0 0 0
0 0 0 0 0 0 0 0 0 0 0 0
0 0 0 0 0 0 0 0 0 0 0 0
0 0 0 0 0 0 0 0 0 0 0 0
0 0 0 0 0 0 0 0 0 0 0 0
0 0 0 0 0 0 0 0 0 0 0 0
0 0 0 0 0 0 0 0 0 0 0 0
0 0 0 0 0 0 0 0 0 0 0 0
0 0 0 0 0 0 0 0 0 0 0 0
0 0 0 0 0 0 0 0 0 0 0 0
0 0 0 0 0 0 0 0 0 0 0 0
0 0 0 0 0 0 0 0 0 0 0 0
0 0 0 0 0 0 0 0 0 0 0 0
0 0 0 0 0 0 0 0 0 0 0 0
0 0 0 0 0 0 0 0 0 0 0 0

1 0 0 0 0 0 0 0 -1 -2 0 0
0 1 0 0 0 0 0 0 0 -2 -1 0
0 0 1 0 0 0 -1 0 0 0 0 -2
0 0 0 1 0 0 0 -1 0 0 0 -1
0 0 0 0 0 0 0 0 1 0 0 0
0 0 0 0 0 0 0 0 0 0 1 0
0 0 0 0 0 0 1 0 0 0 0 0
0 0 0 0 0 0 0 1 0 0 0 0
0 0 0 0 1 0 0 0 0 1 0 0
0 0 0 0 0 0 0 0 0 1 0 0
0 0 0 0 0 1 0 0 0 0 0 1
0 0 0 0 0 0 0 0 0 0 0 1
