GM:(0,0,0)  A:(1/2,1/2,1/2)  M:(1/2,1/2,0)  R:(0,1/2,1/2)  X:(0,1/2,0)  Z:(0,0,1/2)
GM:(0,0,0)  T:(1,0,1/2)  Y:(1,0,0)  R:(1/2,1/2,1/2)  S:(1/2,1/2,0)  Z:(0,0,1/2)
GM1  GM2  GM3GM4  GM5  (A)T3  (A)T4  (A)T1T2  (A)T5  (M)Y3Y4  (M)Y1Y1  (M)Y2Y2  (M)Y5Y5  R1R2  R3R4  (X)S1S2  (X)S3S4  Z1Z2  Z3Z3  Z4Z4  Z5Z5
1 1 2 2 1 1 2 2 2 2 2 4 2 2 2 2 2 2 2 4
2a (4',2) A 2 1,2a (4',2) BB 4 1,2a (4',2) 1E2E 4 1,4b (2,2) A 4 1,4b (2,2) B 4 1,4b (2,2) 1E 4 1,4b (2,2) 2E 4 1
1 1 0 0 1 1 0 0 1 0 0 0 1 0 1 0 1 0 0 0
0 0 2 0 0 0 2 0 0 1 1 0 2 0 2 0 0 1 1 0
0 0 0 2 0 0 0 2 0 0 0 1 0 2 0 2 0 0 0 1
2 2 0 0 0 0 2 0 0 1 1 0 2 0 2 0 2 0 0 0
0 0 2 0 2 2 0 0 2 0 0 0 2 0 2 0 0 1 1 0
0 0 0 2 0 0 0 2 0 0 0 1 0 2 0 2 0 0 0 1
0 0 0 2 0 0 0 2 0 0 0 1 0 2 0 2 0 0 0 1

0 0 0 0 1 0 0 0 0 0 0 0 0 0 0 0 0 0 0 0
0 0 0 0 0 0 0 0 0 0 0 0 0 0 0 0 0 0 1 0
0 0 0 0 0 0 0 0 0 0 0 0 0 0 0 0 0 0 0 1
0 0 -1 0 0 0 0 0 0 0 1 0 0 0 0 0 0 0 1 0
-1 1 0 0 0 0 0 0 0 0 0 0 0 0 0 0 0 0 0 0
0 0 0 0 -1 1 0 0 0 0 0 0 0 0 0 0 0 0 0 0
-1 0 -1 0 1 0 1 0 0 0 0 0 0 0 0 0 0 0 0 0
0 0 0 -1 0 0 0 1 0 0 0 0 0 0 0 0 0 0 0 0
0 0 0 0 -1 0 0 0 1 0 0 0 0 0 0 0 0 0 0 0
-1 0 -1 0 1 0 0 0 0 1 1 0 0 0 0 0 0 0 0 0
-1 0 -1 0 1 0 0 0 0 0 2 0 0 0 0 0 0 0 0 0
0 0 0 -1 0 0 0 0 0 0 0 1 0 0 0 0 0 0 0 1
-1 0 -1 0 0 0 0 0 0 0 0 0 1 0 0 0 0 0 0 0
0 0 0 -1 0 0 0 0 0 0 0 0 0 1 0 0 0 0 0 0
-1 0 -1 0 0 0 0 0 0 0 0 0 0 0 1 0 0 0 0 0
0 0 0 -1 0 0 0 0 0 0 0 0 0 0 0 1 0 0 0 0
-1 0 0 0 0 0 0 0 0 0 0 0 0 0 0 0 1 0 0 0
0 0 -1 0 0 0 0 0 0 0 0 0 0 0 0 0 0 1 1 0
0 0 -1 0 0 0 0 0 0 0 0 0 0 0 0 0 0 0 2 0
0 0 0 -1 0 0 0 0 0 0 0 0 0 0 0 0 0 0 0 2

1 0 0 0 0 0 0
0 1 0 0 0 0 0
0 0 1 0 0 0 0
0 0 0 1 0 0 0
0 0 0 0 0 0 0
0 0 0 0 0 0 0
0 0 0 0 0 0 0
0 0 0 0 0 0 0
0 0 0 0 0 0 0
0 0 0 0 0 0 0
0 0 0 0 0 0 0
0 0 0 0 0 0 0
0 0 0 0 0 0 0
0 0 0 0 0 0 0
0 0 0 0 0 0 0
0 0 0 0 0 0 0
0 0 0 0 0 0 0
0 0 0 0 0 0 0
0 0 0 0 0 0 0
0 0 0 0 0 0 0

1 0 0 0 -2 0 0
0 1 0 0 -1 0 0
0 0 1 0 0 -1 -1
0 0 0 1 1 0 0
0 0 0 0 1 0 0
0 0 0 0 0 1 0
0 0 0 0 0 0 1
