GM:(0,0,0)  M:(1/2,1/2,0)  R:(1/2,1/2,1/2)  X:(0,1/2,0)
GM:(0,0,0)  M:(1/2,1/2,0)  R:(1/2,1/2,1/2)  X:(0,1/2,0)
GM1  GM2  GM3  GM5  GM4  GM6  GM7  GM8  M1M3  M2M4  M5  M6M7  R1R1  R2R2  R3R3  R5R5  R4R4  R6R6  R7R7  R8R8  X1X3  X2X4  X5X5  X6X7
1 1 2 3 3 2 2 4 2 2 2 4 2 2 4 6 6 4 4 8 2 2 4 4
2a (43m,43m) A1 2 1,2a (43m,43m) A2 2 1,2a (43m,43m) E 4 1,2a (43m,43m) T1 6 1,2a (43m,43m) T2 6 1,2a (43m,43m) E1 4 1,2a (43m,43m) E2 4 1,2a (43m,43m) F 8 1,6b (42m,42m) A1 6 1,6b (42m,42m) A2 6 1,6b (42m,42m) B1 6 1,6b (42m,42m) B2 6 1,6b (42m,42m) E1 2 0,6b (42m,42m) E2 2 0,12d (4',2) A 2 1
2 0 0 0 0 0 0 0 1 0 0 0 1 0 0 0 0 0 0 0 1 0 0 0
0 2 0 0 0 0 0 0 0 1 0 0 0 1 0 0 0 0 0 0 0 1 0 0
0 0 2 0 0 0 0 0 1 1 0 0 0 0 1 0 0 0 0 0 1 1 0 0
0 0 0 2 0 0 0 0 0 1 2 0 0 0 0 1 0 0 0 0 0 1 1 0
0 0 0 0 2 0 0 0 1 0 2 0 0 0 0 0 1 0 0 0 1 0 1 0
0 0 0 0 0 2 0 0 0 0 0 1 0 0 0 0 0 1 0 0 0 0 0 1
0 0 0 0 0 0 2 0 0 0 0 1 0 0 0 0 0 0 1 0 0 0 0 1
0 0 0 0 0 0 0 2 0 0 0 2 0 0 0 0 0 0 0 1 0 0 0 2
2 0 2 0 0 0 0 0 1 0 2 0 0 0 0 0 1 0 0 0 2 1 0 0
0 0 0 2 0 0 0 0 1 2 0 0 0 1 1 0 0 0 0 0 0 1 1 0
0 2 2 0 0 0 0 0 0 1 2 0 0 0 0 1 0 0 0 0 1 2 0 0
0 0 0 0 2 0 0 0 2 1 0 0 1 0 1 0 0 0 0 0 1 0 1 0
0 0 0 0 0 2 0 2 0 0 0 3 0 0 0 0 0 0 1 1 0 0 0 3
0 0 0 0 0 0 2 2 0 0 0 3 0 0 0 0 0 1 0 1 0 0 0 3
1 1 2 1 1 0 0 0 1 1 4 0 0 0 0 1 1 0 0 0 2 2 1 0

0 0 0 0 0 0 0 0 0 0 0 0 1 0 0 0 0 0 0 0 0 0 0 0
0 0 0 0 0 0 0 0 0 0 0 0 0 1 0 0 0 0 0 0 0 0 0 0
0 0 0 0 0 0 0 0 0 0 0 0 0 0 1 0 0 0 0 0 0 0 0 0
0 0 0 0 0 0 0 0 0 1 0 0 0 -1 -1 0 0 0 0 0 0 0 0 0
0 0 0 0 0 0 0 0 0 -1 0 0 0 1 1 0 0 0 0 0 0 0 1 0
0 0 0 0 0 0 0 0 0 0 0 0 0 0 0 0 0 1 0 0 0 0 0 0
0 0 0 0 0 0 0 -1 0 0 0 0 0 0 0 0 0 -1 0 0 0 0 0 1
0 0 0 0 0 0 0 0 0 0 0 0 0 0 0 0 0 0 0 1 0 0 0 0
0 0 0 0 -1 0 0 0 1 -1 0 0 -1 1 0 0 0 0 0 0 0 0 1 0
0 0 0 1 0 0 0 0 0 -2 0 0 0 2 2 0 0 0 0 0 0 0 0 0
0 0 0 0 0 1 0 0 0 0 0 0 0 0 0 0 0 -2 0 0 0 0 0 0
0 0 0 0 0 -1 -1 -2 0 0 0 1 0 0 0 0 0 0 0 0 0 0 0 1
1 0 0 0 1 0 0 0 -2 0 0 0 0 0 2 0 0 0 0 0 0 0 0 0
0 1 0 1 0 0 0 0 0 -2 0 0 0 0 2 0 0 0 0 0 0 0 0 0
0 0 1 1 1 0 0 0 -2 -2 0 0 2 2 2 0 0 0 0 0 0 0 0 0
0 0 0 0 0 0 0 0 0 -1 0 0 0 1 1 1 0 0 0 0 0 0 0 0
0 0 0 0 0 0 0 0 -1 0 0 0 1 0 1 0 1 0 0 0 0 0 0 0
0 0 0 0 0 0 0 0 -2 -2 1 0 2 2 4 0 0 0 0 0 0 0 0 0
0 0 0 0 0 -1 -1 -1 0 0 0 0 0 0 0 0 0 1 1 0 0 0 0 1
0 0 0 0 0 0 0 -1 0 0 0 0 0 0 0 0 0 0 0 2 0 0 0 0
0 0 0 0 0 0 0 0 -2 -1 0 0 1 1 2 0 0 0 0 0 1 0 1 0
0 0 0 0 0 0 0 0 -1 -2 0 0 1 1 2 0 0 0 0 0 0 1 1 0
0 0 0 -1 -1 0 0 0 0 0 0 0 0 0 0 0 0 0 0 0 0 0 2 0
0 0 0 0 0 -1 -1 -2 0 0 0 0 0 0 0 0 0 0 0 0 0 0 0 2

1 0 0 0 0 0 0 0 0 0 0 0 0 0 0
0 1 0 0 0 0 0 0 0 0 0 0 0 0 0
0 0 1 0 0 0 0 0 0 0 0 0 0 0 0
0 0 0 1 0 0 0 0 0 0 0 0 0 0 0
0 0 0 0 1 0 0 0 0 0 0 0 0 0 0
0 0 0 0 0 1 0 0 0 0 0 0 0 0 0
0 0 0 0 0 0 1 0 0 0 0 0 0 0 0
0 0 0 0 0 0 0 1 0 0 0 0 0 0 0
0 0 0 0 0 0 0 0 1 0 0 0 0 0 0
0 0 0 0 0 0 0 0 0 1 0 0 0 0 0
0 0 0 0 0 0 0 0 0 0 2 0 0 0 0
0 0 0 0 0 0 0 0 0 0 0 0 0 0 0
0 0 0 0 0 0 0 0 0 0 0 0 0 0 0
0 0 0 0 0 0 0 0 0 0 0 0 0 0 0
0 0 0 0 0 0 0 0 0 0 0 0 0 0 0
0 0 0 0 0 0 0 0 0 0 0 0 0 0 0
0 0 0 0 0 0 0 0 0 0 0 0 0 0 0
0 0 0 0 0 0 0 0 0 0 0 0 0 0 0
0 0 0 0 0 0 0 0 0 0 0 0 0 0 0
0 0 0 0 0 0 0 0 0 0 0 0 0 0 0
0 0 0 0 0 0 0 0 0 0 0 0 0 0 0
0 0 0 0 0 0 0 0 0 0 0 0 0 0 0
0 0 0 0 0 0 0 0 0 0 0 0 0 0 0
0 0 0 0 0 0 0 0 0 0 0 0 0 0 0

1 0 0 0 0 0 0 0 0 0 0 -1 0 0 0
0 1 0 0 0 0 0 0 0 -1 0 0 -1 0 -1
0 0 1 0 0 0 0 0 0 -1 0 -1 -1 0 -1
0 0 0 1 0 0 0 0 0 -1 0 0 -1 0 -2
0 0 0 0 1 0 0 0 0 -1 0 -1 0 0 -1
0 0 0 0 0 1 0 0 0 0 0 0 0 -1 0
0 0 0 0 0 0 1 0 0 0 -1 0 0 -1 0
0 0 0 0 0 0 0 1 0 0 -1 0 0 -2 0
0 0 0 0 0 0 0 0 1 -1 0 1 0 0 -1
0 0 0 0 0 0 0 0 0 1 0 0 1 0 1
0 0 0 0 0 0 0 0 0 0 0 0 1 0 0
0 0 0 0 0 0 0 0 0 0 0 1 0 0 0
0 0 0 0 0 0 0 0 0 0 1 0 0 1 0
0 0 0 0 0 0 0 0 0 0 0 0 0 1 0
0 0 0 0 0 0 0 0 0 1 0 0 0 0 2
