GM:(0,0,0)  M:(1,1,1)  N:(1/2,0,1/2)  P:(1/2,1/2,1/2)  X:(1/2,1/2,0)
GM:(0,0,0)  M:(1,1,1)  N:(1/2,0,1/2)  P:(1/2,1/2,1/2)  X:(1/2,1/2,0)
GM5  GM1  GM3  GM2  GM4  GM7  GM6  M5  M1M2  M3M4  M6M7  N1  N2  N3N4  P2P3  P1P4  P6P6  P7P8  P5P5  X1X3  X2X4  X5X5
2 1 1 1 1 2 2 2 2 2 4 1 1 2 2 2 2 2 2 2 2 4
8a (4,4) 1E 4 1,8a (4,4) 2E 4 1,8a (4,4) A 4 1,8a (4,4) B 4 1,8a (4,4) 1E1 4 1,8a (4,4) 1E2 4 1,8a (4,4) 2E1 4 1,8a (4,4) 2E2 4 1,8b (222,222) A1 4 1,8b (222,222) B1 4 1,8b (222,222) B2 4 1,8b (222,222) B3 4 1,16c (1',1) A 8 0,16e (2',1) A 8 0,16e (2',1) A 8 0
2 0 0 0 0 0 0 2 0 0 0 2 2 0 2 0 0 0 0 1 1 0
2 0 0 0 0 0 0 2 0 0 0 2 2 0 0 2 0 0 0 1 1 0
0 2 2 0 0 0 0 0 1 1 0 2 2 0 1 1 0 0 0 1 1 0
0 0 0 2 2 0 0 0 1 1 0 2 2 0 1 1 0 0 0 1 1 0
0 0 0 0 0 2 0 0 0 0 1 0 0 2 0 0 1 1 0 0 0 1
0 0 0 0 0 0 2 0 0 0 1 0 0 2 0 0 0 1 1 0 0 1
0 0 0 0 0 2 0 0 0 0 1 0 0 2 0 0 0 1 1 0 0 1
0 0 0 0 0 0 2 0 0 0 1 0 0 2 0 0 1 1 0 0 0 1
0 2 0 0 2 0 0 0 1 1 0 2 2 0 1 1 0 0 0 2 0 0
0 0 2 2 0 0 0 0 1 1 0 2 2 0 1 1 0 0 0 0 2 0
2 0 0 0 0 0 0 2 0 0 0 2 2 0 1 1 0 0 0 1 1 0
2 0 0 0 0 0 0 2 0 0 0 2 2 0 1 1 0 0 0 1 1 0
2 1 1 1 1 0 0 2 1 1 0 4 4 0 2 2 0 0 0 2 2 0
2 1 1 1 1 0 0 2 1 1 0 4 4 0 2 2 0 0 0 2 2 0
0 0 0 0 0 2 2 0 0 0 2 0 0 4 0 0 1 2 1 0 0 2

0 0 -1 -1 0 0 0 0 1 0 0 0 0 0 0 0 0 0 0 0 1 0
1 0 0 0 0 0 0 0 1 0 0 0 0 0 -1 0 0 0 0 0 0 0
0 0 0 0 0 0 0 0 1 0 0 0 0 0 0 0 0 0 0 0 0 0
0 0 0 1 0 0 0 0 0 0 0 0 0 0 0 0 0 0 0 0 0 0
0 0 0 0 0 0 0 0 0 0 0 0 0 0 0 0 1 0 0 0 0 0
0 0 0 0 0 0 0 0 0 0 0 0 0 0 0 0 -1 0 0 0 0 1
0 0 0 0 0 1 0 0 0 0 0 0 0 0 0 0 -2 0 0 0 0 0
0 0 -1 -1 0 0 0 0 2 0 0 0 0 0 0 0 0 0 0 0 0 0
-1 0 0 0 0 0 0 1 0 0 0 0 0 0 0 0 0 0 0 0 0 0
0 0 0 0 0 0 0 0 -1 1 0 0 0 0 0 0 0 0 0 0 0 0
0 0 0 0 0 -1 -1 0 0 0 1 0 0 0 0 0 0 0 0 0 0 1
-1 0 0 0 0 0 0 0 -2 0 0 1 0 0 0 0 0 0 0 0 0 0
-1 0 0 0 0 0 0 0 -2 0 0 0 1 0 0 0 0 0 0 0 0 0
0 0 0 0 0 -1 -1 0 0 0 0 0 0 1 0 0 0 0 0 0 0 0
0 1 0 1 0 0 0 0 -2 0 0 0 0 0 0 0 0 0 0 0 0 0
-1 0 0 0 0 0 0 0 -2 0 0 0 0 0 1 1 0 0 0 0 0 0
0 0 1 0 1 0 0 0 -2 0 0 0 0 0 0 0 0 0 0 0 0 0
0 0 0 0 0 -1 -1 0 0 0 0 0 0 0 0 0 0 1 0 0 0 1
0 0 0 0 0 -1 -1 0 0 0 0 0 0 0 0 0 1 0 1 0 0 1
-1 0 0 0 0 0 0 0 -2 0 0 0 0 0 0 0 0 0 0 1 1 0
-1 0 -1 -1 0 0 0 0 0 0 0 0 0 0 0 0 0 0 0 0 2 0
0 0 0 0 0 -1 -1 0 0 0 0 0 0 0 0 0 0 0 0 0 0 2

1 0 0 0 0 0 0 0 0 0 0 0 0 0 0
0 1 0 0 0 0 0 0 0 0 0 0 0 0 0
0 0 1 0 0 0 0 0 0 0 0 0 0 0 0
0 0 0 1 0 0 0 0 0 0 0 0 0 0 0
0 0 0 0 1 0 0 0 0 0 0 0 0 0 0
0 0 0 0 0 1 0 0 0 0 0 0 0 0 0
0 0 0 0 0 0 2 0 0 0 0 0 0 0 0
0 0 0 0 0 0 0 2 0 0 0 0 0 0 0
0 0 0 0 0 0 0 0 0 0 0 0 0 0 0
0 0 0 0 0 0 0 0 0 0 0 0 0 0 0
0 0 0 0 0 0 0 0 0 0 0 0 0 0 0
0 0 0 0 0 0 0 0 0 0 0 0 0 0 0
0 0 0 0 0 0 0 0 0 0 0 0 0 0 0
0 0 0 0 0 0 0 0 0 0 0 0 0 0 0
0 0 0 0 0 0 0 0 0 0 0 0 0 0 0
0 0 0 0 0 0 0 0 0 0 0 0 0 0 0
0 0 0 0 0 0 0 0 0 0 0 0 0 0 0
0 0 0 0 0 0 0 0 0 0 0 0 0 0 0
0 0 0 0 0 0 0 0 0 0 0 0 0 0 0
0 0 0 0 0 0 0 0 0 0 0 0 0 0 0
0 0 0 0 0 0 0 0 0 0 0 0 0 0 0
0 0 0 0 0 0 0 0 0 0 0 0 0 0 0

1 -1 0 -1 0 0 0 -1 0 0 -1 -1 -1 -1 0
0 0 0 -1 0 0 0 0 0 0 -1 -1 -1 -1 0
0 0 1 -1 0 0 0 -1 0 -1 0 0 -1 -1 0
0 0 0 0 0 0 0 0 0 -1 0 0 -1 -1 0
0 0 0 0 1 0 0 0 -1 0 0 0 0 0 -1
0 0 0 0 0 1 -1 0 -1 0 0 0 0 0 -1
0 0 0 0 0 0 1 0 1 0 0 0 0 0 0
0 0 0 0 0 0 0 0 1 0 0 0 0 0 0
0 0 0 0 0 0 0 1 0 1 0 0 0 0 0
0 0 0 0 0 0 0 0 0 1 0 0 0 0 0
0 0 0 0 0 0 0 0 0 0 1 0 0 0 0
0 1 0 1 0 0 0 0 0 0 1 2 0 0 0
0 0 0 0 0 0 0 0 0 0 0 0 1 0 0
0 0 0 1 0 0 0 0 0 0 0 0 1 2 0
0 0 0 0 0 0 0 0 0 0 0 0 0 0 1
