GM:(0,0,0)  A:(0,0,1/2)  H:(1/3,1/3,1/2)  K:(1/3,1/3,0)  L:(1/2,0,1/2)  M:(1/2,0,0)
GM:(0,0,0)  A:(0,0,1/2)  H:(1/3,1/3,1/2)  K:(1/3,1/3,0)  L:(1/2,0,1/2)  M:(1/2,0,0)
GM1  GM2  GM3  GM5  GM4  GM6  A1A2  A3A3  A4A5  A6A6  H1H1  H2H2  H3H3  H4H4  H5H5  H6H6  K1  K2  K3  K4  K5  K6  L1L2  L3L4  M1  M2  M4  M3
1 1 2 1 1 2 2 4 2 4 2 2 2 2 2 2 1 1 1 1 1 1 2 2 1 1 1 1
2a (32,32) A1 2 1;2a (32,32) A2 2 1;2a (32,32) E 4 1;2a (32,32) 1E 2 1;2a (32,32) 2E 2 1;2a (32,32) E1 4 1;2b (6',3) 1E2E 4 1;2b (6',3) A1 2 1;2b (6',3) 1E2E 4 1;2b (6',3) E 2 1;2c (32,32) A1 2 1;2c (32,32) A2 2 1;2c (32,32) E 4 1;2c (32,32) 1E 2 1;2c (32,32) 2E 2 1;2c (32,32) E1 4 1;2d (6',3) 1E2E 4 1;2d (6',3) A1 2 1;2d (6',3) 1E2E 4 1;2d (6',3) E 2 1;2e (32,32) A1 2 1;2e (32,32) A2 2 1;2e (32,32) E 4 1;2e (32,32) 1E 2 1;2e (32,32) 2E 2 1;2e (32,32) E1 4 1;2f (6',3) 1E2E 4 1;2f (6',3) A1 2 1;2f (6',3) 1E2E 4 1;2f (6',3) E 2 1
2 0 0 0 0 0 1 0 0 0 1 0 0 0 0 0 2 0 0 0 0 0 1 0 2 0 0 0
0 2 0 0 0 0 1 0 0 0 1 0 0 0 0 0 2 0 0 0 0 0 1 0 0 2 0 0
0 0 2 0 0 0 0 1 0 0 0 1 1 0 0 0 0 2 2 0 0 0 2 0 2 2 0 0
0 0 0 2 0 0 0 0 1 0 0 0 0 1 0 0 0 0 0 2 0 0 0 1 0 0 2 0
0 0 0 0 2 0 0 0 1 0 0 0 0 1 0 0 0 0 0 2 0 0 0 1 0 0 0 2
0 0 0 0 0 2 0 0 0 1 0 0 0 0 1 1 0 0 0 0 2 2 0 2 0 0 2 2
0 0 2 0 0 0 0 1 0 0 0 1 1 0 0 0 0 2 2 0 0 0 2 0 2 2 0 0
1 1 0 0 0 0 1 0 0 0 1 0 0 0 0 0 2 0 0 0 0 0 1 0 1 1 0 0
0 0 0 0 0 2 0 0 0 1 0 0 0 0 1 1 0 0 0 0 2 2 0 2 0 0 2 2
0 0 0 1 1 0 0 0 1 0 0 0 0 1 0 0 0 0 0 2 0 0 0 1 0 0 1 1
2 0 0 0 0 0 1 0 0 0 0 1 0 0 0 0 0 2 0 0 0 0 1 0 2 0 0 0
0 2 0 0 0 0 1 0 0 0 0 1 0 0 0 0 0 2 0 0 0 0 1 0 0 2 0 0
0 0 2 0 0 0 0 1 0 0 1 0 1 0 0 0 2 0 2 0 0 0 2 0 2 2 0 0
0 0 0 2 0 0 0 0 1 0 0 0 0 0 1 0 0 0 0 0 2 0 0 1 0 0 2 0
0 0 0 0 2 0 0 0 1 0 0 0 0 0 1 0 0 0 0 0 2 0 0 1 0 0 0 2
0 0 0 0 0 2 0 0 0 1 0 0 0 1 0 1 0 0 0 2 0 2 0 2 0 0 2 2
0 0 2 0 0 0 0 1 0 0 1 0 1 0 0 0 2 0 2 0 0 0 2 0 2 2 0 0
1 1 0 0 0 0 1 0 0 0 0 1 0 0 0 0 0 2 0 0 0 0 1 0 1 1 0 0
0 0 0 0 0 2 0 0 0 1 0 0 0 1 0 1 0 0 0 2 0 2 0 2 0 0 2 2
0 0 0 1 1 0 0 0 1 0 0 0 0 0 1 0 0 0 0 0 2 0 0 1 0 0 1 1
2 0 0 0 0 0 1 0 0 0 0 0 1 0 0 0 0 0 2 0 0 0 1 0 2 0 0 0
0 2 0 0 0 0 1 0 0 0 0 0 1 0 0 0 0 0 2 0 0 0 1 0 0 2 0 0
0 0 2 0 0 0 0 1 0 0 1 1 0 0 0 0 2 2 0 0 0 0 2 0 2 2 0 0
0 0 0 2 0 0 0 0 1 0 0 0 0 0 0 1 0 0 0 0 0 2 0 1 0 0 2 0
0 0 0 0 2 0 0 0 1 0 0 0 0 0 0 1 0 0 0 0 0 2 0 1 0 0 0 2
0 0 0 0 0 2 0 0 0 1 0 0 0 1 1 0 0 0 0 2 2 0 0 2 0 0 2 2
0 0 2 0 0 0 0 1 0 0 1 1 0 0 0 0 2 2 0 0 0 0 2 0 2 2 0 0
1 1 0 0 0 0 1 0 0 0 0 0 1 0 0 0 0 0 2 0 0 0 1 0 1 1 0 0
0 0 0 0 0 2 0 0 0 1 0 0 0 1 1 0 0 0 0 2 2 0 0 2 0 0 2 2
0 0 0 1 1 0 0 0 1 0 0 0 0 0 0 1 0 0 0 0 0 2 0 1 0 0 1 1

0 0 0 0 0 0 0 0 0 0 1 0 0 0 0 0 0 0 0 0 0 0 0 0 0 0 0 0
0 1 0 0 0 0 0 0 0 0 0 0 0 0 0 0 0 0 0 0 0 0 0 0 0 0 0 0
0 0 0 0 0 0 0 1 0 0 0 0 0 0 0 0 0 0 0 0 0 0 0 0 0 0 0 0
0 0 0 0 0 0 0 0 0 0 0 0 0 1 0 0 0 0 0 0 0 0 0 0 0 0 0 0
0 0 0 0 1 0 0 0 0 0 0 0 0 0 0 0 0 0 0 0 0 0 0 0 0 0 0 0
0 0 0 0 0 0 0 0 0 1 0 0 0 0 0 0 0 0 0 0 0 0 0 0 0 0 0 0
0 0 -1 0 0 0 0 1 0 0 0 1 0 0 0 0 0 0 0 0 0 0 0 0 0 0 0 0
0 0 0 0 0 -1 0 0 0 1 0 0 0 0 1 0 0 0 0 0 0 0 0 0 0 0 0 0
0 0 -1 0 0 0 0 1 0 0 -1 -1 0 0 0 0 0 0 0 0 0 0 1 0 0 0 0 0
0 0 0 0 0 -1 0 0 0 1 0 0 0 -1 -1 0 0 0 0 0 0 0 0 1 0 0 0 0
0 0 0 -1 -1 -1 0 0 1 0 0 0 0 0 0 0 0 0 0 0 0 0 0 1 0 0 0 0
-1 -1 -1 0 0 0 1 0 0 0 0 0 0 0 0 0 0 0 0 0 0 0 1 0 0 0 0 0
-1 -1 -2 0 0 0 0 0 0 0 1 1 1 0 0 0 0 0 0 0 0 0 1 0 0 0 0 0
0 0 0 0 0 -1 0 0 0 2 0 0 0 0 0 0 0 0 0 0 0 0 0 0 0 0 0 0
0 0 -1 0 0 0 0 2 0 0 0 0 0 0 0 0 0 0 0 0 0 0 0 0 0 0 0 0
0 0 0 -1 -1 -2 0 0 0 0 0 0 0 1 1 1 0 0 0 0 0 0 0 1 0 0 0 0
0 0 0 0 0 0 0 0 0 0 -2 0 0 0 0 0 1 0 0 0 0 0 0 0 0 0 0 0
0 0 0 0 0 0 0 0 0 0 0 -2 0 0 0 0 0 1 0 0 0 0 0 0 0 0 0 0
-1 -1 -2 0 0 0 0 0 0 0 2 2 0 0 0 0 0 0 1 0 0 0 0 0 0 0 0 0
0 0 0 0 0 0 0 0 0 0 0 0 0 -2 0 0 0 0 0 1 0 0 0 0 0 0 0 0
0 0 0 0 0 0 0 0 0 0 0 0 0 0 -2 0 0 0 0 0 1 0 0 0 0 0 0 0
0 0 0 -1 -1 -2 0 0 0 0 0 0 0 2 2 0 0 0 0 0 0 1 0 0 0 0 0 0
-1 -1 -2 0 0 0 0 0 0 0 0 0 0 0 0 0 0 0 0 0 0 0 2 0 0 0 0 0
0 0 0 -1 -1 -2 0 0 0 0 0 0 0 0 0 0 0 0 0 0 0 0 0 2 0 0 0 0
-1 0 -1 0 0 0 0 0 0 0 0 0 0 0 0 0 0 0 0 0 0 0 0 0 1 0 0 0
0 -1 -1 0 0 0 0 0 0 0 0 0 0 0 0 0 0 0 0 0 0 0 0 0 0 1 0 0
0 0 0 -1 0 -1 0 0 0 0 0 0 0 0 0 0 0 0 0 0 0 0 0 0 0 0 1 0
0 0 0 0 -1 -1 0 0 0 0 0 0 0 0 0 0 0 0 0 0 0 0 0 0 0 0 0 1

1 0 0 0 0 0 0 0 0 0 0 0 0 0 0 0 0 0 0 0 0 0 0 0 0 0 0 0 0 0
0 1 0 0 0 0 0 0 0 0 0 0 0 0 0 0 0 0 0 0 0 0 0 0 0 0 0 0 0 0
0 0 1 0 0 0 0 0 0 0 0 0 0 0 0 0 0 0 0 0 0 0 0 0 0 0 0 0 0 0
0 0 0 1 0 0 0 0 0 0 0 0 0 0 0 0 0 0 0 0 0 0 0 0 0 0 0 0 0 0
0 0 0 0 1 0 0 0 0 0 0 0 0 0 0 0 0 0 0 0 0 0 0 0 0 0 0 0 0 0
0 0 0 0 0 1 0 0 0 0 0 0 0 0 0 0 0 0 0 0 0 0 0 0 0 0 0 0 0 0
0 0 0 0 0 0 1 0 0 0 0 0 0 0 0 0 0 0 0 0 0 0 0 0 0 0 0 0 0 0
0 0 0 0 0 0 0 1 0 0 0 0 0 0 0 0 0 0 0 0 0 0 0 0 0 0 0 0 0 0
0 0 0 0 0 0 0 0 1 0 0 0 0 0 0 0 0 0 0 0 0 0 0 0 0 0 0 0 0 0
0 0 0 0 0 0 0 0 0 1 0 0 0 0 0 0 0 0 0 0 0 0 0 0 0 0 0 0 0 0
0 0 0 0 0 0 0 0 0 0 0 0 0 0 0 0 0 0 0 0 0 0 0 0 0 0 0 0 0 0
0 0 0 0 0 0 0 0 0 0 0 0 0 0 0 0 0 0 0 0 0 0 0 0 0 0 0 0 0 0
0 0 0 0 0 0 0 0 0 0 0 0 0 0 0 0 0 0 0 0 0 0 0 0 0 0 0 0 0 0
0 0 0 0 0 0 0 0 0 0 0 0 0 0 0 0 0 0 0 0 0 0 0 0 0 0 0 0 0 0
0 0 0 0 0 0 0 0 0 0 0 0 0 0 0 0 0 0 0 0 0 0 0 0 0 0 0 0 0 0
0 0 0 0 0 0 0 0 0 0 0 0 0 0 0 0 0 0 0 0 0 0 0 0 0 0 0 0 0 0
0 0 0 0 0 0 0 0 0 0 0 0 0 0 0 0 0 0 0 0 0 0 0 0 0 0 0 0 0 0
0 0 0 0 0 0 0 0 0 0 0 0 0 0 0 0 0 0 0 0 0 0 0 0 0 0 0 0 0 0
0 0 0 0 0 0 0 0 0 0 0 0 0 0 0 0 0 0 0 0 0 0 0 0 0 0 0 0 0 0
0 0 0 0 0 0 0 0 0 0 0 0 0 0 0 0 0 0 0 0 0 0 0 0 0 0 0 0 0 0
0 0 0 0 0 0 0 0 0 0 0 0 0 0 0 0 0 0 0 0 0 0 0 0 0 0 0 0 0 0
0 0 0 0 0 0 0 0 0 0 0 0 0 0 0 0 0 0 0 0 0 0 0 0 0 0 0 0 0 0
0 0 0 0 0 0 0 0 0 0 0 0 0 0 0 0 0 0 0 0 0 0 0 0 0 0 0 0 0 0
0 0 0 0 0 0 0 0 0 0 0 0 0 0 0 0 0 0 0 0 0 0 0 0 0 0 0 0 0 0
0 0 0 0 0 0 0 0 0 0 0 0 0 0 0 0 0 0 0 0 0 0 0 0 0 0 0 0 0 0
0 0 0 0 0 0 0 0 0 0 0 0 0 0 0 0 0 0 0 0 0 0 0 0 0 0 0 0 0 0
0 0 0 0 0 0 0 0 0 0 0 0 0 0 0 0 0 0 0 0 0 0 0 0 0 0 0 0 0 0
0 0 0 0 0 0 0 0 0 0 0 0 0 0 0 0 0 0 0 0 0 0 0 0 0 0 0 0 0 0

1 0 0 0 0 0 0 0 0 0 0 1 -1 0 0 0 -1 1 0 0 0 1 -1 0 0 0 -1 1 0 0
0 0 0 0 0 0 0 0 0 0 0 -1 0 -1 0 0 0 -1 0 0 0 -1 0 0 0 0 0 -1 0 0
0 0 1 0 0 0 0 0 0 0 -1 0 -1 0 0 0 -1 0 0 0 0 0 -1 0 0 0 -1 0 0 0
0 0 0 1 0 0 0 0 0 0 0 0 0 0 1 -1 0 0 -1 1 0 0 0 0 1 -1 0 0 -1 1
0 0 0 0 0 0 0 0 0 0 0 0 0 0 -1 0 0 0 0 -1 0 0 0 -1 -1 0 0 0 0 -1
0 0 0 0 0 1 0 0 0 0 0 0 0 0 0 -1 0 0 -1 0 -1 0 0 0 0 -1 0 0 -1 0
0 0 0 0 0 0 0 0 0 0 1 0 0 0 0 0 0 0 0 0 0 0 0 0 0 0 0 0 0 0
0 0 0 0 0 0 0 0 0 0 0 0 0 1 0 0 0 0 0 0 0 0 0 0 0 0 0 0 0 0
0 0 0 0 0 0 0 0 0 0 0 0 0 0 0 0 0 0 0 0 1 0 0 0 0 0 0 0 0 0
0 0 0 0 0 0 0 0 0 0 0 0 0 0 0 0 0 0 0 0 0 0 0 1 0 0 0 0 0 0
0 0 0 0 0 0 1 0 0 0 0 -1 1 0 0 0 1 -1 0 0 0 0 0 0 0 0 0 0 0 0
0 0 0 0 0 0 0 0 0 0 0 1 0 0 0 0 0 0 0 0 0 0 0 0 0 0 0 0 0 0
0 0 0 0 0 0 0 0 0 0 0 0 1 0 0 0 0 0 0 0 0 0 0 0 0 0 0 0 0 0
0 0 0 0 0 0 0 1 0 0 0 0 0 0 -1 1 0 0 1 -1 0 0 0 0 0 0 0 0 0 0
0 0 0 0 0 0 0 0 0 0 0 0 0 0 1 0 0 0 0 0 0 0 0 0 0 0 0 0 0 0
0 0 0 0 0 0 0 0 0 0 0 0 0 0 0 1 0 0 0 0 0 0 0 0 0 0 0 0 0 0
0 0 0 0 0 0 0 0 0 0 0 0 0 0 0 0 1 0 0 0 0 0 0 0 0 0 0 0 0 0
0 0 0 0 0 0 0 0 0 0 0 0 0 0 0 0 0 1 0 0 0 0 0 0 0 0 0 0 0 0
0 0 0 0 0 0 0 0 0 0 0 0 0 0 0 0 0 0 1 0 0 0 0 0 0 0 0 0 0 0
0 0 0 0 0 0 0 0 0 0 0 0 0 0 0 0 0 0 0 1 0 0 0 0 0 0 0 0 0 0
0 -1 0 0 0 0 0 0 1 0 0 0 0 -1 0 0 0 -1 0 0 0 -1 1 0 0 0 1 -2 0 0
0 0 0 0 0 0 0 0 0 0 0 0 0 0 0 0 0 0 0 0 0 1 0 0 0 0 0 0 0 0
0 0 0 0 0 0 0 0 0 0 0 0 0 0 0 0 0 0 0 0 0 0 1 0 0 0 0 0 0 0
0 0 0 0 -1 0 0 0 0 1 0 0 0 0 0 0 0 0 0 -1 0 0 0 -1 -1 1 0 0 1 -2
0 0 0 0 0 0 0 0 0 0 0 0 0 0 0 0 0 0 0 0 0 0 0 0 1 0 0 0 0 0
0 0 0 0 0 0 0 0 0 0 0 0 0 0 0 0 0 0 0 0 0 0 0 0 0 1 0 0 0 0
0 0 0 0 0 0 0 0 0 0 0 0 0 0 0 0 0 0 0 0 0 0 0 0 0 0 1 0 0 0
0 1 0 0 0 0 0 0 0 0 0 0 0 1 0 0 0 1 0 0 0 0 0 0 0 0 0 2 0 0
0 0 0 0 0 0 0 0 0 0 0 0 0 0 0 0 0 0 0 0 0 0 0 0 0 0 0 0 1 0
0 0 0 0 1 0 0 0 0 0 0 0 0 0 0 0 0 0 0 1 0 0 0 1 0 0 0 0 0 2
