GM:(0,0,0)  M:(1/2,1/2,0)  R:(1/2,1/2,1/2)  X:(0,1/2,0)
GM:(0,0,0)  M:(1/2,1/2,0)  R:(1/2,1/2,1/2)  X:(0,1/2,0)
GM2GM3  GM4  GM1  GM5  GM6GM7  M1  M2  M3  M4  M5  R1R3  R2  R5R6  R7  R4  X1  X2  X3  X4  X5
2 3 1 2 4 1 1 1 1 2 4 2 2 3 1 2 1 1 1 1
8a (3,3) 1E 8 1;8a (3,3) 2E 8 1;8a (3,3) A1 8 0;8a (3,3) 1E 8 1;8a (3,3) 2E 8 1;8a (3,3) E 8 0;12b (2',1) A 2 0;12b (2',1) A 2 0
1 2 0 0 0 2 2 2 2 0 1 2 0 0 0 4 0 0 0 0
1 2 0 0 0 2 2 2 2 0 1 2 0 0 0 4 0 0 0 0
0 2 2 0 0 2 2 2 2 0 2 0 0 0 0 4 0 0 0 0
0 0 0 2 1 0 0 0 0 4 0 0 1 2 0 0 2 2 2 2
0 0 0 2 1 0 0 0 0 4 0 0 1 2 0 0 2 2 2 2
0 0 0 0 2 0 0 0 0 4 0 0 0 2 2 0 2 2 2 2
1 3 1 0 0 3 3 3 3 0 2 2 0 0 0 6 0 0 0 0
0 0 0 2 2 0 0 0 0 6 0 0 1 3 1 0 3 3 3 3

1 0 0 0 0 0 0 0 0 0 0 0 0 0 0 0 0 0 0 0
-2 1 0 0 0 0 0 0 0 0 0 0 0 0 0 0 0 0 0 0
0 0 0 0 -1 0 0 0 0 0 0 0 0 0 0 0 0 0 0 1
0 0 0 -1 0 0 0 0 0 0 0 0 0 0 0 0 0 0 0 1
2 -1 1 0 0 0 0 0 0 0 0 0 0 0 0 0 0 0 0 0
0 -1 0 0 0 1 0 0 0 0 0 0 0 0 0 0 0 0 0 0
0 -1 0 0 0 0 1 0 0 0 0 0 0 0 0 0 0 0 0 0
0 -1 0 0 0 0 0 1 0 0 0 0 0 0 0 0 0 0 0 0
0 -1 0 0 0 0 0 0 1 0 0 0 0 0 0 0 0 0 0 0
0 0 0 -1 -2 0 0 0 0 1 0 0 0 0 0 0 0 0 0 0
1 -1 0 0 0 0 0 0 0 0 1 0 0 0 0 0 0 0 0 0
-2 0 0 0 0 0 0 0 0 0 0 1 0 0 0 0 0 0 0 0
0 0 0 -1 -1 0 0 0 0 0 0 0 1 0 0 0 0 0 0 1
0 0 0 -1 -2 0 0 0 0 0 0 0 0 1 0 0 0 0 0 1
0 0 0 0 -2 0 0 0 0 0 0 0 0 0 1 0 0 0 0 1
0 -2 0 0 0 0 0 0 0 0 0 0 0 0 0 1 0 0 0 0
0 0 0 -1 -2 0 0 0 0 0 0 0 0 0 0 0 1 0 0 1
0 0 0 -1 -2 0 0 0 0 0 0 0 0 0 0 0 0 1 0 1
0 0 0 -1 -2 0 0 0 0 0 0 0 0 0 0 0 0 0 1 1
0 0 0 -1 -2 0 0 0 0 0 0 0 0 0 0 0 0 0 0 2

1 0 0 0 0 0 0 0
0 1 0 0 0 0 0 0
0 0 1 0 0 0 0 0
0 0 0 1 0 0 0 0
0 0 0 0 0 0 0 0
0 0 0 0 0 0 0 0
0 0 0 0 0 0 0 0
0 0 0 0 0 0 0 0
0 0 0 0 0 0 0 0
0 0 0 0 0 0 0 0
0 0 0 0 0 0 0 0
0 0 0 0 0 0 0 0
0 0 0 0 0 0 0 0
0 0 0 0 0 0 0 0
0 0 0 0 0 0 0 0
0 0 0 0 0 0 0 0
0 0 0 0 0 0 0 0
0 0 0 0 0 0 0 0
0 0 0 0 0 0 0 0
0 0 0 0 0 0 0 0

1 -1 0 0 0 -1 -2 0
0 0 0 0 0 1 0 0
0 0 0 0 0 0 -1 0
0 0 1 -1 -1 0 0 -2
0 0 0 0 1 0 0 0
0 0 0 0 0 0 0 -1
0 1 0 0 0 0 2 0
0 0 0 1 0 0 0 2
