GM:(0,0,0)  A:(1/2,1/2,1/2)  M:(1/2,1/2,0)  R:(0,1/2,1/2)  X:(0,1/2,0)  Z:(0,0,1/2)
GM:(0,0,0)  A:(1/2,1/2,1/2)  M:(1/2,1/2,0)  R:(0,1/2,1/2)  X:(0,1/2,0)  Z:(0,0,1/2)
GM1  GM2  GM3  GM4  GM5  GM6  GM7  A5A5  A1A1  A2A2  A3A3  A4A4  A6A6  A7A7  M5  M1M3  M2M4  M6M7  R1R4  R2R3  R5R5  X1X3  X2X4  X5  Z1Z3  Z2Z4  Z5Z5  Z6Z7
1 1 1 1 2 2 2 4 2 2 2 2 4 4 2 2 2 4 2 2 4 2 2 2 2 2 4 4
4a (4',2) A 4 1,4a (4',2) BB 8 1,4a (4',2) 1E2E 8 1,4b (mm2,mm2) A1 4 1,4b (mm2,mm2) A2 4 1,4b (mm2,mm2) B1 4 1,4b (mm2,mm2) B2 4 1,4b (mm2,mm2) E 8 1
1 1 1 1 0 0 0 1 0 0 0 0 0 0 2 0 0 0 1 1 0 1 1 0 1 1 0 0
0 0 0 0 4 0 0 0 1 1 1 1 0 0 0 2 2 0 2 2 0 2 2 0 0 0 2 0
0 0 0 0 0 2 2 0 0 0 0 0 1 1 0 0 0 2 0 0 2 0 0 4 0 0 0 2
2 0 2 0 0 0 0 0 1 0 1 0 0 0 0 2 0 0 1 1 0 1 1 0 2 0 0 0
0 2 0 2 0 0 0 0 0 1 0 1 0 0 0 0 2 0 1 1 0 1 1 0 0 2 0 0
0 0 0 0 2 0 0 1 0 0 0 0 0 0 2 0 0 0 1 1 0 1 1 0 0 0 1 0
0 0 0 0 2 0 0 1 0 0 0 0 0 0 2 0 0 0 1 1 0 1 1 0 0 0 1 0
0 0 0 0 0 2 2 0 0 0 0 0 1 1 0 0 0 2 0 0 2 0 0 4 0 0 0 2

1 0 0 0 0 0 0 0 -2 0 0 0 0 0 0 0 0 0 0 0 0 0 0 0 0 0 1 0
-1 0 0 0 -1 0 0 0 1 0 0 0 0 0 0 0 0 0 0 0 0 0 1 0 0 0 1 0
0 0 0 0 0 0 0 0 0 0 0 0 0 1 0 0 0 0 0 0 0 0 0 0 0 0 0 0
-1 0 0 0 -1 0 0 0 2 0 0 0 0 0 0 0 0 0 0 0 0 0 1 0 0 0 0 0
-1 0 0 1 -1 0 0 0 2 0 0 0 0 0 0 0 0 0 0 0 0 0 0 0 0 0 1 0
-1 0 1 0 0 0 0 0 0 0 0 0 0 0 0 0 0 0 0 0 0 0 0 0 0 0 0 0
0 0 0 0 0 -1 1 0 0 0 0 0 0 0 0 0 0 0 0 0 0 0 0 0 0 0 0 0
-1 0 0 0 -1 0 0 1 2 0 0 0 0 0 0 0 0 0 0 0 0 0 0 0 0 0 1 0
0 1 0 -1 0 0 0 0 0 0 0 0 0 0 0 0 0 0 0 0 0 0 0 0 0 0 0 0
0 0 0 -1 -1 0 0 0 -1 1 0 0 0 0 0 0 0 0 0 0 0 0 1 0 0 0 1 0
0 0 0 0 0 0 0 0 -1 0 1 0 0 0 0 0 0 0 0 0 0 0 0 0 0 0 0 0
0 0 0 -1 -1 0 0 0 -1 0 0 1 0 0 0 0 0 0 0 0 0 0 1 0 0 0 1 0
0 0 0 0 0 -1 0 0 0 0 0 0 1 1 0 0 0 0 0 0 0 0 0 0 0 0 0 0
0 0 0 0 0 -1 0 0 0 0 0 0 0 2 0 0 0 0 0 0 0 0 0 0 0 0 0 0
-2 0 0 0 -1 0 0 0 4 0 0 0 0 0 1 0 0 0 0 0 0 0 0 0 0 0 0 0
0 0 0 0 0 0 0 0 -2 0 0 0 0 0 0 1 0 0 0 0 0 0 0 0 0 0 0 0
1 0 0 -1 0 0 0 0 -2 0 0 0 0 0 0 0 1 0 0 0 0 0 0 0 0 0 0 0
0 0 0 0 0 -1 0 0 0 0 0 0 0 0 0 0 0 1 0 0 0 0 0 0 0 0 0 0
-1 0 0 -1 -1 0 0 0 0 0 0 0 0 0 0 0 0 0 1 0 0 0 1 0 0 0 0 0
-1 0 0 -1 -1 0 0 0 0 0 0 0 0 0 0 0 0 0 0 1 0 0 1 0 0 0 0 0
0 0 0 0 0 -1 0 0 0 0 0 0 0 0 0 0 0 0 0 0 1 0 0 0 0 0 0 0
-1 0 0 -1 -1 0 0 0 0 0 0 0 0 0 0 0 0 0 0 0 0 1 1 0 0 0 0 0
-1 0 0 -1 -1 0 0 0 0 0 0 0 0 0 0 0 0 0 0 0 0 0 2 0 0 0 0 0
0 0 0 0 0 -2 0 0 0 0 0 0 0 0 0 0 0 0 0 0 0 0 0 1 0 0 0 0
-1 0 0 0 0 0 0 0 0 0 0 0 0 0 0 0 0 0 0 0 0 0 0 0 1 0 0 0
0 0 0 -1 0 0 0 0 0 0 0 0 0 0 0 0 0 0 0 0 0 0 0 0 0 1 0 0
0 0 0 0 -1 0 0 0 0 0 0 0 0 0 0 0 0 0 0 0 0 0 0 0 0 0 2 0
0 0 0 0 0 -1 0 0 0 0 0 0 0 0 0 0 0 0 0 0 0 0 0 0 0 0 0 1

1 0 0 0 0 0 0 0
0 1 0 0 0 0 0 0
0 0 1 0 0 0 0 0
0 0 0 1 0 0 0 0
0 0 0 0 1 0 0 0
0 0 0 0 0 0 0 0
0 0 0 0 0 0 0 0
0 0 0 0 0 0 0 0
0 0 0 0 0 0 0 0
0 0 0 0 0 0 0 0
0 0 0 0 0 0 0 0
0 0 0 0 0 0 0 0
0 0 0 0 0 0 0 0
0 0 0 0 0 0 0 0
0 0 0 0 0 0 0 0
0 0 0 0 0 0 0 0
0 0 0 0 0 0 0 0
0 0 0 0 0 0 0 0
0 0 0 0 0 0 0 0
0 0 0 0 0 0 0 0
0 0 0 0 0 0 0 0
0 0 0 0 0 0 0 0
0 0 0 0 0 0 0 0
0 0 0 0 0 0 0 0
0 0 0 0 0 0 0 0
0 0 0 0 0 0 0 0
0 0 0 0 0 0 0 0
0 0 0 0 0 0 0 0

1 0 0 0 -1 -2 -2 0
0 1 0 0 -1 -1 -1 0
0 0 1 0 0 0 0 -1
0 0 0 1 0 1 1 0
0 0 0 0 1 1 1 0
0 0 0 0 0 1 0 0
0 0 0 0 1 1 2 0
0 0 0 0 0 0 0 1
