GM:(0,0,0)  A:(1/2,0,1/2)  B:(0,0,1/2)  C:(1/2,1/2,0)  D:(0,1/2,1/2)  E:(1/2,1/2,1/2)  Y:(1/2,0,0)  Z:(0,1/2,0)
GM:(0,0,0)  A:(1/2,0,1/2)  B:(0,0,1/2)  C:(1/2,1/2,0)  D:(0,1/2,1/2)  E:(1/2,1/2,1/2)  Y:(1/2,0,0)  Z:(0,1/2,0)
GM1+  GM2+  GM1-  GM2-  GM3GM4  GM5GM6  A1  A2A2  B1  B2B2  C1-C1+  C2-C2+  C3C6  C4C5  D1D1  D2D2  E1E1  E2E2  Y1+  Y2+  Y1-  Y2-  Y3Y4  Y5Y6  Z1-Z1+  Z2-Z2+  Z3Z6  Z4Z5
1 1 1 1 2 2 2 4 2 4 2 2 2 2 4 4 4 4 1 1 1 1 2 2 2 2 2 2
4a (1,1) Ag 4 1;4a (1,1) Au 4 1;4a (1,1) Ag 4 1;4a (1,1) Au 4 1;4b (1',1) A 4 1;4c (1',1) A 4 1;4d (1,1) Ag 4 1;4d (1,1) Au 4 1;4d (1,1) Ag 4 1;4d (1,1) Au 4 1;4e (2,2) A 4 1;4e (2,2) B 4 1;4e (2,2) 1E 4 1;4e (2,2) 2E 4 1;4f (2,2) A 4 1;4f (2,2) B 4 1;4f (2,2) 1E 4 1;4f (2,2) 2E 4 1
2 2 0 0 0 0 2 0 2 0 1 1 0 0 1 0 1 0 2 2 0 0 0 0 1 1 0 0
0 0 2 2 0 0 2 0 2 0 1 1 0 0 1 0 1 0 0 0 2 2 0 0 1 1 0 0
0 0 0 0 2 0 0 1 0 1 0 0 1 1 0 1 0 1 0 0 0 0 2 0 0 0 1 1
0 0 0 0 0 2 0 1 0 1 0 0 1 1 0 1 0 1 0 0 0 0 0 2 0 0 1 1
1 1 1 1 0 0 2 0 2 0 1 1 0 0 1 0 1 0 1 1 1 1 0 0 1 1 0 0
1 1 1 1 0 0 2 0 2 0 1 1 0 0 1 0 1 0 1 1 1 1 0 0 1 1 0 0
2 2 0 0 0 0 2 0 2 0 1 1 0 0 1 0 1 0 0 0 2 2 0 0 1 1 0 0
0 0 2 2 0 0 2 0 2 0 1 1 0 0 1 0 1 0 2 2 0 0 0 0 1 1 0 0
0 0 0 0 2 0 0 1 0 1 0 0 1 1 0 1 0 1 0 0 0 0 0 2 0 0 1 1
0 0 0 0 0 2 0 1 0 1 0 0 1 1 0 1 0 1 0 0 0 0 2 0 0 0 1 1
2 0 2 0 0 0 2 0 2 0 2 0 0 0 1 0 1 0 2 0 2 0 0 0 2 0 0 0
0 2 0 2 0 0 2 0 2 0 0 2 0 0 1 0 1 0 0 2 0 2 0 0 0 2 0 0
0 0 0 0 1 1 0 1 0 1 0 0 1 1 0 1 0 1 0 0 0 0 1 1 0 0 1 1
0 0 0 0 1 1 0 1 0 1 0 0 1 1 0 1 0 1 0 0 0 0 1 1 0 0 1 1
2 0 2 0 0 0 2 0 2 0 0 2 0 0 1 0 1 0 0 2 0 2 0 0 2 0 0 0
0 2 0 2 0 0 2 0 2 0 2 0 0 0 1 0 1 0 2 0 2 0 0 0 0 2 0 0
0 0 0 0 1 1 0 1 0 1 0 0 1 1 0 1 0 1 0 0 0 0 1 1 0 0 1 1
0 0 0 0 1 1 0 1 0 1 0 0 1 1 0 1 0 1 0 0 0 0 1 1 0 0 1 1

0 0 0 0 0 0 0 0 0 0 0 0 0 0 0 0 0 0 0 0 0 0 0 0 0 1 0 0
-1 0 0 0 0 0 0 0 1 0 0 0 0 0 0 0 0 0 0 0 0 0 0 0 0 0 0 0
0 0 0 0 0 0 0 0 0 0 0 0 0 0 0 0 0 0 0 0 0 0 0 0 0 0 0 1
0 0 0 0 0 1 0 0 0 0 0 0 0 0 0 0 0 0 0 0 0 0 0 0 0 0 0 0
1 0 1 0 0 0 0 0 -2 0 0 0 0 0 0 0 1 0 0 0 0 0 0 0 0 1 0 0
-1 0 0 0 1 0 0 0 0 0 0 1 0 0 0 0 0 0 1 0 0 0 -1 0 0 -1 0 0
1 0 2 0 0 0 0 0 -4 0 0 1 0 0 0 0 2 0 1 0 0 0 0 0 0 1 0 0
0 0 1 0 0 0 0 0 -2 0 0 2 0 0 0 0 0 0 1 0 0 0 0 0 0 0 0 0
0 0 0 0 -1 -1 0 1 0 0 0 0 0 0 0 0 0 0 0 0 0 0 0 0 0 0 0 1
0 0 0 0 -1 -1 0 0 0 1 0 0 0 0 0 0 0 0 0 0 0 0 0 0 0 0 0 1
0 0 0 0 0 0 0 0 -1 0 1 1 0 0 0 0 0 0 0 0 0 0 0 0 0 0 0 0
0 0 0 0 0 0 1 0 -1 0 0 0 0 0 0 0 0 0 0 0 0 0 0 0 0 0 0 0
0 0 0 0 -1 -1 0 0 0 0 0 0 1 0 0 0 0 0 0 0 0 0 0 0 0 0 0 1
0 0 0 0 -1 -1 0 0 0 0 0 0 0 1 0 0 0 0 0 0 0 0 0 0 0 0 0 1
0 0 0 0 0 0 0 0 -1 0 0 0 0 0 1 0 1 0 0 0 0 0 0 0 0 0 0 0
0 0 0 0 -1 -1 0 0 0 0 0 0 0 0 0 1 0 0 0 0 0 0 0 0 0 0 0 1
0 0 0 0 0 0 0 0 -1 0 0 0 0 0 0 0 2 0 0 0 0 0 0 0 0 0 0 0
0 0 0 0 -1 -1 0 0 0 0 0 0 0 0 0 0 0 1 0 0 0 0 0 0 0 0 0 1
0 1 1 0 0 0 0 0 -1 0 0 0 0 0 0 0 0 0 0 0 0 0 0 0 0 0 0 0
0 0 0 0 0 0 0 0 1 0 0 -2 0 0 0 0 0 0 -1 1 0 0 0 0 0 0 0 0
0 0 0 0 0 0 0 0 -2 0 0 2 0 0 0 0 0 0 1 0 1 0 0 0 0 0 0 0
0 0 0 0 0 0 0 0 -1 0 0 0 0 0 0 0 0 0 1 0 0 1 0 0 0 0 0 0
1 0 0 1 0 0 0 0 -1 0 0 0 0 0 0 0 0 0 0 0 0 0 0 0 0 0 0 0
0 0 0 0 -1 -1 0 0 0 0 0 0 0 0 0 0 0 0 0 0 0 0 1 1 0 0 0 0
0 0 0 0 0 0 0 0 -1 0 0 0 0 0 0 0 0 0 0 0 0 0 0 0 1 1 0 0
1 0 1 0 0 0 0 0 -2 0 0 0 0 0 0 0 0 0 0 0 0 0 0 0 0 2 0 0
0 0 0 0 -1 -1 0 0 0 0 0 0 0 0 0 0 0 0 0 0 0 0 0 0 0 0 1 1
0 0 0 0 -1 -1 0 0 0 0 0 0 0 0 0 0 0 0 0 0 0 0 0 0 0 0 0 2

1 0 0 0 0 0 0 0 0 0 0 0 0 0 0 0 0 0
0 1 0 0 0 0 0 0 0 0 0 0 0 0 0 0 0 0
0 0 1 0 0 0 0 0 0 0 0 0 0 0 0 0 0 0
0 0 0 1 0 0 0 0 0 0 0 0 0 0 0 0 0 0
0 0 0 0 1 0 0 0 0 0 0 0 0 0 0 0 0 0
0 0 0 0 0 2 0 0 0 0 0 0 0 0 0 0 0 0
0 0 0 0 0 0 2 0 0 0 0 0 0 0 0 0 0 0
0 0 0 0 0 0 0 2 0 0 0 0 0 0 0 0 0 0
0 0 0 0 0 0 0 0 0 0 0 0 0 0 0 0 0 0
0 0 0 0 0 0 0 0 0 0 0 0 0 0 0 0 0 0
0 0 0 0 0 0 0 0 0 0 0 0 0 0 0 0 0 0
0 0 0 0 0 0 0 0 0 0 0 0 0 0 0 0 0 0
0 0 0 0 0 0 0 0 0 0 0 0 0 0 0 0 0 0
0 0 0 0 0 0 0 0 0 0 0 0 0 0 0 0 0 0
0 0 0 0 0 0 0 0 0 0 0 0 0 0 0 0 0 0
0 0 0 0 0 0 0 0 0 0 0 0 0 0 0 0 0 0
0 0 0 0 0 0 0 0 0 0 0 0 0 0 0 0 0 0
0 0 0 0 0 0 0 0 0 0 0 0 0 0 0 0 0 0
0 0 0 0 0 0 0 0 0 0 0 0 0 0 0 0 0 0
0 0 0 0 0 0 0 0 0 0 0 0 0 0 0 0 0 0
0 0 0 0 0 0 0 0 0 0 0 0 0 0 0 0 0 0
0 0 0 0 0 0 0 0 0 0 0 0 0 0 0 0 0 0
0 0 0 0 0 0 0 0 0 0 0 0 0 0 0 0 0 0
0 0 0 0 0 0 0 0 0 0 0 0 0 0 0 0 0 0
0 0 0 0 0 0 0 0 0 0 0 0 0 0 0 0 0 0
0 0 0 0 0 0 0 0 0 0 0 0 0 0 0 0 0 0
0 0 0 0 0 0 0 0 0 0 0 0 0 0 0 0 0 0
0 0 0 0 0 0 0 0 0 0 0 0 0 0 0 0 0 0

1 -1 0 0 -1 0 1 0 -1 0 -1 -1 0 0 -1 -1 0 0
0 0 0 0 0 0 0 0 -1 0 -1 -1 0 0 -1 -1 0 0
0 0 1 -1 -1 -1 1 0 0 -1 0 0 -1 -1 0 0 -1 -1
0 0 0 0 0 0 0 0 0 -1 0 0 -1 -1 0 0 -1 -1
0 1 0 0 0 0 0 0 1 0 2 0 0 0 0 0 0 0
0 0 0 0 0 0 0 0 1 0 0 0 0 0 0 0 0 0
0 0 0 0 1 0 -1 0 0 0 0 0 0 0 1 0 0 0
0 0 0 0 0 0 0 0 0 0 0 0 0 0 1 0 0 0
0 0 0 0 1 1 -1 0 0 1 0 0 0 0 0 0 0 0
0 0 0 0 0 0 0 0 0 1 0 0 0 0 0 0 0 0
0 0 0 0 0 0 1 -1 0 0 0 1 0 0 0 0 0 0
0 0 0 0 0 0 0 0 0 0 0 1 0 0 0 0 0 0
0 0 0 0 0 0 0 0 0 0 0 0 1 0 0 0 0 0
0 0 0 0 0 0 0 0 0 0 0 0 0 1 0 0 0 0
0 0 0 0 1 0 -1 1 0 0 0 0 0 0 0 1 0 0
0 0 0 0 0 0 0 0 0 0 0 0 0 0 0 1 0 0
0 0 0 0 0 0 0 0 0 0 0 0 0 0 0 0 1 0
0 0 0 1 0 0 0 0 0 0 0 0 1 1 0 0 1 2
