GM:(0,0,0)  A:(1/2,1/2,1/2)  M:(1/2,1/2,0)  R:(0,1/2,1/2)  X:(0,1/2,0)  Z:(0,0,1/2)
GM:(0,0,0)  A:(1/2,1/2,1/2)  M:(1/2,1/2,0)  R:(0,1/2,1/2)  X:(0,1/2,0)  Z:(0,0,1/2)
GM3GM4  GM1  GM2  GM6GM8  GM5GM7  A3A4  A1A1  A2A2  A6A8  A5A7  M4  M3  M1M2  M5M8  M6M7  R1R2  R4R4  R3R3  X1X2  X4  X3  Z4Z4  Z3Z3  Z1Z2  Z5Z8  Z6Z7
2 1 1 2 2 2 2 2 2 2 1 1 2 2 2 2 2 2 2 1 1 2 2 2 2 2
2a (4,4) 1E 2 1;2a (4,4) 2E 2 1;2a (4,4) A 2 1;2a (4,4) B 2 1;2a (4,4) 1E1 2 1;2a (4,4) 1E2 2 1;2a (4,4) 2E1 2 1;2a (4,4) 2E2 2 1;2b (4,4) 1E 2 1;2b (4,4) 2E 2 1;2b (4,4) A 2 1;2b (4,4) B 2 1;2b (4,4) 1E1 2 1;2b (4,4) 1E2 2 1;2b (4,4) 2E1 2 1;2b (4,4) 2E2 2 1;2c (4',2) A 2 1;2c (4',2) BB 4 0;2c (4',2) 1E2E 4 0;2d (4',2) A 2 1;2d (4',2) BB 4 0;2d (4',2) 1E2E 4 0
1 0 0 0 0 1 0 0 0 0 2 0 0 0 0 1 0 0 1 0 0 1 0 0 0 0
1 0 0 0 0 1 0 0 0 0 0 2 0 0 0 1 0 0 1 0 0 0 1 0 0 0
0 2 0 0 0 0 1 0 0 0 0 0 1 0 0 1 0 0 1 0 0 0 0 1 0 0
0 0 2 0 0 0 0 1 0 0 0 0 1 0 0 1 0 0 1 0 0 0 0 1 0 0
0 0 0 1 0 0 0 0 1 0 0 0 0 1 0 0 1 0 0 2 0 0 0 0 1 0
0 0 0 0 1 0 0 0 0 1 0 0 0 0 1 0 1 0 0 2 0 0 0 0 0 1
0 0 0 1 0 0 0 0 1 0 0 0 0 0 1 0 0 1 0 0 2 0 0 0 0 1
0 0 0 0 1 0 0 0 0 1 0 0 0 1 0 0 0 1 0 0 2 0 0 0 1 0
1 0 0 0 0 1 0 0 0 0 2 0 0 0 0 1 0 0 1 0 0 0 1 0 0 0
1 0 0 0 0 1 0 0 0 0 0 2 0 0 0 1 0 0 1 0 0 1 0 0 0 0
0 2 0 0 0 0 0 1 0 0 0 0 1 0 0 1 0 0 1 0 0 0 0 1 0 0
0 0 2 0 0 0 1 0 0 0 0 0 1 0 0 1 0 0 1 0 0 0 0 1 0 0
0 0 0 1 0 0 0 0 0 1 0 0 0 1 0 0 1 0 0 2 0 0 0 0 0 1
0 0 0 0 1 0 0 0 1 0 0 0 0 0 1 0 1 0 0 2 0 0 0 0 1 0
0 0 0 1 0 0 0 0 0 1 0 0 0 0 1 0 0 1 0 0 2 0 0 0 1 0
0 0 0 0 1 0 0 0 1 0 0 0 0 1 0 0 0 1 0 0 2 0 0 0 0 1
0 1 1 0 0 1 0 0 0 0 1 1 0 0 0 1 0 0 1 0 0 0 0 1 0 0
2 0 0 0 0 0 1 1 0 0 0 0 2 0 0 2 0 0 2 0 0 1 1 0 0 0
0 0 0 1 1 0 0 0 1 1 0 0 0 1 1 0 1 1 0 2 2 0 0 0 1 1
0 1 1 0 0 1 0 0 0 0 1 1 0 0 0 1 0 0 1 0 0 0 0 1 0 0
2 0 0 0 0 0 1 1 0 0 0 0 2 0 0 2 0 0 2 0 0 1 1 0 0 0
0 0 0 1 1 0 0 0 1 1 0 0 0 1 1 0 1 1 0 2 2 0 0 0 1 1

0 0 0 0 0 0 0 0 0 0 0 0 0 0 0 0 0 0 0 0 0 1 0 0 0 0
0 -1 -1 0 0 1 0 0 0 0 0 0 1 0 0 0 0 0 0 0 0 -1 0 1 0 0
0 0 0 0 0 0 1 0 0 0 0 0 0 0 0 0 0 0 0 0 0 0 0 0 0 0
0 0 0 0 0 0 -1 0 0 0 0 0 1 0 0 0 0 0 0 0 0 0 0 0 0 0
0 0 0 0 0 0 0 0 0 0 0 0 0 0 0 0 0 0 0 0 0 0 0 0 1 0
0 0 0 -1 0 0 0 0 0 0 0 0 0 1 1 0 0 0 0 0 0 0 0 0 0 0
0 0 0 0 0 0 0 0 0 0 0 0 0 1 1 0 -1 0 0 0 0 0 0 0 0 0
0 0 0 -1 0 0 0 0 0 0 0 0 0 2 1 0 -1 0 0 0 0 0 0 0 0 0
0 0 0 0 0 0 0 0 0 0 0 0 -1 0 0 0 0 0 0 0 0 0 0 1 0 0
0 1 1 1 0 0 0 0 0 1 -1 0 -2 -1 -1 0 0 0 0 0 0 2 0 0 0 0
0 1 2 2 0 0 2 0 0 2 -1 0 -4 -2 -2 0 0 0 0 0 0 2 0 0 0 0
0 0 1 1 0 0 2 0 0 1 0 0 -1 -2 -1 0 0 0 0 0 0 0 0 -1 1 0
0 0 1 0 0 0 2 0 0 0 0 0 -3 0 0 0 0 0 0 0 0 0 0 1 0 0
1 0 0 0 0 -1 0 0 0 0 0 0 -1 0 0 0 0 0 0 0 0 0 0 1 0 0
0 0 0 0 0 0 1 1 0 0 0 0 -1 0 0 0 0 0 0 0 0 0 0 0 0 0
0 0 0 0 0 -1 0 0 0 0 0 0 -1 0 0 1 0 0 0 0 0 0 0 0 0 0
0 0 0 1 1 0 0 0 0 0 0 0 0 -1 -1 0 0 0 0 0 0 0 0 0 0 0
0 0 0 0 0 0 0 0 0 0 0 0 0 -1 -1 0 1 1 0 0 0 0 0 0 0 0
0 0 0 0 0 -1 0 0 0 0 0 0 -1 0 0 0 0 0 1 0 0 0 0 0 0 0
0 0 0 0 0 0 0 0 0 0 0 0 0 0 0 0 -2 0 0 1 0 0 0 0 0 0
0 0 0 0 0 0 0 0 0 0 0 0 0 -2 -2 0 2 0 0 0 1 0 0 0 0 0
0 0 0 0 0 0 0 0 1 1 0 0 0 -1 -1 0 0 0 0 0 0 0 0 0 0 0
0 0 0 0 0 -1 0 0 0 0 0 0 -1 0 0 0 0 0 0 0 0 1 1 1 0 0
0 -1 -1 0 0 0 0 0 0 0 0 0 0 0 0 0 0 0 0 0 0 0 0 2 0 0
0 0 0 0 0 -2 0 0 0 0 1 1 0 0 0 0 0 0 0 0 0 0 0 0 0 0
0 0 0 0 0 0 0 0 0 0 0 0 0 -1 -1 0 0 0 0 0 0 0 0 0 1 1

1 0 0 0 0 0 0 0 0 0 0 0 0 0 0 0 0 0 0 0 0 0
0 1 0 0 0 0 0 0 0 0 0 0 0 0 0 0 0 0 0 0 0 0
0 0 1 0 0 0 0 0 0 0 0 0 0 0 0 0 0 0 0 0 0 0
0 0 0 1 0 0 0 0 0 0 0 0 0 0 0 0 0 0 0 0 0 0
0 0 0 0 1 0 0 0 0 0 0 0 0 0 0 0 0 0 0 0 0 0
0 0 0 0 0 1 0 0 0 0 0 0 0 0 0 0 0 0 0 0 0 0
0 0 0 0 0 0 1 0 0 0 0 0 0 0 0 0 0 0 0 0 0 0
0 0 0 0 0 0 0 1 0 0 0 0 0 0 0 0 0 0 0 0 0 0
0 0 0 0 0 0 0 0 1 0 0 0 0 0 0 0 0 0 0 0 0 0
0 0 0 0 0 0 0 0 0 1 0 0 0 0 0 0 0 0 0 0 0 0
0 0 0 0 0 0 0 0 0 0 2 0 0 0 0 0 0 0 0 0 0 0
0 0 0 0 0 0 0 0 0 0 0 2 0 0 0 0 0 0 0 0 0 0
0 0 0 0 0 0 0 0 0 0 0 0 2 0 0 0 0 0 0 0 0 0
0 0 0 0 0 0 0 0 0 0 0 0 0 0 0 0 0 0 0 0 0 0
0 0 0 0 0 0 0 0 0 0 0 0 0 0 0 0 0 0 0 0 0 0
0 0 0 0 0 0 0 0 0 0 0 0 0 0 0 0 0 0 0 0 0 0
0 0 0 0 0 0 0 0 0 0 0 0 0 0 0 0 0 0 0 0 0 0
0 0 0 0 0 0 0 0 0 0 0 0 0 0 0 0 0 0 0 0 0 0
0 0 0 0 0 0 0 0 0 0 0 0 0 0 0 0 0 0 0 0 0 0
0 0 0 0 0 0 0 0 0 0 0 0 0 0 0 0 0 0 0 0 0 0
0 0 0 0 0 0 0 0 0 0 0 0 0 0 0 0 0 0 0 0 0 0
0 0 0 0 0 0 0 0 0 0 0 0 0 0 0 0 0 0 0 0 0 0
0 0 0 0 0 0 0 0 0 0 0 0 0 0 0 0 0 0 0 0 0 0
0 0 0 0 0 0 0 0 0 0 0 0 0 0 0 0 0 0 0 0 0 0
0 0 0 0 0 0 0 0 0 0 0 0 0 0 0 0 0 0 0 0 0 0
0 0 0 0 0 0 0 0 0 0 0 0 0 0 0 0 0 0 0 0 0 0

1 0 0 0 0 0 0 0 0 0 0 0 0 0 0 0 -1 -1 0 0 -1 0
0 1 0 0 0 0 0 0 -1 1 -1 0 1 0 0 0 -1 -1 0 0 -1 0
0 0 1 0 0 0 0 0 0 0 0 0 0 0 -1 0 0 -1 0 0 -1 0
0 0 0 1 0 0 0 0 -1 0 0 0 1 0 -1 0 0 -1 0 0 -1 0
0 0 0 0 1 0 0 -1 -1 0 0 -1 1 -1 0 0 0 0 -1 0 0 -1
0 0 0 0 0 1 0 -1 0 0 0 0 0 -1 0 0 0 0 -1 0 0 -1
0 0 0 0 0 0 1 -1 -1 0 0 -1 1 0 0 -1 0 0 -1 0 0 -1
0 0 0 0 0 0 0 0 0 0 0 0 0 0 0 -1 0 0 -1 0 0 -1
0 0 0 0 0 0 0 0 1 -1 1 0 -1 0 0 0 1 0 0 0 0 0
0 0 0 0 0 0 0 0 0 0 0 0 0 0 0 0 1 0 0 0 0 0
0 0 0 0 0 0 0 0 1 0 0 0 -1 0 1 0 0 0 0 0 0 0
0 0 0 0 0 0 0 0 0 0 0 0 0 0 1 0 0 0 0 0 0 0
0 0 0 0 0 0 0 0 0 -1 2 -1 -1 1 0 0 0 0 0 0 0 0
0 0 0 0 0 0 0 0 0 0 0 0 0 1 0 0 0 0 0 0 0 0
0 0 0 0 0 0 0 0 1 0 0 1 -1 0 0 1 0 0 0 0 0 0
0 0 0 0 0 0 0 0 0 0 0 0 0 0 0 1 0 0 0 0 0 0
0 0 0 0 0 0 0 0 1 0 0 0 0 0 0 0 0 2 0 -1 2 0
0 0 0 0 0 0 0 0 0 0 0 0 0 0 0 0 0 1 0 0 0 0
0 0 0 0 0 0 0 0 0 0 0 0 0 0 0 0 0 0 1 0 0 0
0 0 0 0 0 0 0 0 0 0 0 0 0 0 0 0 0 0 0 1 0 0
0 0 0 0 0 0 0 0 0 0 0 0 0 0 0 0 0 0 0 0 1 0
0 0 0 0 0 0 0 1 0 0 0 0 0 0 0 0 0 0 1 0 0 2
