GM:(0,0,0)  A:(1/2,1/2,1/2)  M:(1/2,1/2,0)  R:(0,1/2,1/2)  X:(0,1/2,0)  Z:(0,0,1/2)
GM:(0,0,0)  A:(1/2,1/2,1/2)  M:(1/2,1/2,0)  R:(0,1/2,1/2)  X:(0,1/2,0)  Z:(0,0,1/2)
GM1  GM4  GM2  GM3  GM5  GM7  GM6  A1  A4  A2  A3  A5  A7  A6  M1M3  M2M4  M5  M6M7  R1R3  R2R4  R5R5  X1X4  X2X3  X5X5  Z1Z3  Z2Z4  Z5  Z6Z7
1 1 1 1 2 2 2 1 1 1 1 2 2 2 2 2 2 4 2 2 4 2 2 4 2 2 2 4
2a (42m,42m) A1 2 1;2a (42m,42m) A2 2 1;2a (42m,42m) B1 2 1;2a (42m,42m) B2 2 1;2a (42m,42m) E 4 1;2a (42m,42m) E1 4 1;2a (42m,42m) E2 4 1;2b (42m,42m) A1 2 1;2b (42m,42m) A2 2 1;2b (42m,42m) B1 2 1;2b (42m,42m) B2 2 1;2b (42m,42m) E 4 1;2b (42m,42m) E1 4 1;2b (42m,42m) E2 4 1;4c (222,222) A1 4 1;4c (222,222) B1 4 1;4c (222,222) B2 4 1;4c (222,222) B3 4 1;4d (2'2'2,2) A 4 1;4d (2'2'2,2) B 4 1;4d (2'2'2,2) 1E 4 1;4d (2'2'2,2) 2E 4 1;4e (2'/m,m) A' 4 1;4e (2'/m,m) A'' 4 1;4f (2'/m,m) A' 4 1;4f (2'/m,m) A'' 4 1
2 0 0 0 0 0 0 2 0 0 0 0 0 0 1 0 0 0 1 0 0 1 0 0 1 0 0 0
0 2 0 0 0 0 0 0 2 0 0 0 0 0 0 1 0 0 0 1 0 0 1 0 0 1 0 0
0 0 2 0 0 0 0 0 0 2 0 0 0 0 0 1 0 0 1 0 0 1 0 0 0 1 0 0
0 0 0 2 0 0 0 0 0 0 2 0 0 0 1 0 0 0 0 1 0 0 1 0 1 0 0 0
0 0 0 0 2 0 0 0 0 0 0 2 0 0 0 0 2 0 1 1 0 1 1 0 0 0 2 0
0 0 0 0 0 2 0 0 0 0 0 0 2 0 0 0 0 1 0 0 1 0 0 1 0 0 0 1
0 0 0 0 0 0 2 0 0 0 0 0 0 2 0 0 0 1 0 0 1 0 0 1 0 0 0 1
2 0 0 0 0 0 0 0 0 0 2 0 0 0 1 0 0 0 0 1 0 1 0 0 1 0 0 0
0 2 0 0 0 0 0 0 0 2 0 0 0 0 0 1 0 0 1 0 0 0 1 0 0 1 0 0
0 0 2 0 0 0 0 0 2 0 0 0 0 0 0 1 0 0 0 1 0 1 0 0 0 1 0 0
0 0 0 2 0 0 0 2 0 0 0 0 0 0 1 0 0 0 1 0 0 0 1 0 1 0 0 0
0 0 0 0 2 0 0 0 0 0 0 2 0 0 0 0 2 0 1 1 0 1 1 0 0 0 2 0
0 0 0 0 0 2 0 0 0 0 0 0 0 2 0 0 0 1 0 0 1 0 0 1 0 0 0 1
0 0 0 0 0 0 2 0 0 0 0 0 2 0 0 0 0 1 0 0 1 0 0 1 0 0 0 1
2 0 2 0 0 0 0 0 0 0 0 2 0 0 0 0 2 0 1 1 0 2 0 0 1 1 0 0
0 2 0 2 0 0 0 0 0 0 0 2 0 0 0 0 2 0 1 1 0 0 2 0 1 1 0 0
0 0 0 0 2 0 0 2 0 2 0 0 0 0 1 1 0 0 2 0 0 1 1 0 0 0 2 0
0 0 0 0 2 0 0 0 2 0 2 0 0 0 1 1 0 0 0 2 0 1 1 0 0 0 2 0
1 1 1 1 0 0 0 0 0 0 0 2 0 0 0 0 2 0 1 1 0 1 1 0 1 1 0 0
0 0 0 0 2 0 0 1 1 1 1 0 0 0 1 1 0 0 1 1 0 1 1 0 0 0 2 0
0 0 0 0 0 1 1 0 0 0 0 0 1 1 0 0 0 1 0 0 1 0 0 1 0 0 0 1
0 0 0 0 0 1 1 0 0 0 0 0 1 1 0 0 0 1 0 0 1 0 0 1 0 0 0 1
1 0 0 1 1 0 0 1 0 0 1 1 0 0 1 0 1 0 1 1 0 1 1 0 1 0 1 0
0 1 1 0 1 0 0 0 1 1 0 1 0 0 0 1 1 0 1 1 0 1 1 0 0 1 1 0
1 0 0 1 1 0 0 1 0 0 1 1 0 0 1 0 1 0 1 1 0 1 1 0 1 0 1 0
0 1 1 0 1 0 0 0 1 1 0 1 0 0 0 1 1 0 1 1 0 1 1 0 0 1 1 0

-1 0 0 -1 -1 0 0 1 -1 0 0 0 0 0 0 0 0 0 0 1 0 0 1 0 1 0 0 0
0 0 0 0 0 0 0 0 0 0 0 0 0 0 0 0 0 0 0 0 0 0 1 0 0 0 0 0
0 -1 0 0 0 0 0 0 0 0 0 0 0 0 0 1 0 0 0 0 0 0 1 0 0 0 0 0
0 0 0 1 0 0 0 0 0 0 0 0 0 0 0 0 0 0 0 0 0 0 0 0 0 0 0 0
0 0 0 0 1 0 0 0 0 0 0 0 0 0 0 0 0 0 0 0 0 0 0 0 0 0 0 0
0 0 0 0 0 0 0 0 0 0 0 0 0 0 0 0 0 0 0 0 0 0 0 0 0 0 0 1
0 0 0 0 0 0 1 0 0 0 0 0 0 0 0 0 0 0 0 0 0 0 0 0 0 0 0 0
0 -1 -1 -1 -1 0 0 0 -1 0 0 0 0 0 0 1 0 0 0 1 0 0 1 0 0 1 0 0
0 1 0 0 0 0 0 0 -1 0 0 0 0 0 0 0 0 0 0 0 0 0 0 0 0 0 0 0
1 -1 -1 1 0 0 0 -1 0 0 -1 0 0 0 0 1 0 0 0 0 0 0 0 0 0 1 0 0
2 -2 -2 2 0 -1 0 -2 0 0 -2 0 1 0 0 2 0 0 0 0 0 0 0 0 0 2 0 0
-1 0 0 -1 -1 0 0 1 0 0 1 1 0 0 0 0 0 0 0 0 0 0 0 0 0 0 0 0
1 -1 -1 1 0 0 0 -1 1 1 -1 0 0 0 0 0 0 0 0 0 0 0 0 0 0 0 0 0
0 0 0 0 0 -1 -1 0 0 0 0 0 1 1 0 0 0 0 0 0 0 0 0 0 0 0 0 0
0 -1 -1 0 0 0 0 -1 0 0 -1 0 0 0 1 1 0 0 0 0 0 0 0 0 1 1 0 0
1 -1 -1 1 0 0 0 -1 0 0 -1 0 0 0 0 2 0 0 0 0 0 0 0 0 0 0 0 0
-1 0 0 -1 -1 0 0 1 0 0 1 0 0 0 0 0 1 0 0 0 0 0 0 0 0 0 0 0
0 0 0 0 0 -1 -1 0 0 0 0 0 0 0 0 0 0 1 0 0 0 0 0 0 0 0 0 1
-1 -1 -1 -1 -1 0 0 0 0 0 0 0 0 0 0 0 0 0 1 1 0 0 0 0 1 1 0 0
-1 0 0 -1 -1 0 0 1 -1 0 0 0 0 0 0 0 0 0 0 2 0 0 0 0 0 0 0 0
0 0 0 0 0 -1 -1 0 0 0 0 0 0 0 0 0 0 0 0 0 1 0 0 0 0 0 0 1
-1 -1 -1 -1 -1 0 0 0 0 0 0 0 0 0 0 0 0 0 0 0 0 1 1 0 1 1 0 0
0 -1 0 -1 -1 0 0 0 0 0 0 0 0 0 0 0 0 0 0 0 0 0 2 0 0 0 0 0
0 0 0 0 0 -1 -1 0 0 0 0 0 0 0 0 0 0 0 0 0 0 0 0 1 0 0 0 1
-1 0 0 -1 0 0 0 0 0 0 0 0 0 0 0 0 0 0 0 0 0 0 0 0 2 0 0 0
0 -1 -1 0 0 0 0 0 0 0 0 0 0 0 0 0 0 0 0 0 0 0 0 0 0 2 0 0
0 0 0 0 -1 0 0 0 0 0 0 0 0 0 0 0 0 0 0 0 0 0 0 0 0 0 1 0
0 0 0 0 0 -1 -1 0 0 0 0 0 0 0 0 0 0 0 0 0 0 0 0 0 0 0 0 2

1 0 0 0 0 0 0 0 0 0 0 0 0 0 0 0 0 0 0 0 0 0 0 0 0 0
0 1 0 0 0 0 0 0 0 0 0 0 0 0 0 0 0 0 0 0 0 0 0 0 0 0
0 0 1 0 0 0 0 0 0 0 0 0 0 0 0 0 0 0 0 0 0 0 0 0 0 0
0 0 0 1 0 0 0 0 0 0 0 0 0 0 0 0 0 0 0 0 0 0 0 0 0 0
0 0 0 0 1 0 0 0 0 0 0 0 0 0 0 0 0 0 0 0 0 0 0 0 0 0
0 0 0 0 0 1 0 0 0 0 0 0 0 0 0 0 0 0 0 0 0 0 0 0 0 0
0 0 0 0 0 0 1 0 0 0 0 0 0 0 0 0 0 0 0 0 0 0 0 0 0 0
0 0 0 0 0 0 0 1 0 0 0 0 0 0 0 0 0 0 0 0 0 0 0 0 0 0
0 0 0 0 0 0 0 0 1 0 0 0 0 0 0 0 0 0 0 0 0 0 0 0 0 0
0 0 0 0 0 0 0 0 0 1 0 0 0 0 0 0 0 0 0 0 0 0 0 0 0 0
0 0 0 0 0 0 0 0 0 0 2 0 0 0 0 0 0 0 0 0 0 0 0 0 0 0
0 0 0 0 0 0 0 0 0 0 0 0 0 0 0 0 0 0 0 0 0 0 0 0 0 0
0 0 0 0 0 0 0 0 0 0 0 0 0 0 0 0 0 0 0 0 0 0 0 0 0 0
0 0 0 0 0 0 0 0 0 0 0 0 0 0 0 0 0 0 0 0 0 0 0 0 0 0
0 0 0 0 0 0 0 0 0 0 0 0 0 0 0 0 0 0 0 0 0 0 0 0 0 0
0 0 0 0 0 0 0 0 0 0 0 0 0 0 0 0 0 0 0 0 0 0 0 0 0 0
0 0 0 0 0 0 0 0 0 0 0 0 0 0 0 0 0 0 0 0 0 0 0 0 0 0
0 0 0 0 0 0 0 0 0 0 0 0 0 0 0 0 0 0 0 0 0 0 0 0 0 0
0 0 0 0 0 0 0 0 0 0 0 0 0 0 0 0 0 0 0 0 0 0 0 0 0 0
0 0 0 0 0 0 0 0 0 0 0 0 0 0 0 0 0 0 0 0 0 0 0 0 0 0
0 0 0 0 0 0 0 0 0 0 0 0 0 0 0 0 0 0 0 0 0 0 0 0 0 0
0 0 0 0 0 0 0 0 0 0 0 0 0 0 0 0 0 0 0 0 0 0 0 0 0 0
0 0 0 0 0 0 0 0 0 0 0 0 0 0 0 0 0 0 0 0 0 0 0 0 0 0
0 0 0 0 0 0 0 0 0 0 0 0 0 0 0 0 0 0 0 0 0 0 0 0 0 0
0 0 0 0 0 0 0 0 0 0 0 0 0 0 0 0 0 0 0 0 0 0 0 0 0 0
0 0 0 0 0 0 0 0 0 0 0 0 0 0 0 0 0 0 0 0 0 0 0 0 0 0
0 0 0 0 0 0 0 0 0 0 0 0 0 0 0 0 0 0 0 0 0 0 0 0 0 0
0 0 0 0 0 0 0 0 0 0 0 0 0 0 0 0 0 0 0 0 0 0 0 0 0 0

1 0 0 -1 0 0 0 0 -1 0 0 0 0 0 -1 0 -1 0 -1 -1 0 0 -1 0 -1 0
0 1 0 -1 -1 0 0 0 -1 0 0 0 -1 0 0 0 0 -1 -1 -1 0 0 0 -1 0 -1
0 0 1 -1 -1 0 0 0 -1 0 0 0 -1 0 0 1 -1 -1 -1 -2 0 0 0 -1 0 -1
0 0 0 0 0 0 0 0 0 0 0 0 0 0 -1 -1 0 0 -1 0 0 0 -1 0 -1 0
0 0 0 -1 0 0 0 0 -1 0 0 -1 0 0 0 0 -1 -1 -2 -2 0 0 -1 -1 -1 -1
0 0 0 0 0 1 -1 0 0 -1 1 0 0 -1 0 0 0 0 0 0 -1 -1 0 0 0 0
0 0 0 0 0 0 0 0 0 0 0 0 0 -1 0 0 0 0 0 0 -1 -1 0 0 0 0
0 0 0 0 0 0 0 1 -1 0 0 0 0 0 1 1 0 -1 0 -1 0 0 0 0 0 0
0 0 0 0 0 0 0 0 1 0 0 0 1 0 0 -1 0 1 0 1 0 0 0 0 0 0
0 0 0 0 0 0 0 0 0 0 0 0 1 0 0 0 0 0 0 0 0 0 0 0 0 0
0 0 0 0 0 0 0 0 0 0 0 0 0 0 1 0 0 0 0 0 0 0 0 0 0 0
0 0 0 0 0 0 0 0 0 0 0 1 0 0 0 0 0 0 0 0 0 0 0 0 0 0
0 0 0 0 0 0 0 0 0 1 -1 0 0 1 0 0 0 0 0 0 0 0 0 0 0 0
0 0 0 0 0 0 0 0 0 0 0 0 0 1 0 0 0 0 0 0 0 0 0 0 0 0
0 0 0 0 0 0 0 0 1 1 0 0 0 0 0 -1 1 1 0 2 0 0 0 0 0 0
0 0 0 0 0 0 0 0 0 0 0 0 0 0 0 1 0 0 0 0 0 0 0 0 0 0
0 0 0 0 0 0 0 0 0 0 0 0 0 0 0 0 1 0 0 0 0 0 0 0 0 0
0 0 0 0 0 0 0 0 0 0 0 0 0 0 0 0 0 1 0 0 0 0 0 0 0 0
0 0 0 0 0 0 0 0 0 0 0 0 0 0 0 0 0 0 1 0 0 0 0 0 0 0
0 0 0 0 0 0 0 0 1 0 0 0 0 0 0 0 0 0 1 2 0 0 0 0 0 0
0 0 0 0 0 0 0 0 0 0 0 0 0 0 0 0 0 0 0 0 1 0 0 0 0 0
0 0 0 0 0 0 1 0 0 0 0 0 0 0 0 0 0 0 0 0 1 2 0 0 0 0
0 0 0 0 0 0 0 0 0 0 0 0 0 0 0 0 0 0 0 0 0 0 1 0 0 0
0 0 0 0 0 0 0 0 0 0 0 0 0 0 0 0 0 0 0 0 0 0 0 1 0 0
0 0 0 1 0 0 0 0 0 0 0 0 0 0 0 0 0 0 1 0 0 0 1 0 2 0
0 0 0 1 1 0 0 0 0 0 0 0 0 0 0 0 0 0 1 0 0 0 0 1 0 2
