GM:(0,0,0)  R:(1/2,1/2,1/2)  S:(1/2,1/2,0)  T:(0,1/2,1/2)  U:(1/2,0,1/2)  X:(1/2,0,0)  Y:(0,1/2,0)  Z:(0,0,1/2)
GM:(0,0,0)  R:(1/2,1/2,1/2)  S:(1/2,1/2,0)  T:(0,1/2,1/2)  U:(1/2,0,1/2)  X:(1/2,0,0)  Y:(0,1/2,0)  Z:(0,0,1/2)
GM1+  GM1-  GM2+  GM2-  GM4+  GM4-  GM3+  GM3-  GM5  GM6  R1R1  R2R2  R3R3  R4R4  S1  S2  S3S4  T1T2  T3T3  T4T4  U1U2  U3U3  U4U4  X1  X2  X3  X4  Y1  Y2  Y3  Y4  Z1+Z2-  Z1-Z2+  Z3+Z4-  Z3-Z4+  Z5Z6
1 1 1 1 1 1 1 1 2 2 4 4 4 4 2 2 4 4 4 4 4 4 4 2 2 2 2 2 2 2 2 2 2 2 2 4
4a (222,222) A1 4 1,4a (222,222) B1 4 1,4a (222,222) B2 4 1,4a (222,222) B3 4 1,4a (222,222) E 8 1,4b (222,222) A1 4 1,4b (222,222) B1 4 1,4b (222,222) B2 4 1,4b (222,222) B3 4 1,4b (222,222) E 8 1,4c (2/m',2) A 4 1,4c (2/m',2) B 4 1,4c (2/m',2) 1E2E 8 1,4d (2/m',2) A 4 1,4d (2/m',2) B 4 1,4d (2/m',2) 1E2E 8 1,8e (1,1) Ag 8 1,8e (1,1) Au 8 1,8e (1,1) Ag 8 1,8e (1,1) Au 8 1
2 2 0 0 0 0 0 0 0 0 1 0 0 0 2 0 0 1 0 0 1 0 0 2 0 0 0 2 0 0 0 1 1 0 0 0
0 0 2 2 0 0 0 0 0 0 1 0 0 0 2 0 0 1 0 0 1 0 0 0 2 0 0 0 2 0 0 1 1 0 0 0
0 0 0 0 2 2 0 0 0 0 0 1 0 0 0 2 0 1 0 0 1 0 0 0 2 0 0 2 0 0 0 0 0 1 1 0
0 0 0 0 0 0 2 2 0 0 0 1 0 0 0 2 0 1 0 0 1 0 0 2 0 0 0 0 2 0 0 0 0 1 1 0
0 0 0 0 0 0 0 0 2 2 0 0 1 1 0 0 2 0 1 1 0 1 1 0 0 2 2 0 0 2 2 0 0 0 0 2
2 2 0 0 0 0 0 0 0 0 0 1 0 0 0 2 0 1 0 0 1 0 0 2 0 0 0 2 0 0 0 1 1 0 0 0
0 0 2 2 0 0 0 0 0 0 0 1 0 0 0 2 0 1 0 0 1 0 0 0 2 0 0 0 2 0 0 1 1 0 0 0
0 0 0 0 2 2 0 0 0 0 1 0 0 0 2 0 0 1 0 0 1 0 0 0 2 0 0 2 0 0 0 0 0 1 1 0
0 0 0 0 0 0 2 2 0 0 1 0 0 0 2 0 0 1 0 0 1 0 0 2 0 0 0 0 2 0 0 0 0 1 1 0
0 0 0 0 0 0 0 0 2 2 0 0 1 1 0 0 2 0 1 1 0 1 1 0 0 2 2 0 0 2 2 0 0 0 0 2
1 1 1 1 0 0 0 0 0 0 1 0 0 0 2 0 0 1 0 0 1 0 0 1 1 0 0 1 1 0 0 1 1 0 0 0
0 0 0 0 1 1 1 1 0 0 0 1 0 0 0 2 0 1 0 0 1 0 0 1 1 0 0 1 1 0 0 0 0 1 1 0
0 0 0 0 0 0 0 0 2 2 0 0 1 1 0 0 2 0 1 1 0 1 1 0 0 2 2 0 0 2 2 0 0 0 0 2
1 1 1 1 0 0 0 0 0 0 0 1 0 0 0 2 0 1 0 0 1 0 0 1 1 0 0 1 1 0 0 1 1 0 0 0
0 0 0 0 1 1 1 1 0 0 1 0 0 0 2 0 0 1 0 0 1 0 0 1 1 0 0 1 1 0 0 0 0 1 1 0
0 0 0 0 0 0 0 0 2 2 0 0 1 1 0 0 2 0 1 1 0 1 1 0 0 2 2 0 0 2 2 0 0 0 0 2
2 0 2 0 2 0 2 0 0 0 1 1 0 0 2 2 0 2 0 0 2 0 0 2 2 0 0 2 2 0 0 1 1 1 1 0
0 2 0 2 0 2 0 2 0 0 1 1 0 0 2 2 0 2 0 0 2 0 0 2 2 0 0 2 2 0 0 1 1 1 1 0
0 0 0 0 0 0 0 0 4 0 0 0 1 1 0 0 2 0 1 1 0 1 1 0 0 2 2 0 0 2 2 0 0 0 0 2
0 0 0 0 0 0 0 0 0 4 0 0 1 1 0 0 2 0 1 1 0 1 1 0 0 2 2 0 0 2 2 0 0 0 0 2

0 0 0 0 0 0 0 0 0 0 1 0 0 0 0 0 0 0 0 0 0 0 0 0 0 0 0 0 0 0 0 0 0 0 0 0
0 0 0 1 0 0 0 0 0 0 0 0 0 0 0 0 0 0 0 0 0 0 0 0 0 0 0 0 0 0 0 0 0 0 0 0
0 0 0 0 0 0 0 0 0 0 0 0 0 0 0 0 0 0 0 0 0 0 0 0 0 0 0 0 0 0 0 0 0 0 1 0
0 0 -1 1 0 0 1 0 0 0 0 0 0 0 0 0 0 0 0 0 0 0 0 0 0 0 0 0 0 0 0 0 0 0 0 0
0 0 0 0 0 0 0 0 0 0 0 0 0 0 0 0 0 0 0 0 0 0 1 0 0 0 0 0 0 0 0 0 0 0 0 0
0 0 0 0 0 0 0 0 0 0 -1 0 0 0 0 0 0 0 0 0 0 0 0 0 0 0 0 0 0 0 0 0 1 0 0 0
0 0 1 -1 0 0 0 0 0 0 0 0 0 0 0 0 0 0 0 0 0 0 0 0 0 0 0 0 0 0 0 0 0 0 0 0
0 0 0 0 0 0 0 0 0 -1 0 0 0 0 0 0 0 0 0 0 0 0 0 0 0 0 0 0 0 0 0 0 0 0 0 1
-1 1 1 -1 0 0 0 0 0 0 0 0 0 0 0 0 0 0 0 0 0 0 0 0 0 0 0 0 0 0 0 0 0 0 0 0
0 0 1 -1 0 0 -1 1 0 0 0 0 0 0 0 0 0 0 0 0 0 0 0 0 0 0 0 0 0 0 0 0 0 0 0 0
0 0 1 -1 -1 1 0 0 0 0 0 0 0 0 0 0 0 0 0 0 0 0 0 0 0 0 0 0 0 0 0 0 0 0 0 0
-1 0 1 -2 -1 0 -1 0 0 0 1 1 0 0 0 0 0 0 0 0 0 0 0 0 0 0 0 0 0 0 0 0 1 0 1 0
0 0 0 0 0 0 0 0 -1 -1 0 0 1 0 0 0 0 0 0 0 0 0 1 0 0 0 0 0 0 0 0 0 0 0 0 1
0 0 0 0 0 0 0 0 -1 -1 0 0 0 1 0 0 0 0 0 0 0 0 1 0 0 0 0 0 0 0 0 0 0 0 0 1
0 0 0 0 0 0 0 0 0 0 -2 0 0 0 1 0 0 0 0 0 0 0 0 0 0 0 0 0 0 0 0 0 0 0 0 0
-1 0 1 -2 -1 0 -1 0 0 0 2 0 0 0 0 1 0 0 0 0 0 0 0 0 0 0 0 0 0 0 0 0 0 0 0 0
0 0 0 0 0 0 0 0 -1 -1 0 0 0 0 0 0 1 0 0 0 0 0 0 0 0 0 0 0 0 0 0 0 0 0 0 1
-1 0 1 -2 -1 0 -1 0 0 0 0 0 0 0 0 0 0 1 0 0 0 0 0 0 0 0 0 0 0 0 0 0 1 0 1 0
0 0 0 0 0 0 0 0 -1 -1 0 0 0 0 0 0 0 0 1 0 0 0 1 0 0 0 0 0 0 0 0 0 0 0 0 1
0 0 0 0 0 0 0 0 -1 -1 0 0 0 0 0 0 0 0 0 1 0 0 1 0 0 0 0 0 0 0 0 0 0 0 0 1
-1 0 1 -2 -1 0 -1 0 0 0 0 0 0 0 0 0 0 0 0 0 1 0 0 0 0 0 0 0 0 0 0 0 1 0 1 0
0 0 0 0 0 0 0 0 -1 -1 0 0 0 0 0 0 0 0 0 0 0 1 1 0 0 0 0 0 0 0 0 0 0 0 0 1
0 0 0 0 0 0 0 0 -1 -1 0 0 0 0 0 0 0 0 0 0 0 0 2 0 0 0 0 0 0 0 0 0 0 0 0 1
-1 0 1 -1 0 0 -1 0 0 0 0 0 0 0 0 0 0 0 0 0 0 0 0 1 0 0 0 0 0 0 0 0 0 0 0 0
0 0 0 -1 -1 0 0 0 0 0 0 0 0 0 0 0 0 0 0 0 0 0 0 0 1 0 0 0 0 0 0 0 0 0 0 0
0 0 0 0 0 0 0 0 -1 -1 0 0 0 0 0 0 0 0 0 0 0 0 0 0 0 1 0 0 0 0 0 0 0 0 0 1
0 0 0 0 0 0 0 0 -1 -1 0 0 0 0 0 0 0 0 0 0 0 0 0 0 0 0 1 0 0 0 0 0 0 0 0 1
-1 0 1 -1 -1 0 0 0 0 0 0 0 0 0 0 0 0 0 0 0 0 0 0 0 0 0 0 1 0 0 0 0 0 0 0 0
0 0 0 -1 0 0 -1 0 0 0 0 0 0 0 0 0 0 0 0 0 0 0 0 0 0 0 0 0 1 0 0 0 0 0 0 0
0 0 0 0 0 0 0 0 -1 -1 0 0 0 0 0 0 0 0 0 0 0 0 0 0 0 0 0 0 0 1 0 0 0 0 0 1
0 0 0 0 0 0 0 0 -1 -1 0 0 0 0 0 0 0 0 0 0 0 0 0 0 0 0 0 0 0 0 1 0 0 0 0 1
-1 0 0 -1 0 0 0 0 0 0 0 0 0 0 0 0 0 0 0 0 0 0 0 0 0 0 0 0 0 0 0 1 1 0 0 0
-1 0 0 -1 0 0 0 0 0 0 0 0 0 0 0 0 0 0 0 0 0 0 0 0 0 0 0 0 0 0 0 0 2 0 0 0
0 0 1 -1 -1 0 -1 0 0 0 0 0 0 0 0 0 0 0 0 0 0 0 0 0 0 0 0 0 0 0 0 0 0 1 1 0
0 0 1 -1 -1 0 -1 0 0 0 0 0 0 0 0 0 0 0 0 0 0 0 0 0 0 0 0 0 0 0 0 0 0 0 2 0
0 0 0 0 0 0 0 0 -1 -1 0 0 0 0 0 0 0 0 0 0 0 0 0 0 0 0 0 0 0 0 0 0 0 0 0 2

1 0 0 0 0 0 0 0 0 0 0 0 0 0 0 0 0 0 0 0
0 1 0 0 0 0 0 0 0 0 0 0 0 0 0 0 0 0 0 0
0 0 1 0 0 0 0 0 0 0 0 0 0 0 0 0 0 0 0 0
0 0 0 1 0 0 0 0 0 0 0 0 0 0 0 0 0 0 0 0
0 0 0 0 1 0 0 0 0 0 0 0 0 0 0 0 0 0 0 0
0 0 0 0 0 1 0 0 0 0 0 0 0 0 0 0 0 0 0 0
0 0 0 0 0 0 2 0 0 0 0 0 0 0 0 0 0 0 0 0
0 0 0 0 0 0 0 2 0 0 0 0 0 0 0 0 0 0 0 0
0 0 0 0 0 0 0 0 0 0 0 0 0 0 0 0 0 0 0 0
0 0 0 0 0 0 0 0 0 0 0 0 0 0 0 0 0 0 0 0
0 0 0 0 0 0 0 0 0 0 0 0 0 0 0 0 0 0 0 0
0 0 0 0 0 0 0 0 0 0 0 0 0 0 0 0 0 0 0 0
0 0 0 0 0 0 0 0 0 0 0 0 0 0 0 0 0 0 0 0
0 0 0 0 0 0 0 0 0 0 0 0 0 0 0 0 0 0 0 0
0 0 0 0 0 0 0 0 0 0 0 0 0 0 0 0 0 0 0 0
0 0 0 0 0 0 0 0 0 0 0 0 0 0 0 0 0 0 0 0
0 0 0 0 0 0 0 0 0 0 0 0 0 0 0 0 0 0 0 0
0 0 0 0 0 0 0 0 0 0 0 0 0 0 0 0 0 0 0 0
0 0 0 0 0 0 0 0 0 0 0 0 0 0 0 0 0 0 0 0
0 0 0 0 0 0 0 0 0 0 0 0 0 0 0 0 0 0 0 0
0 0 0 0 0 0 0 0 0 0 0 0 0 0 0 0 0 0 0 0
0 0 0 0 0 0 0 0 0 0 0 0 0 0 0 0 0 0 0 0
0 0 0 0 0 0 0 0 0 0 0 0 0 0 0 0 0 0 0 0
0 0 0 0 0 0 0 0 0 0 0 0 0 0 0 0 0 0 0 0
0 0 0 0 0 0 0 0 0 0 0 0 0 0 0 0 0 0 0 0
0 0 0 0 0 0 0 0 0 0 0 0 0 0 0 0 0 0 0 0
0 0 0 0 0 0 0 0 0 0 0 0 0 0 0 0 0 0 0 0
0 0 0 0 0 0 0 0 0 0 0 0 0 0 0 0 0 0 0 0
0 0 0 0 0 0 0 0 0 0 0 0 0 0 0 0 0 0 0 0
0 0 0 0 0 0 0 0 0 0 0 0 0 0 0 0 0 0 0 0
0 0 0 0 0 0 0 0 0 0 0 0 0 0 0 0 0 0 0 0
0 0 0 0 0 0 0 0 0 0 0 0 0 0 0 0 0 0 0 0
0 0 0 0 0 0 0 0 0 0 0 0 0 0 0 0 0 0 0 0
0 0 0 0 0 0 0 0 0 0 0 0 0 0 0 0 0 0 0 0
0 0 0 0 0 0 0 0 0 0 0 0 0 0 0 0 0 0 0 0
0 0 0 0 0 0 0 0 0 0 0 0 0 0 0 0 0 0 0 0

1 0 0 -1 0 0 -1 0 -1 0 0 -1 0 1 -2 0 1 -1 -1 0
0 0 0 0 0 0 0 0 0 0 -1 0 0 -1 0 0 -1 -1 0 0
0 0 1 -1 0 0 -1 0 0 0 0 -1 0 0 -1 0 0 -1 -1 0
0 0 0 0 0 0 0 0 -1 0 0 -1 0 0 -1 0 0 -1 0 0
0 0 0 0 1 0 0 -1 0 -1 0 0 -1 0 0 -1 0 0 0 -2
0 -1 0 1 0 1 0 0 1 0 -1 1 0 -2 2 0 -1 0 1 0
0 0 0 0 0 0 0 0 0 0 0 0 0 0 0 0 1 0 0 0
0 0 0 0 0 0 0 0 0 0 0 0 0 0 0 0 0 0 1 0
0 0 0 0 0 0 0 0 1 0 0 0 0 0 0 0 0 0 0 0
0 0 0 0 0 0 0 0 0 1 0 0 0 0 0 0 0 0 0 0
0 0 0 0 0 0 0 0 0 0 1 0 0 0 0 0 0 0 0 0
0 0 0 0 0 0 0 0 0 0 0 1 0 0 0 0 0 0 0 0
0 0 0 0 0 0 0 0 0 0 0 0 1 0 0 0 0 0 0 0
0 1 0 0 0 0 0 0 0 0 1 0 0 2 0 0 0 0 0 0
0 0 0 1 0 0 0 0 0 0 0 1 0 0 2 0 0 0 0 0
0 0 0 0 0 0 0 0 0 0 0 0 0 0 0 1 0 0 0 0
0 0 0 0 0 0 1 0 0 0 0 0 0 0 0 0 0 1 0 0
0 0 0 0 0 0 0 0 0 0 0 0 0 0 0 0 0 1 0 0
0 0 0 0 0 0 0 1 0 0 0 0 0 0 0 0 0 0 0 1
0 0 0 0 0 0 0 0 0 0 0 0 0 0 0 0 0 0 0 1
