GM:(0,0,0)  R:(1/2,0,1/2)  S:(0,1/2,1/2)  T:(1/2,1/2,0)  W:(1/2,1/2,1/2)  X:(1,1,1)
GM:(0,0,0)  R:(1/2,0,1/2)  S:(0,1/2,1/2)  T:(1/2,1/2,0)  W:(1/2,1/2,1/2)  X:(1,1,1)
GM1  GM2  GM4  GM3  GM5  R1R1  R2R2  R3R4  S1  S2  S3S4  T1T2  T3  T4  W1W2  W3W4  X1  X2  X4  X3  X5
1 1 1 1 2 2 2 2 1 1 2 2 1 1 2 2 1 1 1 1 2
4a (mm2,mm2) A1 2 1,4a (mm2,mm2) A2 2 1,4a (mm2,mm2) B1 2 1,4a (mm2,mm2) B2 2 1,4b (m'm2',m) A' 2 1,4b (m'm2',m) A'' 2 1,4b (m'm2',m) 1E 2 1,4b (m'm2',m) 2E 2 1
2 0 0 0 0 1 0 0 2 0 0 1 0 0 1 0 2 0 0 0 0
0 2 0 0 0 0 1 0 0 2 0 1 0 0 1 0 0 2 0 0 0
0 0 2 0 0 1 0 0 0 2 0 1 0 0 1 0 0 0 2 0 0
0 0 0 2 0 0 1 0 2 0 0 1 0 0 1 0 0 0 0 2 0
1 0 1 0 0 1 0 0 1 1 0 1 0 0 1 0 1 0 1 0 0
0 1 0 1 0 0 1 0 1 1 0 1 0 0 1 0 0 1 0 1 0
0 0 0 0 1 0 0 1 0 0 1 0 1 1 0 1 0 0 0 0 1
0 0 0 0 1 0 0 1 0 0 1 0 1 1 0 1 0 0 0 0 1

0 -1 0 -1 0 0 1 0 0 0 0 0 0 0 1 0 0 0 0 0 0
0 0 0 0 0 0 1 0 0 0 0 0 0 0 0 0 0 0 0 0 0
0 0 1 0 0 0 0 0 0 0 0 0 0 0 0 0 0 0 0 0 0
0 0 0 1 0 0 0 0 0 0 0 0 0 0 0 0 0 0 0 0 0
0 0 0 0 1 0 0 0 0 0 0 0 0 0 0 0 0 0 0 0 0
-1 -1 -1 -1 0 1 1 0 0 0 0 0 0 0 1 0 0 0 0 0 0
0 -1 0 -1 0 0 2 0 0 0 0 0 0 0 0 0 0 0 0 0 0
0 0 0 0 -1 0 0 1 0 0 0 0 0 0 0 0 0 0 0 0 0
-1 0 0 -1 0 0 0 0 1 0 0 0 0 0 0 0 0 0 0 0 0
0 -1 -1 0 0 0 0 0 0 1 0 0 0 0 0 0 0 0 0 0 0
0 0 0 0 -1 0 0 0 0 0 1 0 0 0 0 0 0 0 0 0 0
-1 -1 -1 -1 0 0 0 0 0 0 0 1 0 0 1 0 0 0 0 0 0
0 0 0 0 -1 0 0 0 0 0 0 0 1 0 0 0 0 0 0 0 0
0 0 0 0 -1 0 0 0 0 0 0 0 0 1 0 0 0 0 0 0 0
-1 -1 -1 -1 0 0 0 0 0 0 0 0 0 0 2 0 0 0 0 0 0
0 0 0 0 -1 0 0 0 0 0 0 0 0 0 0 1 0 0 0 0 0
-1 0 0 0 0 0 0 0 0 0 0 0 0 0 0 0 1 0 0 0 0
0 -1 0 0 0 0 0 0 0 0 0 0 0 0 0 0 0 1 0 0 0
0 0 -1 0 0 0 0 0 0 0 0 0 0 0 0 0 0 0 1 0 0
0 0 0 -1 0 0 0 0 0 0 0 0 0 0 0 0 0 0 0 1 0
0 0 0 0 -1 0 0 0 0 0 0 0 0 0 0 0 0 0 0 0 1

1 0 0 0 0 0 0 0
0 1 0 0 0 0 0 0
0 0 1 0 0 0 0 0
0 0 0 1 0 0 0 0
0 0 0 0 1 0 0 0
0 0 0 0 0 0 0 0
0 0 0 0 0 0 0 0
0 0 0 0 0 0 0 0
0 0 0 0 0 0 0 0
0 0 0 0 0 0 0 0
0 0 0 0 0 0 0 0
0 0 0 0 0 0 0 0
0 0 0 0 0 0 0 0
0 0 0 0 0 0 0 0
0 0 0 0 0 0 0 0
0 0 0 0 0 0 0 0
0 0 0 0 0 0 0 0
0 0 0 0 0 0 0 0
0 0 0 0 0 0 0 0
0 0 0 0 0 0 0 0
0 0 0 0 0 0 0 0

1 0 -1 0 0 0 -1 0
0 1 0 -1 0 -1 0 0
0 0 0 0 0 0 -1 0
0 0 0 0 0 -1 0 0
0 0 1 0 0 0 2 0
0 0 0 1 0 2 0 0
0 0 0 0 1 0 0 -1
0 0 0 0 0 0 0 1
