GM:(0,0,0)  M:(1/2,1/2,0)  R:(1/2,1/2,1/2)  X:(0,1/2,0)
GM:(0,0,0)  M:(1/2,1/2,0)  R:(1/2,1/2,1/2)  X:(0,1/2,0)
GM3  GM1  GM2  GM4  GM5  GM8  GM6  GM7  M5  M1M4  M2M3  M6M7  R3  R1  R2  R4  R5  R8  R6  R7  X5  X1X4  X2X3  X6X7
2 1 1 3 3 4 2 2 2 2 2 4 2 1 1 3 3 4 2 2 2 2 2 4
2a (4'3m',23) 1E 2 1;2a (4'3m',23) 2E 2 1;2a (4'3m',23) A 2 1;2a (4'3m',23) T 6 1;2a (4'3m',23) 1F 4 1;2a (4'3m',23) 2F 4 1;2a (4'3m',23) E 4 1;4b (3'm',32) A1 4 1;4b (3'm',32) A2 4 1;4c (3'm',32) A1 4 1;4c (3'm',32) A2 4 1;6d (4'2m',222) A1 6 1;6d (4'2m',222) B1 6 1;12f (222,222) A1 2 1;12f (222,222) B1 2 1;12f (222,222) B2 2 1;12f (222,222) B3 2 1
1 0 0 0 0 0 0 0 1 0 0 0 1 0 0 0 0 0 0 0 1 0 0 0
1 0 0 0 0 0 0 0 1 0 0 0 1 0 0 0 0 0 0 0 1 0 0 0
0 1 1 0 0 0 0 0 1 0 0 0 0 1 1 0 0 0 0 0 1 0 0 0
0 0 0 1 1 0 0 0 1 1 1 0 0 0 0 1 1 0 0 0 1 1 1 0
0 0 0 0 0 1 0 0 0 0 0 1 0 0 0 0 0 1 0 0 0 0 0 1
0 0 0 0 0 1 0 0 0 0 0 1 0 0 0 0 0 1 0 0 0 0 0 1
0 0 0 0 0 0 1 1 0 0 0 1 0 0 0 0 0 0 1 1 0 0 0 1
0 1 0 0 1 0 0 0 1 0 1 0 0 0 1 1 0 0 0 0 1 1 0 0
0 0 1 1 0 0 0 0 1 1 0 0 0 1 0 0 1 0 0 0 1 0 1 0
0 1 0 0 1 0 0 0 1 0 1 0 0 1 0 0 1 0 0 0 1 0 1 0
0 0 1 1 0 0 0 0 1 1 0 0 0 0 1 1 0 0 0 0 1 1 0 0
2 1 1 0 0 0 0 0 1 1 1 0 0 0 0 1 1 0 0 0 3 0 0 0
0 0 0 1 1 0 0 0 3 0 0 0 2 1 1 0 0 0 0 0 1 1 1 0
2 2 0 0 2 0 0 0 2 1 3 0 0 0 0 2 2 0 0 0 4 1 1 0
2 0 2 2 0 0 0 0 2 3 1 0 0 0 0 2 2 0 0 0 4 1 1 0
0 0 0 2 2 0 0 0 4 1 1 0 2 0 2 2 0 0 0 0 2 3 1 0
0 0 0 2 2 0 0 0 4 1 1 0 2 2 0 0 2 0 0 0 2 1 3 0

0 -1 0 -1 0 0 0 0 1 0 0 0 0 0 0 0 0 0 0 0 0 0 0 0
-1 -1 2 -2 0 0 0 0 1 0 0 0 0 -1 0 0 0 0 0 0 0 0 1 0
0 0 0 1 0 0 0 0 0 0 0 0 0 0 0 0 0 0 0 0 0 0 0 0
0 0 0 0 0 1 0 0 0 0 0 0 0 0 0 0 0 0 0 0 0 0 0 0
0 0 0 0 0 0 1 0 0 0 0 0 0 0 0 0 0 0 0 0 0 0 0 0
-1 0 1 -2 0 0 0 0 1 0 0 0 0 -2 0 0 0 0 0 0 0 0 1 0
0 0 0 -1 0 0 0 0 0 0 0 0 0 0 0 0 0 0 0 0 0 0 1 0
0 0 1 -1 0 0 0 0 0 0 0 0 0 -1 0 0 0 0 0 0 0 0 1 0
0 0 0 0 0 0 -1 1 0 0 0 0 0 0 0 0 0 0 0 0 0 0 0 0
-1 -1 1 -3 0 0 0 0 1 1 0 0 0 -1 0 0 0 0 0 0 0 0 1 0
-1 -2 2 -3 0 0 0 0 1 0 1 0 0 -1 0 0 0 0 0 0 0 0 1 0
0 0 0 0 0 -1 -1 0 0 0 0 1 0 0 0 0 0 0 0 0 0 0 0 0
0 1 0 1 0 0 0 0 -1 0 0 0 1 0 0 0 0 0 0 0 0 0 0 0
0 -1 1 -1 1 0 0 0 0 0 0 0 0 0 0 0 0 0 0 0 0 0 0 0
1 0 -1 1 0 0 0 0 -1 0 0 0 0 1 1 0 0 0 0 0 0 0 0 0
0 -1 0 -1 0 0 0 0 0 0 0 0 0 1 0 1 0 0 0 0 0 0 0 0
-1 -1 1 -2 0 0 0 0 1 0 0 0 0 -1 0 0 1 0 0 0 0 0 0 0
0 0 0 0 0 -1 0 0 0 0 0 0 0 0 0 0 0 1 0 0 0 0 0 0
0 0 0 0 0 0 -1 0 0 0 0 0 0 0 0 0 0 0 1 0 0 0 0 0
0 0 0 0 0 0 -1 0 0 0 0 0 0 0 0 0 0 0 0 1 0 0 0 0
-1 -1 0 -1 0 0 0 0 0 0 0 0 0 0 0 0 0 0 0 0 1 0 0 0
0 -1 1 -2 0 0 0 0 0 0 0 0 0 0 0 0 0 0 0 0 0 1 1 0
-1 -1 2 -3 0 0 0 0 1 0 0 0 0 -2 0 0 0 0 0 0 0 0 2 0
0 0 0 0 0 -1 -1 0 0 0 0 0 0 0 0 0 0 0 0 0 0 0 0 1

1 0 0 0 0 0 0 0 0 0 0 0 0 0 0 0 0
0 1 0 0 0 0 0 0 0 0 0 0 0 0 0 0 0
0 0 1 0 0 0 0 0 0 0 0 0 0 0 0 0 0
0 0 0 1 0 0 0 0 0 0 0 0 0 0 0 0 0
0 0 0 0 1 0 0 0 0 0 0 0 0 0 0 0 0
0 0 0 0 0 1 0 0 0 0 0 0 0 0 0 0 0
0 0 0 0 0 0 1 0 0 0 0 0 0 0 0 0 0
0 0 0 0 0 0 0 1 0 0 0 0 0 0 0 0 0
0 0 0 0 0 0 0 0 0 0 0 0 0 0 0 0 0
0 0 0 0 0 0 0 0 0 0 0 0 0 0 0 0 0
0 0 0 0 0 0 0 0 0 0 0 0 0 0 0 0 0
0 0 0 0 0 0 0 0 0 0 0 0 0 0 0 0 0
0 0 0 0 0 0 0 0 0 0 0 0 0 0 0 0 0
0 0 0 0 0 0 0 0 0 0 0 0 0 0 0 0 0
0 0 0 0 0 0 0 0 0 0 0 0 0 0 0 0 0
0 0 0 0 0 0 0 0 0 0 0 0 0 0 0 0 0
0 0 0 0 0 0 0 0 0 0 0 0 0 0 0 0 0
0 0 0 0 0 0 0 0 0 0 0 0 0 0 0 0 0
0 0 0 0 0 0 0 0 0 0 0 0 0 0 0 0 0
0 0 0 0 0 0 0 0 0 0 0 0 0 0 0 0 0
0 0 0 0 0 0 0 0 0 0 0 0 0 0 0 0 0
0 0 0 0 0 0 0 0 0 0 0 0 0 0 0 0 0
0 0 0 0 0 0 0 0 0 0 0 0 0 0 0 0 0
0 0 0 0 0 0 0 0 0 0 0 0 0 0 0 0 0

1 0 0 0 0 0 0 0 0 -1 0 0 -2 0 0 -2 -2
0 0 0 0 0 0 0 0 0 1 0 0 0 0 0 0 0
0 1 0 0 0 0 0 0 -1 0 -1 0 -1 1 -1 -1 -1
0 0 1 0 0 0 0 0 -1 0 -1 0 -1 0 -2 -2 -2
0 0 0 1 0 0 0 0 0 0 0 -1 0 0 0 0 0
0 0 0 0 0 0 0 0 0 0 0 1 0 0 0 0 0
0 0 0 0 1 0 0 0 0 0 0 0 0 0 0 0 0
0 0 0 0 0 1 0 0 1 0 0 0 0 -1 1 -1 1
0 0 0 0 0 0 0 0 1 0 0 0 0 0 0 0 0
0 0 0 0 0 0 1 0 0 0 1 0 0 -1 1 1 -1
0 0 0 0 0 0 0 0 0 0 1 0 0 0 0 0 0
0 0 0 0 0 0 0 1 0 0 0 0 1 -1 -1 1 1
0 0 0 0 0 0 0 0 0 0 0 0 1 0 0 0 0
0 0 0 0 0 0 0 0 0 0 0 0 0 1 0 0 0
0 0 0 0 0 0 0 0 0 0 0 0 0 0 1 0 0
0 0 0 0 0 0 0 0 0 0 0 0 0 0 0 1 0
0 0 0 0 0 0 0 0 0 0 0 0 0 0 0 0 1
