GM:(0,0,0)  R:(1/2,1/2,1/2)  S:(1/2,1/2,0)  T:(0,1/2,1/2)  U:(1/2,0,1/2)  X:(1/2,0,0)  Y:(0,1/2,0)  Z:(0,0,1/2)
GM:(0,0,0)  E:(1/2,1/2,1/2)  C:(1/2,1/2,0)  D:(0,1/2,1/2)  A:(1/2,0,1/2)  Y:(1/2,0,0)  Z:(0,1/2,0)  B:(0,0,1/2)
GM1+  GM2+  GM1-  GM2-  GM3  GM4  GM5  GM6  (R)E1+E2+  (R)E1-E2-  (R)E3E4  (R)E5E6  (S)C1  (S)C2  (T)D1-D1+  (T)D2-D2+  (T)D3D5  (T)D4D6  (U)A1A1  (U)A2A2  (X)Y1+Y2-  (X)Y1-Y2+  (X)Y3Y6  (X)Y4Y5  (Y)Z1  (Y)Z2  (Z)B1  (Z)B2
1 1 1 1 1 1 1 1 2 2 2 2 2 2 2 2 2 2 4 4 2 2 2 2 2 2 2 2
4a (1,1) Ag 4 1,4a (1,1) Au 4 1,4a (1,1) Ag 4 1,4a (1,1) Au 4 1,4b (1,1) Ag 4 1,4b (1,1) Au 4 1,4b (1,1) Ag 4 1,4b (1,1) Au 4 1,4c (2',1) A 4 1,4c (2',1) A 4 1,4d (2',1) A 4 1,4d (2',1) A 4 1
2 2 0 0 0 0 0 0 2 0 0 0 2 0 1 1 0 0 1 0 1 1 0 0 2 0 2 0
0 0 2 2 0 0 0 0 0 2 0 0 2 0 1 1 0 0 1 0 1 1 0 0 2 0 2 0
0 0 0 0 2 2 0 0 0 0 2 0 0 2 0 0 1 1 0 1 0 0 1 1 0 2 0 2
0 0 0 0 0 0 2 2 0 0 0 2 0 2 0 0 1 1 0 1 0 0 1 1 0 2 0 2
2 2 0 0 0 0 0 0 0 2 0 0 2 0 1 1 0 0 1 0 1 1 0 0 2 0 2 0
0 0 2 2 0 0 0 0 2 0 0 0 2 0 1 1 0 0 1 0 1 1 0 0 2 0 2 0
0 0 0 0 2 2 0 0 0 0 0 2 0 2 0 0 1 1 0 1 0 0 1 1 0 2 0 2
0 0 0 0 0 0 2 2 0 0 2 0 0 2 0 0 1 1 0 1 0 0 1 1 0 2 0 2
1 1 1 1 0 0 0 0 1 1 0 0 2 0 1 1 0 0 1 0 1 1 0 0 2 0 2 0
0 0 0 0 1 1 1 1 0 0 1 1 0 2 0 0 1 1 0 1 0 0 1 1 0 2 0 2
1 1 1 1 0 0 0 0 1 1 0 0 2 0 1 1 0 0 1 0 1 1 0 0 2 0 2 0
0 0 0 0 1 1 1 1 0 0 1 1 0 2 0 0 1 1 0 1 0 0 1 1 0 2 0 2

0 0 0 0 0 0 0 0 0 0 0 0 0 0 0 0 0 0 0 0 0 1 0 0 0 0 0 0
0 0 1 0 0 0 0 0 0 0 0 0 0 0 0 0 0 0 0 0 0 0 0 0 0 0 0 0
0 0 0 0 0 0 0 0 0 0 0 0 0 0 0 0 0 0 0 0 0 0 0 1 0 0 0 0
0 0 0 0 0 0 1 0 0 0 0 0 0 0 0 0 0 0 0 0 0 0 0 0 0 0 0 0
1 0 0 0 0 0 0 0 -1 0 0 0 0 0 0 0 0 0 0 0 0 0 0 0 0 0 0 0
0 0 0 0 1 0 0 0 0 0 -1 0 0 0 0 0 0 0 0 0 0 0 0 0 0 0 0 0
0 0 -1 1 0 0 0 0 0 0 0 0 0 0 0 0 0 0 0 0 0 0 0 0 0 0 0 0
0 0 0 0 0 0 -1 1 0 0 0 0 0 0 0 0 0 0 0 0 0 0 0 0 0 0 0 0
-1 1 0 0 0 0 0 0 0 0 0 0 0 0 0 0 0 0 0 0 0 0 0 0 0 0 0 0
-1 0 -1 0 0 0 0 0 1 1 0 0 0 0 0 0 0 0 0 0 0 0 0 0 0 0 0 0
0 0 0 0 -1 1 0 0 0 0 0 0 0 0 0 0 0 0 0 0 0 0 0 0 0 0 0 0
0 0 0 0 -1 0 -1 0 0 0 1 1 0 0 0 0 0 0 0 0 0 0 0 0 0 0 0 0
-1 0 -1 0 0 0 0 0 0 0 0 0 1 0 0 0 0 0 0 0 0 0 0 0 0 0 0 0
0 0 0 0 -1 0 -1 0 0 0 0 0 0 1 0 0 0 0 0 0 0 0 0 0 0 0 0 0
-1 0 -1 0 0 0 0 0 0 0 0 0 0 0 1 0 0 0 0 0 0 1 0 0 0 0 0 0
-1 0 -1 0 0 0 0 0 0 0 0 0 0 0 0 1 0 0 0 0 0 1 0 0 0 0 0 0
0 0 0 0 -1 0 -1 0 0 0 0 0 0 0 0 0 1 0 0 0 0 0 0 1 0 0 0 0
0 0 0 0 -1 0 -1 0 0 0 0 0 0 0 0 0 0 1 0 0 0 0 0 1 0 0 0 0
-1 0 -1 0 0 0 0 0 0 0 0 0 0 0 0 0 0 0 1 0 0 1 0 0 0 0 0 0
0 0 0 0 -1 0 -1 0 0 0 0 0 0 0 0 0 0 0 0 1 0 0 0 1 0 0 0 0
-1 0 -1 0 0 0 0 0 0 0 0 0 0 0 0 0 0 0 0 0 1 1 0 0 0 0 0 0
-1 0 -1 0 0 0 0 0 0 0 0 0 0 0 0 0 0 0 0 0 0 2 0 0 0 0 0 0
0 0 0 0 -1 0 -1 0 0 0 0 0 0 0 0 0 0 0 0 0 0 0 1 1 0 0 0 0
0 0 0 0 -1 0 -1 0 0 0 0 0 0 0 0 0 0 0 0 0 0 0 0 2 0 0 0 0
-1 0 -1 0 0 0 0 0 0 0 0 0 0 0 0 0 0 0 0 0 0 0 0 0 1 0 0 0
0 0 0 0 -1 0 -1 0 0 0 0 0 0 0 0 0 0 0 0 0 0 0 0 0 0 1 0 0
-1 0 -1 0 0 0 0 0 0 0 0 0 0 0 0 0 0 0 0 0 0 0 0 0 0 0 1 0
0 0 0 0 -1 0 -1 0 0 0 0 0 0 0 0 0 0 0 0 0 0 0 0 0 0 0 0 1

1 0 0 0 0 0 0 0 0 0 0 0
0 1 0 0 0 0 0 0 0 0 0 0
0 0 1 0 0 0 0 0 0 0 0 0
0 0 0 1 0 0 0 0 0 0 0 0
0 0 0 0 2 0 0 0 0 0 0 0
0 0 0 0 0 2 0 0 0 0 0 0
0 0 0 0 0 0 0 0 0 0 0 0
0 0 0 0 0 0 0 0 0 0 0 0
0 0 0 0 0 0 0 0 0 0 0 0
0 0 0 0 0 0 0 0 0 0 0 0
0 0 0 0 0 0 0 0 0 0 0 0
0 0 0 0 0 0 0 0 0 0 0 0
0 0 0 0 0 0 0 0 0 0 0 0
0 0 0 0 0 0 0 0 0 0 0 0
0 0 0 0 0 0 0 0 0 0 0 0
0 0 0 0 0 0 0 0 0 0 0 0
0 0 0 0 0 0 0 0 0 0 0 0
0 0 0 0 0 0 0 0 0 0 0 0
0 0 0 0 0 0 0 0 0 0 0 0
0 0 0 0 0 0 0 0 0 0 0 0
0 0 0 0 0 0 0 0 0 0 0 0
0 0 0 0 0 0 0 0 0 0 0 0
0 0 0 0 0 0 0 0 0 0 0 0
0 0 0 0 0 0 0 0 0 0 0 0
0 0 0 0 0 0 0 0 0 0 0 0
0 0 0 0 0 0 0 0 0 0 0 0
0 0 0 0 0 0 0 0 0 0 0 0
0 0 0 0 0 0 0 0 0 0 0 0

1 -1 0 0 -1 0 -1 0 -1 0 -1 0
0 0 0 0 0 0 -1 0 -1 0 -1 0
0 0 1 -1 0 -1 0 -1 0 -1 0 -1
0 0 0 0 0 0 0 -1 0 -1 0 -1
0 0 0 0 1 0 1 0 0 0 0 0
0 0 0 0 0 0 1 0 0 0 0 0
0 0 0 0 0 1 0 1 0 0 0 0
0 0 0 0 0 0 0 1 0 0 0 0
0 0 0 0 0 0 0 0 1 0 0 0
0 0 0 0 0 0 0 0 0 1 0 0
0 1 0 0 0 0 0 0 1 0 2 0
0 0 0 1 0 0 0 0 0 1 0 2
