GM:(0,0,0)  H:(1,1,1)  N:(1/2,1/2,0)  P:(1/2,1/2,1/2)
GM:(0,0,0)  H:(1,1,1)  N:(1/2,1/2,0)  P:(1/2,1/2,1/2)
GM1  GM2  GM3  GM4  GM5  GM6  GM7  GM8  H1  H2  H3  H4  H5  H6  H7  H8  N1  N2  N3  N4  N5  P1  P2  P3  P4  P5  P6  P7
1 1 2 3 3 2 2 4 1 1 2 3 3 2 2 4 1 1 1 1 2 1 1 1 3 2 2 2
2a (4321',432) A1 1 1;2a (4321',432) A2 1 1;2a (4321',432) E 2 1;2a (4321',432) T1 3 1;2a (4321',432) T2 3 1;2a (4321',432) E1 2 1;2a (4321',432) E2 2 1;2a (4321',432) F 4 1;6b (4221',422) A1 3 1;6b (4221',422) A2 3 1;6b (4221',422) B1 3 1;6b (4221',422) B2 3 1;6b (4221',422) E 6 0;6b (4221',422) E1 6 0;6b (4221',422) E2 6 0;8c (321',32) A1 4 1;8c (321',32) A2 4 1;8c (321',32) E 8 0;8c (321',32) 1E2E 8 0;8c (321',32) E1 8 0;12d (2221',222) A1 6 1;12d (2221',222) B1 6 1;12d (2221',222) B2 6 0;12d (2221',222) B3 6 0;12d (2221',222) E 2 0
1 0 0 0 0 0 0 0 1 0 0 0 0 0 0 0 1 0 0 0 0 1 0 0 0 0 0 0
0 1 0 0 0 0 0 0 0 1 0 0 0 0 0 0 0 1 0 0 0 1 0 0 0 0 0 0
0 0 1 0 0 0 0 0 0 0 1 0 0 0 0 0 1 1 0 0 0 0 1 1 0 0 0 0
0 0 0 1 0 0 0 0 0 0 0 1 0 0 0 0 0 1 1 1 0 0 0 0 1 0 0 0
0 0 0 0 1 0 0 0 0 0 0 0 1 0 0 0 1 0 1 1 0 0 0 0 1 0 0 0
0 0 0 0 0 1 0 0 0 0 0 0 0 1 0 0 0 0 0 0 1 0 0 0 0 1 0 0
0 0 0 0 0 0 1 0 0 0 0 0 0 0 1 0 0 0 0 0 1 0 0 0 0 1 0 0
0 0 0 0 0 0 0 1 0 0 0 0 0 0 0 1 0 0 0 0 2 0 0 0 0 0 1 1
1 0 1 0 0 0 0 0 1 0 1 0 0 0 0 0 1 0 1 1 0 0 0 0 1 0 0 0
0 0 0 1 0 0 0 0 0 0 0 1 0 0 0 0 1 2 0 0 0 1 1 1 0 0 0 0
0 1 1 0 0 0 0 0 0 1 1 0 0 0 0 0 0 1 1 1 0 0 0 0 1 0 0 0
0 0 0 0 1 0 0 0 0 0 0 0 1 0 0 0 2 1 0 0 0 1 1 1 0 0 0 0
0 0 0 1 1 0 0 0 0 0 0 1 1 0 0 0 1 1 2 2 0 0 0 0 2 0 0 0
0 0 0 0 0 1 0 1 0 0 0 0 0 1 0 1 0 0 0 0 3 0 0 0 0 1 1 1
0 0 0 0 0 0 1 1 0 0 0 0 0 0 1 1 0 0 0 0 3 0 0 0 0 1 1 1
1 0 0 0 1 0 0 0 0 1 0 1 0 0 0 0 1 1 2 0 0 1 0 0 1 0 0 0
0 1 0 1 0 0 0 0 1 0 0 0 1 0 0 0 1 1 0 2 0 1 0 0 1 0 0 0
0 0 1 1 1 0 0 0 0 0 1 1 1 0 0 0 2 2 2 2 0 0 1 1 2 0 0 0
0 0 0 0 0 0 0 2 0 0 0 0 0 0 0 2 0 0 0 0 4 0 0 0 0 0 2 2
0 0 0 0 0 1 1 1 0 0 0 0 0 1 1 1 0 0 0 0 4 0 0 0 0 2 1 1
1 0 1 0 1 0 0 0 0 1 1 1 0 0 0 0 1 1 3 1 0 0 0 0 2 0 0 0
0 1 1 1 0 0 0 0 1 0 1 0 1 0 0 0 1 1 1 3 0 0 0 0 2 0 0 0
0 0 0 1 1 0 0 0 0 0 0 1 1 0 0 0 2 2 1 1 0 1 1 1 1 0 0 0
0 0 0 1 1 0 0 0 0 0 0 1 1 0 0 0 2 2 1 1 0 1 1 1 1 0 0 0
0 0 0 0 0 1 1 2 0 0 0 0 0 1 1 2 0 0 0 0 6 0 0 0 0 2 2 2

0 0 0 0 0 0 0 0 0 -1 0 0 0 0 0 0 0 0 0 0 0 1 0 0 0 0 0 0
0 1 0 0 0 0 0 0 0 0 0 0 0 0 0 0 0 0 0 0 0 0 0 0 0 0 0 0
-1 -1 1 0 0 0 0 0 0 0 0 0 0 0 0 0 0 0 0 0 0 1 0 0 0 0 0 0
0 0 0 1 0 0 0 0 0 0 0 0 0 0 0 0 0 0 0 0 0 0 0 0 0 0 0 0
0 1 0 0 1 0 0 0 0 -1 0 0 0 0 0 0 0 0 0 0 0 0 0 0 0 0 0 0
0 0 0 0 0 1 0 0 0 0 0 0 0 0 0 0 0 0 0 0 0 0 0 0 0 0 0 0
0 0 0 0 0 0 1 0 0 0 0 0 0 0 0 0 0 0 0 0 0 0 0 0 0 0 0 0
0 0 0 0 0 0 0 1 0 0 0 0 0 0 0 0 0 0 0 0 0 0 0 0 0 0 0 0
1 1 0 0 0 0 0 0 0 0 0 0 0 0 0 0 0 0 0 0 0 -1 0 0 0 0 0 0
0 -1 0 0 0 0 0 0 0 1 0 0 0 0 0 0 0 0 0 0 0 0 0 0 0 0 0 0
0 0 -1 0 0 0 0 0 0 0 1 0 0 0 0 0 0 0 0 0 0 0 0 0 0 0 0 0
0 1 0 -1 0 0 0 0 0 -1 0 1 0 0 0 0 0 0 0 0 0 0 0 0 0 0 0 0
0 -1 0 0 -1 0 0 0 0 1 0 0 1 0 0 0 0 0 0 0 0 0 0 0 0 0 0 0
0 0 0 0 0 -1 0 0 0 0 0 0 0 1 0 0 0 0 0 0 0 0 0 0 0 0 0 0
0 0 0 0 0 0 -1 0 0 0 0 0 0 0 1 0 0 0 0 0 0 0 0 0 0 0 0 0
0 0 0 0 0 0 0 -1 0 0 0 0 0 0 0 1 0 0 0 0 0 0 0 0 0 0 0 0
0 0 -1 0 -1 0 0 0 0 1 0 0 0 0 0 0 1 0 0 0 0 -1 0 0 0 0 0 0
1 1 -1 -1 0 0 0 0 0 -1 0 0 0 0 0 0 0 1 0 0 0 -1 0 0 0 0 0 0
-1 0 0 -1 -1 0 0 0 0 -1 0 0 0 0 0 0 0 0 1 0 0 1 0 0 0 0 0 0
-1 -2 0 -1 -1 0 0 0 0 1 0 0 0 0 0 0 0 0 0 1 0 1 0 0 0 0 0 0
0 0 0 0 0 -1 -1 -2 0 0 0 0 0 0 0 0 0 0 0 0 1 0 0 0 0 0 0 0
-1 -1 0 0 0 0 0 0 1 1 0 0 0 0 0 0 0 0 0 0 0 0 0 0 0 0 0 0
1 1 -1 0 0 0 0 0 0 0 0 0 0 0 0 0 0 0 0 0 0 -1 1 0 0 0 0 0
1 1 -1 0 0 0 0 0 0 0 0 0 0 0 0 0 0 0 0 0 0 -1 0 1 0 0 0 0
-1 -1 0 -1 -1 0 0 0 0 0 0 0 0 0 0 0 0 0 0 0 0 1 0 0 1 0 0 0
0 0 0 0 0 -1 -1 0 0 0 0 0 0 0 0 0 0 0 0 0 0 0 0 0 0 1 0 0
0 0 0 0 0 0 0 -1 0 0 0 0 0 0 0 0 0 0 0 0 0 0 0 0 0 0 1 0
0 0 0 0 0 0 0 -1 0 0 0 0 0 0 0 0 0 0 0 0 0 0 0 0 0 0 0 1

1 0 0 0 0 0 0 0 0 0 0 0 0 0 0 0 0 0 0 0 0 0 0 0 0
0 1 0 0 0 0 0 0 0 0 0 0 0 0 0 0 0 0 0 0 0 0 0 0 0
0 0 1 0 0 0 0 0 0 0 0 0 0 0 0 0 0 0 0 0 0 0 0 0 0
0 0 0 1 0 0 0 0 0 0 0 0 0 0 0 0 0 0 0 0 0 0 0 0 0
0 0 0 0 1 0 0 0 0 0 0 0 0 0 0 0 0 0 0 0 0 0 0 0 0
0 0 0 0 0 1 0 0 0 0 0 0 0 0 0 0 0 0 0 0 0 0 0 0 0
0 0 0 0 0 0 1 0 0 0 0 0 0 0 0 0 0 0 0 0 0 0 0 0 0
0 0 0 0 0 0 0 1 0 0 0 0 0 0 0 0 0 0 0 0 0 0 0 0 0
0 0 0 0 0 0 0 0 1 0 0 0 0 0 0 0 0 0 0 0 0 0 0 0 0
0 0 0 0 0 0 0 0 0 1 0 0 0 0 0 0 0 0 0 0 0 0 0 0 0
0 0 0 0 0 0 0 0 0 0 0 0 0 0 0 0 0 0 0 0 0 0 0 0 0
0 0 0 0 0 0 0 0 0 0 0 0 0 0 0 0 0 0 0 0 0 0 0 0 0
0 0 0 0 0 0 0 0 0 0 0 0 0 0 0 0 0 0 0 0 0 0 0 0 0
0 0 0 0 0 0 0 0 0 0 0 0 0 0 0 0 0 0 0 0 0 0 0 0 0
0 0 0 0 0 0 0 0 0 0 0 0 0 0 0 0 0 0 0 0 0 0 0 0 0
0 0 0 0 0 0 0 0 0 0 0 0 0 0 0 0 0 0 0 0 0 0 0 0 0
0 0 0 0 0 0 0 0 0 0 0 0 0 0 0 0 0 0 0 0 0 0 0 0 0
0 0 0 0 0 0 0 0 0 0 0 0 0 0 0 0 0 0 0 0 0 0 0 0 0
0 0 0 0 0 0 0 0 0 0 0 0 0 0 0 0 0 0 0 0 0 0 0 0 0
0 0 0 0 0 0 0 0 0 0 0 0 0 0 0 0 0 0 0 0 0 0 0 0 0
0 0 0 0 0 0 0 0 0 0 0 0 0 0 0 0 0 0 0 0 0 0 0 0 0
0 0 0 0 0 0 0 0 0 0 0 0 0 0 0 0 0 0 0 0 0 0 0 0 0
0 0 0 0 0 0 0 0 0 0 0 0 0 0 0 0 0 0 0 0 0 0 0 0 0
0 0 0 0 0 0 0 0 0 0 0 0 0 0 0 0 0 0 0 0 0 0 0 0 0
0 0 0 0 0 0 0 0 0 0 0 0 0 0 0 0 0 0 0 0 0 0 0 0 0
0 0 0 0 0 0 0 0 0 0 0 0 0 0 0 0 0 0 0 0 0 0 0 0 0
0 0 0 0 0 0 0 0 0 0 0 0 0 0 0 0 0 0 0 0 0 0 0 0 0
0 0 0 0 0 0 0 0 0 0 0 0 0 0 0 0 0 0 0 0 0 0 0 0 0

1 0 0 0 0 0 0 0 0 0 1 -1 0 0 0 -1 -1 0 0 0 1 0 -1 -1 0
0 1 0 0 0 0 0 0 0 0 -1 0 0 0 0 0 -1 0 0 0 0 -1 0 0 0
0 0 1 0 0 0 0 0 0 0 0 -1 0 0 0 -1 0 -1 0 0 0 0 -1 -1 0
0 0 0 1 0 0 0 0 0 0 0 0 -1 0 0 -1 -1 -1 0 0 0 -1 -1 -1 0
0 0 0 0 1 0 0 0 0 0 0 -1 -1 0 0 0 -1 -1 0 0 0 -1 -1 -1 0
0 0 0 0 0 1 0 0 0 0 0 0 0 -1 0 0 0 0 0 -1 0 0 0 0 -1
0 0 0 0 0 0 1 0 0 0 0 0 0 0 -1 0 0 0 0 -1 0 0 0 0 -1
0 0 0 0 0 0 0 1 0 0 0 0 0 -1 -1 0 0 0 -2 -1 0 0 0 0 -2
0 0 0 0 0 0 0 0 1 0 -1 1 0 0 0 1 0 0 0 0 -1 -1 1 1 0
0 0 0 0 0 0 0 0 0 0 0 0 0 0 0 1 0 0 0 0 0 0 0 0 0
0 0 0 0 0 0 0 0 0 0 1 0 0 0 0 0 0 0 0 0 0 0 0 0 0
0 0 0 0 0 0 0 0 0 0 0 1 0 0 0 0 0 0 0 0 0 0 0 0 0
0 0 0 0 0 0 0 0 0 0 0 0 1 0 0 0 0 0 0 0 0 0 0 0 0
0 0 0 0 0 0 0 0 0 0 0 0 0 1 0 0 0 0 0 0 0 0 0 0 0
0 0 0 0 0 0 0 0 0 0 0 0 0 0 1 0 0 0 0 0 0 0 0 0 0
0 0 0 0 0 0 0 0 0 1 0 0 0 0 0 0 1 0 0 0 -1 1 0 0 0
0 0 0 0 0 0 0 0 0 0 0 0 0 0 0 0 1 0 0 0 0 0 0 0 0
0 0 0 0 0 0 0 0 0 0 0 0 0 0 0 0 0 1 0 0 0 0 0 0 0
0 0 0 0 0 0 0 0 0 0 0 0 0 0 0 0 0 0 1 0 0 0 0 0 0
0 0 0 0 0 0 0 0 0 0 0 0 0 0 0 0 0 0 0 1 0 0 0 0 0
0 0 0 0 0 0 0 0 0 0 0 0 0 0 0 0 0 0 0 0 1 0 0 0 0
0 0 0 0 0 0 0 0 0 0 0 0 0 0 0 0 0 0 0 0 0 1 0 0 0
0 0 0 0 0 0 0 0 0 0 0 0 0 0 0 0 0 0 0 0 0 0 1 0 0
0 0 0 0 0 0 0 0 0 0 0 0 0 0 0 0 0 0 0 0 0 0 0 1 0
0 0 0 0 0 0 0 0 0 0 0 0 0 0 0 0 0 0 0 0 0 0 0 0 1
