GM:(0,0,0)  M:(1/2,1/2,0)  R:(1/2,1/2,1/2)  X:(0,1/2,0)
GM:(0,0,0)  M:(1/2,1/2,0)  R:(1/2,1/2,1/2)  X:(0,1/2,0)
GM1+  GM2-  GM1-  GM2+  GM3+  GM3-  GM4+  GM5-  GM4-  GM5+  GM6  GM9  GM7  GM8  GM10  GM11  M1  M2  M3  M4  M5  R1+R2-  R1-R2+  R3-R3+  R4+R5-  R4-R5+  R6R9  R7R8  R10R11  X1  X2  X3X4  X5
1 1 1 1 2 2 3 3 3 3 2 2 2 2 4 4 2 2 2 2 4 2 2 4 6 6 4 4 8 2 2 4 4
2a (m'3'm,43m) A1 2 1;2a (m'3'm,43m) A2 2 1;2a (m'3'm,43m) E 4 1;2a (m'3'm,43m) T1 6 1;2a (m'3'm,43m) T2 6 1;2a (m'3'm,43m) E1 4 1;2a (m'3'm,43m) E2 4 1;2a (m'3'm,43m) F 8 1;6b (4'/m'm'm,42m) A1 6 1;6b (4'/m'm'm,42m) A2 6 1;6b (4'/m'm'm,42m) B1 6 1;6b (4'/m'm'm,42m) B2 6 1;6b (4'/m'm'm,42m) E 2 0;6b (4'/m'm'm,42m) E1 2 0;6b (4'/m'm'm,42m) E2 2 0;8c (3m,3m) A1g 8 1;8c (3m,3m) A1u 8 1;8c (3m,3m) A2g 8 1;8c (3m,3m) A2u 8 1;8c (3m,3m) Eg 6 1;8c (3m,3m) Eu 6 1;8c (3m,3m) 1Eg 8 1;8c (3m,3m) 1Eu 8 1;8c (3m,3m) 2Eg 8 1;8c (3m,3m) 2Eu 8 1;8c (3m,3m). E1g 6 0;8c (3m,3m). E1u 6 0;12d (4'2m',222) A1 2 1;12d (4'2m',222) B1 2 1
1 1 0 0 0 0 0 0 0 0 0 0 0 0 0 0 1 0 0 0 0 1 0 0 0 0 0 0 0 1 0 0 0
0 0 1 1 0 0 0 0 0 0 0 0 0 0 0 0 0 1 0 0 0 0 1 0 0 0 0 0 0 0 1 0 0
0 0 0 0 1 1 0 0 0 0 0 0 0 0 0 0 1 1 0 0 0 0 0 1 0 0 0 0 0 1 1 0 0
0 0 0 0 0 0 1 1 0 0 0 0 0 0 0 0 0 1 1 1 0 0 0 0 1 0 0 0 0 0 1 1 0
0 0 0 0 0 0 0 0 1 1 0 0 0 0 0 0 1 0 1 1 0 0 0 0 0 1 0 0 0 1 0 1 0
0 0 0 0 0 0 0 0 0 0 1 1 0 0 0 0 0 0 0 0 1 0 0 0 0 0 1 0 0 0 0 0 1
0 0 0 0 0 0 0 0 0 0 0 0 1 1 0 0 0 0 0 0 1 0 0 0 0 0 0 1 0 0 0 0 1
0 0 0 0 0 0 0 0 0 0 0 0 0 0 1 1 0 0 0 0 2 0 0 0 0 0 0 0 1 0 0 0 2
1 1 0 0 1 1 0 0 0 0 0 0 0 0 0 0 1 0 1 1 0 0 0 0 0 1 0 0 0 2 1 0 0
0 0 0 0 0 0 1 1 0 0 0 0 0 0 0 0 1 2 0 0 0 0 1 1 0 0 0 0 0 0 1 1 0
0 0 1 1 1 1 0 0 0 0 0 0 0 0 0 0 0 1 1 1 0 0 0 0 1 0 0 0 0 1 2 0 0
0 0 0 0 0 0 0 0 1 1 0 0 0 0 0 0 2 1 0 0 0 1 0 1 0 0 0 0 0 1 0 1 0
0 0 0 0 0 0 1 1 1 1 0 0 0 0 0 0 1 1 2 2 0 0 0 0 1 1 0 0 0 1 1 2 0
0 0 0 0 0 0 0 0 0 0 1 1 0 0 1 1 0 0 0 0 3 0 0 0 0 0 0 1 1 0 0 0 3
0 0 0 0 0 0 0 0 0 0 0 0 1 1 1 1 0 0 0 0 3 0 0 0 0 0 1 0 1 0 0 0 3
2 0 0 0 0 0 0 0 0 2 0 0 0 0 0 0 2 0 2 0 0 1 0 0 0 1 0 0 0 2 0 1 0
0 0 2 0 0 0 0 2 0 0 0 0 0 0 0 0 0 2 2 0 0 0 1 0 1 0 0 0 0 0 2 1 0
0 0 0 2 0 0 2 0 0 0 0 0 0 0 0 0 0 2 0 2 0 0 1 0 1 0 0 0 0 0 2 1 0
0 2 0 0 0 0 0 0 2 0 0 0 0 0 0 0 2 0 0 2 0 1 0 0 0 1 0 0 0 2 0 1 0
0 0 0 0 2 0 2 0 0 2 0 0 0 0 0 0 2 2 2 2 0 0 0 1 1 1 0 0 0 2 2 2 0
0 0 0 0 0 2 0 2 2 0 0 0 0 0 0 0 2 2 2 2 0 0 0 1 1 1 0 0 0 2 2 2 0
0 0 0 0 0 0 0 0 0 0 0 0 0 0 2 0 0 0 0 0 2 0 0 0 0 0 0 0 1 0 0 0 2
0 0 0 0 0 0 0 0 0 0 0 0 0 0 0 2 0 0 0 0 2 0 0 0 0 0 0 0 1 0 0 0 2
0 0 0 0 0 0 0 0 0 0 0 0 0 0 2 0 0 0 0 0 2 0 0 0 0 0 0 0 1 0 0 0 2
0 0 0 0 0 0 0 0 0 0 0 0 0 0 0 2 0 0 0 0 2 0 0 0 0 0 0 0 1 0 0 0 2
0 0 0 0 0 0 0 0 0 0 2 0 2 0 2 0 0 0 0 0 4 0 0 0 0 0 1 1 1 0 0 0 4
0 0 0 0 0 0 0 0 0 0 0 2 0 2 0 2 0 0 0 0 4 0 0 0 0 0 1 1 1 0 0 0 4
1 0 1 0 1 1 0 1 0 1 0 0 0 0 0 0 1 1 3 1 0 0 0 0 1 1 0 0 0 2 2 1 0
0 1 0 1 1 1 1 0 1 0 0 0 0 0 0 0 1 1 1 3 0 0 0 0 1 1 0 0 0 2 2 1 0

-1 1 0 0 0 0 -1 0 -1 0 0 0 0 0 0 0 0 0 0 0 0 1 0 0 0 0 0 0 0 0 0 1 0
0 0 0 1 0 0 0 0 0 0 0 0 0 0 0 0 0 0 0 0 0 0 0 0 0 0 0 0 0 0 0 0 0
-1 0 -1 0 0 0 -2 0 -1 0 0 0 0 0 0 0 0 0 0 0 0 1 0 0 0 0 0 0 0 0 1 1 0
-1 0 -1 1 0 0 -2 1 -2 0 0 0 0 0 0 0 0 0 0 1 0 1 0 0 0 0 0 0 0 0 0 1 0
0 0 0 0 0 0 0 0 1 0 0 0 0 0 0 0 0 0 0 0 0 0 0 0 0 0 0 0 0 0 0 0 0
0 0 0 0 0 0 0 0 0 0 0 0 0 0 0 0 0 0 0 0 0 0 0 0 0 0 1 0 0 0 0 0 0
0 0 0 0 0 0 0 0 0 0 0 0 0 1 0 0 0 0 0 0 0 0 0 0 0 0 0 0 0 0 0 0 0
0 0 0 0 0 0 0 0 0 0 -1 0 1 -1 0 1 0 0 0 0 0 0 0 0 0 0 1 0 0 0 0 0 0
0 1 0 0 0 0 -1 0 -1 0 0 0 0 0 0 0 0 0 0 0 0 -1 0 0 0 0 0 0 0 0 0 1 0
0 1 0 0 0 0 0 0 0 0 0 0 0 0 0 0 0 0 0 -1 0 -1 0 0 0 0 0 0 0 0 0 1 0
0 0 0 0 0 0 0 0 0 0 1 0 0 0 0 0 0 0 0 0 0 0 0 0 0 0 -1 0 0 0 0 0 0
0 0 0 0 0 0 -1 0 -1 0 0 0 0 0 0 0 0 0 0 0 0 0 0 0 0 0 0 0 0 0 0 1 0
0 0 1 -1 0 0 0 0 0 0 0 0 0 0 0 0 0 0 0 0 0 0 0 0 0 0 0 0 0 0 0 0 0
0 0 0 -1 0 0 1 -1 1 0 0 0 0 0 0 0 0 0 0 -1 0 0 0 -1 0 0 0 0 0 0 1 0 0
0 0 0 0 0 0 0 0 0 0 0 0 0 0 0 -1 0 0 0 0 0 0 0 0 0 0 0 0 1 0 0 0 0
0 0 0 0 0 0 0 0 0 0 0 0 1 -1 0 0 0 0 0 0 0 0 0 0 0 0 0 0 0 0 0 0 0
-1 0 -1 0 0 0 0 0 0 0 0 0 0 0 0 0 1 0 0 -1 0 0 0 -2 0 0 0 0 0 0 1 0 0
0 0 -1 -1 0 0 0 -1 1 0 0 0 0 0 0 0 0 1 0 -1 0 0 0 -2 0 0 0 0 0 0 1 0 0
-1 1 -1 1 0 0 0 0 0 0 0 0 0 0 0 0 0 0 1 -1 0 0 0 0 0 0 0 0 0 0 0 0 0
-1 1 -1 1 0 0 -1 1 -1 1 0 0 0 0 0 0 0 0 0 0 0 0 0 0 0 0 0 0 0 0 0 0 0
0 0 0 0 0 0 0 0 0 0 -1 0 0 -1 -1 -1 0 0 0 0 1 0 0 0 0 0 0 0 0 0 0 0 0
0 0 -1 0 1 0 1 0 2 0 0 0 0 0 0 0 0 0 0 -2 0 0 0 -2 0 0 0 0 0 0 1 0 0
-1 0 -1 0 0 0 -2 0 -2 0 0 0 0 0 0 0 0 0 0 1 0 1 1 0 0 0 0 0 0 0 0 1 0
0 0 0 0 0 0 0 0 0 0 -1 1 1 -1 0 0 0 0 0 0 0 0 0 0 0 0 0 0 0 0 0 0 0
0 1 -1 0 0 0 0 -1 1 0 0 0 0 0 0 0 0 0 0 -2 0 -1 0 -1 1 0 0 0 0 0 1 1 0
-1 0 -1 0 0 0 0 0 0 0 0 0 0 0 0 0 0 0 0 -1 0 1 0 -1 0 1 0 0 0 0 1 0 0
0 0 0 -1 0 1 2 -1 2 0 0 0 0 0 0 0 0 0 0 -2 0 0 0 -2 0 0 0 0 0 0 1 0 0
0 0 0 0 0 0 0 0 0 0 -1 0 0 -1 0 0 0 0 0 0 0 0 0 0 0 0 1 1 0 0 0 0 0
0 0 0 0 0 0 0 0 0 0 0 0 0 0 -1 -1 0 0 0 0 0 0 0 0 0 0 0 0 2 0 0 0 0
-1 0 -1 0 0 0 1 0 1 0 0 0 0 0 0 0 0 0 0 -2 0 0 0 -2 0 0 0 0 0 1 1 0 0
0 0 -1 -1 0 0 1 -1 2 0 0 0 0 0 0 0 0 0 0 -2 0 0 0 -2 0 0 0 0 0 0 2 0 0
-1 1 -1 1 0 0 -2 0 -2 0 0 0 0 0 0 0 0 0 0 0 0 0 0 0 0 0 0 0 0 0 0 2 0
0 0 0 0 0 0 0 0 0 0 -1 0 0 -1 -1 -1 0 0 0 0 0 0 0 0 0 0 0 0 0 0 0 0 1

1 0 0 0 0 0 0 0 0 0 0 0 0 0 0 0 0 0 0 0 0 0 0 0 0 0 0 0 0
0 1 0 0 0 0 0 0 0 0 0 0 0 0 0 0 0 0 0 0 0 0 0 0 0 0 0 0 0
0 0 1 0 0 0 0 0 0 0 0 0 0 0 0 0 0 0 0 0 0 0 0 0 0 0 0 0 0
0 0 0 1 0 0 0 0 0 0 0 0 0 0 0 0 0 0 0 0 0 0 0 0 0 0 0 0 0
0 0 0 0 1 0 0 0 0 0 0 0 0 0 0 0 0 0 0 0 0 0 0 0 0 0 0 0 0
0 0 0 0 0 1 0 0 0 0 0 0 0 0 0 0 0 0 0 0 0 0 0 0 0 0 0 0 0
0 0 0 0 0 0 1 0 0 0 0 0 0 0 0 0 0 0 0 0 0 0 0 0 0 0 0 0 0
0 0 0 0 0 0 0 1 0 0 0 0 0 0 0 0 0 0 0 0 0 0 0 0 0 0 0 0 0
0 0 0 0 0 0 0 0 1 0 0 0 0 0 0 0 0 0 0 0 0 0 0 0 0 0 0 0 0
0 0 0 0 0 0 0 0 0 1 0 0 0 0 0 0 0 0 0 0 0 0 0 0 0 0 0 0 0
0 0 0 0 0 0 0 0 0 0 1 0 0 0 0 0 0 0 0 0 0 0 0 0 0 0 0 0 0
0 0 0 0 0 0 0 0 0 0 0 1 0 0 0 0 0 0 0 0 0 0 0 0 0 0 0 0 0
0 0 0 0 0 0 0 0 0 0 0 0 1 0 0 0 0 0 0 0 0 0 0 0 0 0 0 0 0
0 0 0 0 0 0 0 0 0 0 0 0 0 1 0 0 0 0 0 0 0 0 0 0 0 0 0 0 0
0 0 0 0 0 0 0 0 0 0 0 0 0 0 1 0 0 0 0 0 0 0 0 0 0 0 0 0 0
0 0 0 0 0 0 0 0 0 0 0 0 0 0 0 2 0 0 0 0 0 0 0 0 0 0 0 0 0
0 0 0 0 0 0 0 0 0 0 0 0 0 0 0 0 0 0 0 0 0 0 0 0 0 0 0 0 0
0 0 0 0 0 0 0 0 0 0 0 0 0 0 0 0 0 0 0 0 0 0 0 0 0 0 0 0 0
0 0 0 0 0 0 0 0 0 0 0 0 0 0 0 0 0 0 0 0 0 0 0 0 0 0 0 0 0
0 0 0 0 0 0 0 0 0 0 0 0 0 0 0 0 0 0 0 0 0 0 0 0 0 0 0 0 0
0 0 0 0 0 0 0 0 0 0 0 0 0 0 0 0 0 0 0 0 0 0 0 0 0 0 0 0 0
0 0 0 0 0 0 0 0 0 0 0 0 0 0 0 0 0 0 0 0 0 0 0 0 0 0 0 0 0
0 0 0 0 0 0 0 0 0 0 0 0 0 0 0 0 0 0 0 0 0 0 0 0 0 0 0 0 0
0 0 0 0 0 0 0 0 0 0 0 0 0 0 0 0 0 0 0 0 0 0 0 0 0 0 0 0 0
0 0 0 0 0 0 0 0 0 0 0 0 0 0 0 0 0 0 0 0 0 0 0 0 0 0 0 0 0
0 0 0 0 0 0 0 0 0 0 0 0 0 0 0 0 0 0 0 0 0 0 0 0 0 0 0 0 0
0 0 0 0 0 0 0 0 0 0 0 0 0 0 0 0 0 0 0 0 0 0 0 0 0 0 0 0 0
0 0 0 0 0 0 0 0 0 0 0 0 0 0 0 0 0 0 0 0 0 0 0 0 0 0 0 0 0
0 0 0 0 0 0 0 0 0 0 0 0 0 0 0 0 0 0 0 0 0 0 0 0 0 0 0 0 0
0 0 0 0 0 0 0 0 0 0 0 0 0 0 0 0 0 0 0 0 0 0 0 0 0 0 0 0 0
0 0 0 0 0 0 0 0 0 0 0 0 0 0 0 0 0 0 0 0 0 0 0 0 0 0 0 0 0
0 0 0 0 0 0 0 0 0 0 0 0 0 0 0 0 0 0 0 0 0 0 0 0 0 0 0 0 0
0 0 0 0 0 0 0 0 0 0 0 0 0 0 0 0 0 0 0 0 0 0 0 0 0 0 0 0 0

1 0 0 0 0 0 0 0 0 0 0 0 -1 0 0 0 0 0 -2 0 0 0 0 0 0 -1 0 0 -1
0 1 0 0 0 0 0 0 0 0 0 0 -1 0 0 0 0 -2 0 -1 0 0 0 0 0 0 0 -1 -2
0 0 1 0 0 0 0 0 0 0 0 0 -1 0 0 0 0 0 0 -1 -2 0 0 0 0 -1 0 -1 -1
0 0 0 1 0 0 0 0 0 0 0 0 -2 0 0 0 -1 -2 0 -1 -2 0 0 0 0 0 0 -2 -3
0 0 0 0 1 0 0 0 0 0 0 0 -1 0 0 0 -1 0 -2 0 -2 0 0 0 0 -1 0 -1 -2
0 0 0 0 0 1 0 0 0 0 0 0 0 0 0 -1 0 0 0 0 0 -1 0 0 0 0 -2 0 0
0 0 0 0 0 0 1 0 0 0 0 0 0 0 0 0 0 0 0 0 0 -1 0 0 0 0 -2 0 0
0 0 0 0 0 0 0 1 0 0 0 0 0 0 0 -1 0 0 0 0 0 -2 -2 0 -2 0 -2 0 0
0 0 0 0 0 0 0 0 1 0 0 0 -1 0 0 0 0 0 0 0 0 0 0 0 0 1 0 -1 -1
0 0 0 0 0 0 0 0 0 1 0 0 0 0 0 0 0 0 0 1 0 0 0 0 0 0 0 1 1
0 0 0 0 0 0 0 0 0 0 0 0 0 0 0 0 0 0 0 1 0 0 0 0 0 0 0 0 0
0 0 0 0 0 0 0 0 0 0 0 0 0 0 0 0 0 0 0 0 0 0 0 0 0 1 0 0 0
0 0 0 0 0 0 0 0 0 0 0 0 0 0 0 0 1 0 0 0 0 0 0 0 0 0 0 0 0
0 0 0 0 0 0 0 0 0 0 1 0 0 0 0 -1 0 0 0 0 0 1 0 0 0 0 0 0 0
0 0 0 0 0 0 0 0 0 0 0 0 0 0 0 0 0 0 0 0 0 1 0 0 0 0 0 0 0
0 0 0 0 0 0 0 0 0 0 0 1 0 0 0 0 0 0 1 0 0 0 0 0 0 0 0 0 1
0 0 0 0 0 0 0 0 0 0 0 0 1 0 0 0 0 1 0 0 0 0 0 0 0 0 0 0 1
0 0 0 0 0 0 0 0 0 0 0 0 0 0 0 0 0 1 0 0 0 0 0 0 0 0 0 0 0
0 0 0 0 0 0 0 0 0 0 0 0 0 0 0 0 0 0 1 0 0 0 0 0 0 0 0 0 0
0 0 0 0 0 0 0 0 0 0 0 0 0 1 0 0 0 0 0 0 1 0 0 0 0 0 0 0 0
0 0 0 0 0 0 0 0 0 0 0 0 0 0 0 0 0 0 0 0 1 0 0 0 0 0 0 0 0
0 0 0 0 0 0 0 0 0 0 0 0 0 0 1 -1 0 0 0 0 0 0 1 -1 1 0 0 0 0
0 0 0 0 0 0 0 0 0 0 0 0 0 0 0 0 0 0 0 0 0 0 1 0 0 0 0 0 0
0 0 0 0 0 0 0 0 0 0 0 0 0 0 0 0 0 0 0 0 0 0 0 1 0 0 0 0 0
0 0 0 0 0 0 0 0 0 0 0 0 0 0 0 0 0 0 0 0 0 0 0 0 1 0 0 0 0
0 0 0 0 0 0 0 0 0 0 0 0 0 0 0 1 0 0 0 0 0 0 0 0 0 0 1 0 0
0 0 0 0 0 0 0 0 0 0 0 0 0 0 0 0 0 0 0 0 0 0 0 0 0 0 1 0 0
0 0 0 0 0 0 0 0 0 0 0 0 0 0 0 0 0 0 0 0 0 0 0 0 0 0 0 1 0
0 0 0 0 0 0 0 0 0 0 0 0 1 0 0 0 0 0 0 0 0 0 0 0 0 0 0 1 2
