GM:(0,0,0)  M:(1/2,1/2,0)  R:(1/2,1/2,1/2)  X:(0,1/2,0)
GM:(0,0,0)  M:(1/2,1/2,0)  R:(1/2,1/2,1/2)  X:(0,1/2,0)
GM1-  GM2+GM3+  GM2-GM3-  GM1+  GM4+  GM4-  GM6GM7  GM10GM9  GM5  GM8  M1-M2-  M1+M2+  M3+M4+  M3-M4-  M5M5  M6M6  R1-R1+  R2+R3-  R2-R3+  R4-R4+  R7R9  R10R6  R5R8  X1-X4+  X1+X4-  X2+X3-  X2-X3+  X5X6
1 2 2 1 3 3 4 4 2 2 2 2 2 2 4 4 2 2 2 6 4 4 4 2 2 2 2 4
2a (m3,m3) 1Au 2 1,2a (m3,m3) 1Eg 2 1,2a (m3,m3) 1Eu 2 1,2a (m3,m3) 2Eg 2 1,2a (m3,m3) 2Eu 2 1,2a (m3,m3) Ag 2 1,2a (m3,m3) Tg 6 1,2a (m3,m3) Tu 6 1,2a (m3,m3) 1Fg 4 1,2a (m3,m3) 1Fu 4 1,2a (m3,m3). 2Fg 4 1,2a (m3,m3). 2Fu 4 1,2a (m3,m3). Eg 4 1,2a (m3,m3). Eu 4 1,6b (mmm,mmm) Ag 6 1,6b (mmm,mmm) Au 6 1,6b (mmm,mmm) B1g 6 1,6b (mmm,mmm) B1u 6 1,6b (mmm,mmm) B2g 6 1,6b (mmm,mmm) B2u 6 1,6b (mmm,mmm) B3g 6 1,6b (mmm,mmm) B3u 6 1,6b (mmm,mmm) Eg 2 0,6b (mmm,mmm) Eu 2 0,8c (3',3) A1 8 1
2 0 0 0 0 0 0 0 0 0 1 0 0 0 0 0 1 0 0 0 0 0 0 1 0 0 0 0
0 1 0 0 0 0 0 0 0 0 0 1 0 0 0 0 0 1 0 0 0 0 0 0 1 0 0 0
0 0 1 0 0 0 0 0 0 0 1 0 0 0 0 0 0 0 1 0 0 0 0 1 0 0 0 0
0 1 0 0 0 0 0 0 0 0 0 1 0 0 0 0 0 0 1 0 0 0 0 0 1 0 0 0
0 0 1 0 0 0 0 0 0 0 1 0 0 0 0 0 0 1 0 0 0 0 0 1 0 0 0 0
0 0 0 2 0 0 0 0 0 0 0 1 0 0 0 0 1 0 0 0 0 0 0 0 1 0 0 0
0 0 0 0 2 0 0 0 0 0 0 1 2 0 0 0 0 0 0 1 0 0 0 1 0 1 1 0
0 0 0 0 0 2 0 0 0 0 1 0 0 2 0 0 0 0 0 1 0 0 0 0 1 1 1 0
0 0 0 0 0 0 1 0 0 0 0 0 0 0 1 0 0 0 0 0 1 0 0 0 0 0 0 1
0 0 0 0 0 0 0 1 0 0 0 0 0 0 0 1 0 0 0 0 0 1 0 0 0 0 0 1
0 0 0 0 0 0 1 0 0 0 0 0 0 0 1 0 0 0 0 0 0 1 0 0 0 0 0 1
0 0 0 0 0 0 0 1 0 0 0 0 0 0 0 1 0 0 0 0 1 0 0 0 0 0 0 1
0 0 0 0 0 0 0 0 2 0 0 0 0 0 1 0 0 0 0 0 0 0 1 0 0 0 0 1
0 0 0 0 0 0 0 0 0 2 0 0 0 0 0 1 0 0 0 0 0 0 1 0 0 0 0 1
0 2 0 2 0 0 0 0 0 0 0 1 0 2 0 0 0 0 0 1 0 0 0 0 3 0 0 0
2 0 2 0 0 0 0 0 0 0 1 0 2 0 0 0 0 0 0 1 0 0 0 3 0 0 0 0
0 0 0 0 2 0 0 0 0 0 1 0 1 1 0 0 0 0 0 1 0 0 0 1 0 1 1 0
0 0 0 0 0 2 0 0 0 0 0 1 1 1 0 0 0 0 0 1 0 0 0 0 1 1 1 0
0 0 0 0 2 0 0 0 0 0 1 0 1 1 0 0 0 0 0 1 0 0 0 1 0 1 1 0
0 0 0 0 0 2 0 0 0 0 0 1 1 1 0 0 0 0 0 1 0 0 0 0 1 1 1 0
0 0 0 0 2 0 0 0 0 0 2 1 0 0 0 0 1 1 1 0 0 0 0 1 0 1 1 0
0 0 0 0 0 2 0 0 0 0 1 2 0 0 0 0 1 1 1 0 0 0 0 0 1 1 1 0
0 0 0 0 0 0 2 0 2 0 0 0 0 0 1 2 0 0 0 0 1 1 1 0 0 0 0 3
0 0 0 0 0 0 0 2 0 2 0 0 0 0 2 1 0 0 0 0 1 1 1 0 0 0 0 3
1 0 0 1 1 1 0 0 0 0 1 1 1 1 0 0 1 0 0 1 0 0 0 1 1 1 1 0

0 0 -1 0 -1 0 0 0 0 0 0 0 0 0 0 0 0 0 0 0 0 0 0 1 0 0 1 0
0 0 0 0 0 0 0 0 0 0 0 0 0 0 0 0 0 1 0 0 0 0 0 0 0 0 0 0
-1 0 1 -1 0 -1 0 0 0 0 0 0 0 1 0 0 2 0 0 0 0 0 0 0 0 0 0 0
0 1 0 0 0 1 0 0 0 0 0 0 0 -1 0 0 0 -1 0 0 0 0 0 0 0 0 0 0
0 0 -1 1 -1 1 0 0 0 0 0 0 0 -1 0 0 -1 0 0 0 0 0 0 1 0 0 1 0
0 0 0 0 0 0 0 0 0 0 0 0 0 0 0 0 0 0 0 0 0 0 0 0 0 0 1 0
0 0 0 0 0 1 0 0 0 0 0 0 0 0 0 0 0 0 0 0 0 0 0 0 0 0 0 0
0 0 0 0 0 0 0 0 0 0 0 0 0 0 0 0 0 0 0 0 1 0 0 0 0 0 0 0
0 0 0 0 0 0 0 1 0 0 0 0 0 0 0 0 0 0 0 0 0 0 0 0 0 0 0 0
0 0 0 0 0 0 1 0 0 0 0 0 0 0 0 0 0 0 0 0 -1 0 0 0 0 0 0 0
0 0 0 0 0 0 1 0 1 0 0 0 0 0 -1 0 0 0 0 0 0 0 0 0 0 0 0 0
0 0 0 0 0 0 0 -1 0 0 0 0 0 0 -1 0 0 0 0 0 0 0 0 0 0 0 0 1
0 -1 -1 0 -1 -1 0 0 0 0 0 0 0 0 0 0 -1 0 0 0 0 0 0 1 1 0 1 0
1 0 0 1 0 1 0 0 0 0 0 0 0 -1 0 0 -2 0 0 0 0 0 0 0 0 0 0 0
0 0 0 0 0 0 2 0 1 0 0 0 0 0 -2 0 0 0 0 0 0 0 0 0 0 0 0 0
0 0 0 0 0 0 -2 -2 -1 -1 0 0 0 0 1 1 0 0 0 0 0 0 0 0 0 0 0 1
-1 0 0 -1 -1 -1 0 0 0 0 0 0 1 1 0 0 2 0 0 0 0 0 0 0 0 0 0 0
0 0 -2 1 -1 0 0 0 0 0 1 0 0 -1 0 0 -2 0 0 0 0 0 0 1 0 0 1 0
1 -1 -1 1 0 0 0 0 0 0 0 0 0 0 0 0 -2 1 1 0 0 0 0 0 0 0 0 0
-1 -1 -1 -1 -1 -1 0 0 0 0 0 0 0 0 0 0 1 0 0 1 0 0 0 1 1 0 0 0
0 -2 0 -1 -1 -2 0 0 0 0 0 1 0 1 0 0 0 0 0 0 0 0 0 0 1 0 1 0
0 0 0 0 0 0 -1 -1 0 0 0 0 0 0 0 0 0 0 0 0 1 1 0 0 0 0 0 0
0 0 0 0 0 0 -1 -1 -1 -1 0 0 0 0 0 0 0 0 0 0 0 0 1 0 0 0 0 1
-1 0 -2 0 -1 0 0 0 0 0 0 0 0 0 0 0 0 0 0 0 0 0 0 2 0 0 0 0
0 -2 0 -1 0 -1 0 0 0 0 0 0 0 0 0 0 0 0 0 0 0 0 0 0 2 0 0 0
0 0 0 0 -1 -1 0 0 0 0 0 0 0 0 0 0 0 0 0 0 0 0 0 0 0 1 1 0
0 0 0 0 -1 -1 0 0 0 0 0 0 0 0 0 0 0 0 0 0 0 0 0 0 0 0 2 0
0 0 0 0 0 0 -2 -2 -1 -1 0 0 0 0 0 0 0 0 0 0 0 0 0 0 0 0 0 2

1 0 0 0 0 0 0 0 0 0 0 0 0 0 0 0 0 0 0 0 0 0 0 0 0
0 1 0 0 0 0 0 0 0 0 0 0 0 0 0 0 0 0 0 0 0 0 0 0 0
0 0 1 0 0 0 0 0 0 0 0 0 0 0 0 0 0 0 0 0 0 0 0 0 0
0 0 0 1 0 0 0 0 0 0 0 0 0 0 0 0 0 0 0 0 0 0 0 0 0
0 0 0 0 1 0 0 0 0 0 0 0 0 0 0 0 0 0 0 0 0 0 0 0 0
0 0 0 0 0 1 0 0 0 0 0 0 0 0 0 0 0 0 0 0 0 0 0 0 0
0 0 0 0 0 0 1 0 0 0 0 0 0 0 0 0 0 0 0 0 0 0 0 0 0
0 0 0 0 0 0 0 1 0 0 0 0 0 0 0 0 0 0 0 0 0 0 0 0 0
0 0 0 0 0 0 0 0 1 0 0 0 0 0 0 0 0 0 0 0 0 0 0 0 0
0 0 0 0 0 0 0 0 0 1 0 0 0 0 0 0 0 0 0 0 0 0 0 0 0
0 0 0 0 0 0 0 0 0 0 1 0 0 0 0 0 0 0 0 0 0 0 0 0 0
0 0 0 0 0 0 0 0 0 0 0 1 0 0 0 0 0 0 0 0 0 0 0 0 0
0 0 0 0 0 0 0 0 0 0 0 0 1 0 0 0 0 0 0 0 0 0 0 0 0
0 0 0 0 0 0 0 0 0 0 0 0 0 1 0 0 0 0 0 0 0 0 0 0 0
0 0 0 0 0 0 0 0 0 0 0 0 0 0 4 0 0 0 0 0 0 0 0 0 0
0 0 0 0 0 0 0 0 0 0 0 0 0 0 0 0 0 0 0 0 0 0 0 0 0
0 0 0 0 0 0 0 0 0 0 0 0 0 0 0 0 0 0 0 0 0 0 0 0 0
0 0 0 0 0 0 0 0 0 0 0 0 0 0 0 0 0 0 0 0 0 0 0 0 0
0 0 0 0 0 0 0 0 0 0 0 0 0 0 0 0 0 0 0 0 0 0 0 0 0
0 0 0 0 0 0 0 0 0 0 0 0 0 0 0 0 0 0 0 0 0 0 0 0 0
0 0 0 0 0 0 0 0 0 0 0 0 0 0 0 0 0 0 0 0 0 0 0 0 0
0 0 0 0 0 0 0 0 0 0 0 0 0 0 0 0 0 0 0 0 0 0 0 0 0
0 0 0 0 0 0 0 0 0 0 0 0 0 0 0 0 0 0 0 0 0 0 0 0 0
0 0 0 0 0 0 0 0 0 0 0 0 0 0 0 0 0 0 0 0 0 0 0 0 0
0 0 0 0 0 0 0 0 0 0 0 0 0 0 0 0 0 0 0 0 0 0 0 0 0
0 0 0 0 0 0 0 0 0 0 0 0 0 0 0 0 0 0 0 0 0 0 0 0 0
0 0 0 0 0 0 0 0 0 0 0 0 0 0 0 0 0 0 0 0 0 0 0 0 0
0 0 0 0 0 0 0 0 0 0 0 0 0 0 0 0 0 0 0 0 0 0 0 0 0

1 0 0 0 0 0 -1 0 0 0 0 0 0 0 0 0 0 1 0 1 -1 0 0 0 -1
0 1 0 0 0 0 0 0 0 0 0 0 0 0 0 0 0 0 0 0 -1 -1 -1 0 0
0 0 1 0 0 0 0 0 0 0 0 0 0 1 0 0 0 2 0 2 -2 0 -1 0 0
0 0 0 1 0 0 0 0 0 0 0 0 0 -1 0 0 0 -2 0 -2 1 -1 1 0 0
0 0 0 0 0 0 0 0 0 0 0 0 0 0 0 0 0 0 0 0 0 0 1 0 0
0 0 0 0 1 0 -1 0 0 0 0 0 0 -1 0 0 0 -1 0 -1 0 -1 0 0 -1
0 0 0 0 0 1 -1 0 0 0 0 0 0 0 0 0 -1 0 -1 0 -1 0 0 0 -1
0 0 0 0 0 0 0 0 0 0 0 0 0 -1 0 0 -1 -2 -1 -2 0 -1 0 0 -1
0 0 0 0 0 0 0 1 0 0 0 0 0 0 -1 -1 0 0 0 0 0 0 0 -2 0
0 0 0 0 0 0 0 0 1 0 0 0 0 0 0 -1 0 0 0 0 0 0 0 -2 0
0 0 0 0 0 0 0 0 0 1 0 0 0 0 -1 1 0 0 0 0 0 0 0 0 0
0 0 0 0 0 0 0 0 0 0 0 0 0 0 0 1 0 0 0 0 0 0 0 0 0
0 0 0 0 0 0 0 0 0 0 1 0 0 0 -3 0 0 0 0 0 0 0 0 -1 0
0 0 0 0 0 0 0 0 0 0 0 1 0 0 -2 0 0 0 0 0 0 0 0 -1 0
0 0 0 0 0 0 0 0 0 0 0 0 1 0 0 0 0 1 0 1 0 1 0 0 0
0 0 0 0 0 0 0 0 0 0 0 0 0 0 0 0 0 -1 0 -1 1 0 0 0 0
0 0 0 0 0 0 0 0 0 0 0 0 0 0 0 0 1 0 0 0 0 0 0 0 0
0 0 0 0 0 0 0 0 0 0 0 0 0 0 0 0 0 1 0 0 0 0 0 0 0
0 0 0 0 0 0 0 0 0 0 0 0 0 0 0 0 0 0 1 0 0 0 0 0 0
0 0 0 0 0 0 0 0 0 0 0 0 0 1 0 0 1 1 1 2 0 0 0 0 0
0 0 0 0 0 0 0 0 0 0 0 0 0 0 0 0 0 0 0 0 1 0 0 0 0
0 0 0 0 0 0 0 0 0 0 0 0 0 0 0 0 0 0 0 0 0 1 0 0 0
0 0 0 0 0 0 0 0 0 0 0 0 0 0 1 0 0 0 0 0 0 0 0 1 0
0 0 0 0 0 0 0 0 0 0 0 0 0 0 0 0 0 0 0 0 0 0 0 1 0
0 0 0 0 0 0 1 0 0 0 0 0 0 0 0 0 0 0 0 0 0 0 0 0 2
