GM:(0,0,0)  M:(1,1,1)  N:(1/2,0,1/2)  P:(1/2,1/2,1/2)  X:(1/2,1/2,0)
GM:(0,0,0)  M:(1,1,1)  N:(1/2,0,1/2)  P:(1/2,1/2,1/2)  X:(1/2,1/2,0)
GM1  GM4  GM2  GM3  GM5  GM6  GM7  M1  M4  M2  M3  M5  M6  M7  N1N2  N3N3  N4N4  P1P2  P3P4  P5P6  P7P8  X1  X2  X3  X4  X5
1 1 1 1 2 2 2 1 1 1 1 2 2 2 2 2 2 2 2 2 2 1 1 1 1 2
4a (2221',222) A1 2 1;4a (2221',222) B1 2 1;4a (2221',222) B2 2 1;4a (2221',222) B3 2 1;4a (2221',222) E 4 1;4b (41',4) A 2 1;4b (41',4) B 2 1;4b (41',4) 1E12E1 4 1;4b (41',4) 1E22E2 4 1;4c (41',4) A 2 1;4c (41',4) B 2 1;4c (41',4) 1E12E1 4 1;4c (41',4) 1E22E2 4 1;4d (2221',222) A1 2 1;4d (2221',222) B1 2 1;4d (2221',222) B2 2 1;4d (2221',222) B3 2 1;4d (2221',222) E 4 1
1 1 0 0 0 0 0 1 1 0 0 0 0 0 1 0 0 1 0 0 0 2 0 0 0 0
0 0 1 1 0 0 0 0 0 1 1 0 0 0 1 0 0 1 0 0 0 0 2 0 0 0
0 0 0 0 1 0 0 0 0 0 0 1 0 0 1 0 0 0 1 0 0 0 0 1 1 0
0 0 0 0 1 0 0 0 0 0 0 1 0 0 1 0 0 0 1 0 0 0 0 1 1 0
0 0 0 0 0 1 1 0 0 0 0 0 1 1 0 1 1 0 0 1 1 0 0 0 0 2
1 0 0 1 0 0 0 1 0 0 1 0 0 0 1 0 0 1 0 0 0 1 1 0 0 0
0 1 1 0 0 0 0 0 1 1 0 0 0 0 1 0 0 1 0 0 0 1 1 0 0 0
0 0 0 0 0 0 2 0 0 0 0 0 0 2 0 1 1 0 0 1 1 0 0 0 0 2
0 0 0 0 0 2 0 0 0 0 0 0 2 0 0 1 1 0 0 1 1 0 0 0 0 2
1 0 0 1 0 0 0 0 1 1 0 0 0 0 1 0 0 0 1 0 0 0 0 1 1 0
0 1 1 0 0 0 0 1 0 0 1 0 0 0 1 0 0 0 1 0 0 0 0 1 1 0
0 0 0 0 0 0 2 0 0 0 0 0 2 0 0 1 1 0 0 1 1 0 0 0 0 2
0 0 0 0 0 2 0 0 0 0 0 0 0 2 0 1 1 0 0 1 1 0 0 0 0 2
1 1 0 0 0 0 0 0 0 1 1 0 0 0 1 0 0 0 1 0 0 0 0 2 0 0
0 0 1 1 0 0 0 1 1 0 0 0 0 0 1 0 0 0 1 0 0 0 0 0 2 0
0 0 0 0 1 0 0 0 0 0 0 1 0 0 1 0 0 1 0 0 0 1 1 0 0 0
0 0 0 0 1 0 0 0 0 0 0 1 0 0 1 0 0 1 0 0 0 1 1 0 0 0
0 0 0 0 0 1 1 0 0 0 0 0 1 1 0 1 1 0 0 1 1 0 0 0 0 2

-1 1 -1 0 -1 0 0 0 0 0 0 0 0 0 0 0 0 1 0 0 0 0 0 0 1 0
0 0 1 0 0 0 0 0 0 0 0 0 0 0 0 0 0 0 0 0 0 0 0 0 0 0
0 0 0 0 1 0 0 0 0 0 0 0 0 0 0 0 0 0 0 0 0 0 0 0 0 0
0 0 0 0 0 1 0 0 0 0 0 0 0 0 0 0 0 0 0 0 0 0 0 0 0 0
-1 0 -2 0 -1 0 0 0 0 0 1 0 0 0 0 0 0 1 0 0 0 0 0 0 1 0
0 0 0 0 0 -1 0 0 0 0 0 0 0 0 0 0 0 0 0 0 1 0 0 0 0 0
0 0 0 0 -1 0 0 0 0 0 0 0 0 0 0 0 0 0 0 0 0 0 0 0 1 0
0 0 1 0 0 0 0 1 0 0 0 0 0 0 0 0 0 -1 0 0 0 0 0 0 0 0
-1 1 -2 0 -1 0 0 -1 0 0 1 0 0 0 0 0 0 1 0 0 0 0 0 0 1 0
-2 2 -4 0 -2 1 0 -2 0 0 2 0 -1 0 0 0 0 2 0 0 0 0 0 0 2 0
-1 0 -1 0 0 0 0 1 0 1 0 0 0 0 0 0 0 0 0 0 0 0 0 0 0 0
0 0 0 0 -1 0 0 0 0 0 0 1 0 0 0 0 0 0 0 0 0 0 0 0 0 0
-1 0 -1 0 0 0 0 0 1 0 1 0 0 0 0 0 0 0 0 0 0 0 0 0 0 0
-1 1 -1 1 0 0 0 0 0 0 0 0 0 0 0 0 0 0 0 0 0 0 0 0 0 0
-1 0 -1 0 -1 0 0 0 0 0 0 0 0 0 1 0 0 0 0 0 0 0 0 0 0 0
0 0 0 0 0 0 0 0 0 0 0 0 -1 -1 0 1 0 0 0 0 1 0 0 0 0 0
0 0 0 0 0 0 0 0 0 0 0 0 -1 -1 0 0 1 0 0 0 1 0 0 0 0 0
0 0 0 0 0 1 1 0 0 0 0 0 -1 -1 0 0 0 0 0 0 0 0 0 0 0 0
-1 0 -1 0 -1 0 0 0 0 0 0 0 0 0 0 0 0 1 1 0 0 0 0 0 0 0
0 0 0 0 0 0 0 0 0 0 0 0 -1 -1 0 0 0 0 0 1 1 0 0 0 0 0
0 0 0 0 0 0 0 0 0 0 0 0 -1 -1 0 0 0 0 0 0 2 0 0 0 0 0
-1 0 -1 0 -1 0 0 -1 0 0 1 0 0 0 0 0 0 0 0 0 0 1 0 0 1 0
-1 1 -2 0 -1 0 0 0 0 0 0 0 0 0 0 0 0 0 0 0 0 0 1 0 1 0
-2 0 -2 0 -2 0 0 0 0 0 0 0 0 0 0 0 0 2 0 0 0 0 0 1 1 0
-2 1 -3 0 -2 0 0 -1 0 0 1 0 0 0 0 0 0 2 0 0 0 0 0 0 2 0
0 0 0 0 0 0 0 0 0 0 0 0 -1 -1 0 0 0 0 0 0 0 0 0 0 0 1

1 0 0 0 0 0 0 0 0 0 0 0 0 0 0 0 0 0
0 1 0 0 0 0 0 0 0 0 0 0 0 0 0 0 0 0
0 0 1 0 0 0 0 0 0 0 0 0 0 0 0 0 0 0
0 0 0 1 0 0 0 0 0 0 0 0 0 0 0 0 0 0
0 0 0 0 1 0 0 0 0 0 0 0 0 0 0 0 0 0
0 0 0 0 0 1 0 0 0 0 0 0 0 0 0 0 0 0
0 0 0 0 0 0 1 0 0 0 0 0 0 0 0 0 0 0
0 0 0 0 0 0 0 1 0 0 0 0 0 0 0 0 0 0
0 0 0 0 0 0 0 0 1 0 0 0 0 0 0 0 0 0
0 0 0 0 0 0 0 0 0 2 0 0 0 0 0 0 0 0
0 0 0 0 0 0 0 0 0 0 0 0 0 0 0 0 0 0
0 0 0 0 0 0 0 0 0 0 0 0 0 0 0 0 0 0
0 0 0 0 0 0 0 0 0 0 0 0 0 0 0 0 0 0
0 0 0 0 0 0 0 0 0 0 0 0 0 0 0 0 0 0
0 0 0 0 0 0 0 0 0 0 0 0 0 0 0 0 0 0
0 0 0 0 0 0 0 0 0 0 0 0 0 0 0 0 0 0
0 0 0 0 0 0 0 0 0 0 0 0 0 0 0 0 0 0
0 0 0 0 0 0 0 0 0 0 0 0 0 0 0 0 0 0
0 0 0 0 0 0 0 0 0 0 0 0 0 0 0 0 0 0
0 0 0 0 0 0 0 0 0 0 0 0 0 0 0 0 0 0
0 0 0 0 0 0 0 0 0 0 0 0 0 0 0 0 0 0
0 0 0 0 0 0 0 0 0 0 0 0 0 0 0 0 0 0
0 0 0 0 0 0 0 0 0 0 0 0 0 0 0 0 0 0
0 0 0 0 0 0 0 0 0 0 0 0 0 0 0 0 0 0
0 0 0 0 0 0 0 0 0 0 0 0 0 0 0 0 0 0
0 0 0 0 0 0 0 0 0 0 0 0 0 0 0 0 0 0

1 0 0 0 0 0 0 -1 0 0 0 0 0 -1 0 -1 -1 0
0 1 0 0 0 0 0 -1 0 0 0 0 0 -1 0 -1 -1 0
0 0 1 0 0 0 0 -1 0 0 -1 0 0 0 0 -2 -2 0
0 0 0 0 0 0 0 0 0 0 1 0 0 0 0 0 0 0
0 0 0 1 0 0 0 0 0 0 0 -2 -2 0 0 0 0 -1
0 0 0 0 1 0 0 0 0 0 0 0 0 1 0 0 0 0
0 0 0 0 0 0 0 0 0 0 0 0 0 1 0 0 0 0
0 0 0 0 0 1 0 0 -1 1 0 1 0 0 0 0 0 0
0 0 0 0 0 0 0 0 0 0 0 1 0 0 0 0 0 0
0 0 0 0 0 0 1 0 0 0 0 0 0 0 -1 1 1 0
0 0 0 0 0 0 0 1 0 0 0 0 0 0 -1 1 1 0
0 0 0 0 0 0 0 0 1 -1 0 0 1 0 0 0 0 0
0 0 0 0 0 0 0 0 0 0 0 0 1 0 0 0 0 0
0 0 0 0 0 0 0 0 1 0 0 0 0 0 1 0 0 0
0 0 0 0 0 0 0 0 0 0 0 0 0 0 1 0 0 0
0 0 0 0 0 0 0 0 0 0 0 0 0 0 0 1 0 0
0 0 0 0 0 0 0 1 0 0 0 0 0 0 0 1 2 0
0 0 0 0 0 0 0 0 0 0 0 0 0 0 0 0 0 1
