GM:(0,0,0)  H:(1,1,1)  N:(1/2,1/2,0)  P:(1/2,1/2,1/2)
GM:(0,0,0)  H:(1,1,1)  N:(1/2,1/2,0)  P:(1/2,1/2,1/2)
GM3  GM4  GM5  GM1  GM2  GM6  GM7  GM8  H3H3  H4H5  H1H2  H6H7  H8H8  N1N3  N2N4  N5N5  P1P3  P2P2  P5P6  P7P7  P4P4
2 3 3 1 1 2 2 4 4 6 2 4 8 2 2 4 4 4 2 6 2
16a (3',3) 1E2E 6 1;16a (3',3) A1 8 1;16a (3',3) 1E2E 6 1;16b (32,32) A1 8 1;16b (32,32) A2 8 1;16b (32,32) E 6 1;16b (32,32) 1E 8 1;16b (32,32) 2E 8 1;16b (32,32) E1 6 1;24c (222,222) A1 2 1;24c (222,222) B1 2 1;24c (222,222) B2 2 1;24c (222,222) B3 2 1;24d (4',2) A 2 1
2 2 2 0 0 0 0 0 1 2 0 0 0 4 4 0 2 2 0 0 0
0 1 1 1 1 0 0 0 0 1 1 0 0 2 2 0 2 0 0 0 0
0 0 0 0 0 2 2 2 0 0 0 2 1 0 0 4 0 0 2 2 0
0 0 2 2 0 0 0 0 0 1 1 0 0 3 1 0 2 0 0 0 0
0 2 0 0 2 0 0 0 0 1 1 0 0 1 3 0 2 0 0 0 0
2 2 2 0 0 0 0 0 1 2 0 0 0 4 4 0 2 2 0 0 0
0 0 0 0 0 0 0 2 0 0 0 0 1 0 0 2 0 0 0 1 1
0 0 0 0 0 0 0 2 0 0 0 0 1 0 0 2 0 0 0 1 1
0 0 0 0 0 2 2 2 0 0 0 2 1 0 0 4 0 0 2 2 0
2 0 2 2 0 0 0 0 0 2 0 0 0 4 2 0 2 1 0 0 0
2 2 0 0 2 0 0 0 0 2 0 0 0 2 4 0 2 1 0 0 0
0 2 2 0 0 0 0 0 1 1 1 0 0 3 3 0 2 1 0 0 0
0 2 2 0 0 0 0 0 1 1 1 0 0 3 3 0 2 1 0 0 0
2 1 1 1 1 0 0 0 0 2 0 0 0 3 3 0 2 1 0 0 0

0 0 0 0 0 0 0 0 1 0 0 0 0 0 0 0 0 0 0 0 0
0 1 0 0 0 0 0 0 -2 0 0 0 0 0 0 0 0 0 0 0 0
0 0 0 0 0 1 0 -1 0 0 0 0 1 0 0 0 0 0 0 0 1
-1 -2 0 0 0 0 0 0 2 0 0 0 0 0 1 0 0 0 0 0 0
0 0 0 0 0 0 0 0 0 0 0 0 0 0 0 0 0 0 0 0 1
0 0 0 0 0 0 0 0 -2 0 0 0 0 0 0 0 0 1 0 0 0
0 0 0 0 0 -1 1 0 0 0 0 0 0 0 0 0 0 0 0 0 0
0 -1 0 0 1 0 0 0 2 0 0 0 0 0 0 0 0 0 0 0 0
0 0 1 -1 0 0 0 0 -2 0 0 0 0 0 0 0 0 0 0 0 0
-1 -2 0 -1 0 0 0 0 0 1 0 0 0 0 1 0 0 0 0 0 0
0 -2 0 -1 0 0 0 0 0 0 1 0 0 0 1 0 0 0 0 0 0
0 0 0 0 0 -1 0 0 0 0 0 1 0 0 0 0 0 0 0 0 0
0 0 0 0 0 0 0 -1 0 0 0 0 2 0 0 0 0 0 0 0 0
-1 -2 0 -2 0 0 0 0 -2 0 0 0 0 1 1 0 0 0 0 0 0
-1 -3 0 -1 0 0 0 0 0 0 0 0 0 0 2 0 0 0 0 0 0
0 0 0 0 0 -1 0 -1 0 0 0 0 0 0 0 1 0 0 0 0 0
0 -1 0 -1 0 0 0 0 0 0 0 0 0 0 0 0 1 0 0 0 0
-1 0 0 0 0 0 0 0 -2 0 0 0 0 0 0 0 0 2 0 0 0
0 0 0 0 0 -1 0 0 0 0 0 0 0 0 0 0 0 0 1 0 0
0 0 0 0 0 0 0 -1 0 0 0 0 0 0 0 0 0 0 0 1 1
0 0 0 0 0 1 0 -1 0 0 0 0 0 0 0 0 0 0 0 0 2

1 0 0 0 0 0 0 0 0 0 0 0 0 0
0 1 0 0 0 0 0 0 0 0 0 0 0 0
0 0 1 0 0 0 0 0 0 0 0 0 0 0
0 0 0 1 0 0 0 0 0 0 0 0 0 0
0 0 0 0 1 0 0 0 0 0 0 0 0 0
0 0 0 0 0 1 0 0 0 0 0 0 0 0
0 0 0 0 0 0 0 0 0 0 0 0 0 0
0 0 0 0 0 0 0 0 0 0 0 0 0 0
0 0 0 0 0 0 0 0 0 0 0 0 0 0
0 0 0 0 0 0 0 0 0 0 0 0 0 0
0 0 0 0 0 0 0 0 0 0 0 0 0 0
0 0 0 0 0 0 0 0 0 0 0 0 0 0
0 0 0 0 0 0 0 0 0 0 0 0 0 0
0 0 0 0 0 0 0 0 0 0 0 0 0 0
0 0 0 0 0 0 0 0 0 0 0 0 0 0
0 0 0 0 0 0 0 0 0 0 0 0 0 0
0 0 0 0 0 0 0 0 0 0 0 0 0 0
0 0 0 0 0 0 0 0 0 0 0 0 0 0
0 0 0 0 0 0 0 0 0 0 0 0 0 0
0 0 0 0 0 0 0 0 0 0 0 0 0 0
0 0 0 0 0 0 0 0 0 0 0 0 0 0

1 0 0 0 0 0 0 0 0 -1 0 -1 -1 0
0 1 0 0 0 0 -2 0 0 0 -2 0 0 -1
0 0 1 0 0 0 0 0 -1 0 0 0 0 0
0 0 0 1 0 0 1 0 0 0 2 -1 -1 1
0 0 0 0 0 0 1 0 0 0 0 0 0 0
0 0 0 0 0 0 0 0 0 1 0 0 0 0
0 0 0 0 1 0 0 -1 0 0 0 0 0 0
0 0 0 0 0 0 0 1 0 0 0 0 0 0
0 0 0 0 0 0 0 0 1 0 0 0 0 0
0 0 0 0 0 1 0 0 0 0 -1 1 1 -1
0 0 0 0 0 0 0 0 0 0 1 0 0 0
0 0 0 0 0 0 0 0 0 0 0 1 0 0
0 0 0 0 0 0 0 0 0 0 0 0 1 0
0 0 0 0 0 0 0 0 0 0 0 0 0 1
