GM:(0,0,0)  A:(1/2,1/2,1/2)  M:(1/2,1/2,0)  R:(0,1/2,1/2)  X:(0,1/2,0)  Z:(0,0,1/2)
GM:(0,0,0)  A:(1/2,1/2,1/2)  M:(1/2,1/2,0)  R:(0,1/2,1/2)  X:(0,1/2,0)  Z:(0,0,1/2)
GM1  GM4  GM2  GM3  GM5  GM7  GM6  A1A4  A2A3  A5  A6A7  M1M4  M2M3  M5  M6M7  R1R3  R2R4  R5R5  X1X3  X2X4  X5X5  Z1  Z4  Z2  Z3  Z5  Z7  Z6
1 1 1 1 2 2 2 2 2 2 4 2 2 2 4 2 2 4 2 2 4 1 1 1 1 2 2 2
2a (42m,42m) A1 2 1;2a (42m,42m) A2 2 1;2a (42m,42m) B1 2 1;2a (42m,42m) B2 2 1;2a (42m,42m) E 4 1;2a (42m,42m) E1 4 1;2a (42m,42m) E2 4 1;2b (42m,42m) A1 2 1;2b (42m,42m) A2 2 1;2b (42m,42m) B1 2 1;2b (42m,42m) B2 2 1;2b (42m,42m) E 4 1;2b (42m,42m) E1 4 1;2b (42m,42m) E2 4 1;2c (4'm'm,mm2) A1 2 1;2c (4'm'm,mm2) A2 2 1;2c (4'm'm,mm2) B1B2 4 1;2c (4'm'm,mm2) E 4 1;4d (2/m',2) A 4 1;4d (2/m',2) B 4 1;4e (2/m',2) A 4 1;4e (2/m',2) B 4 1
2 0 0 0 0 0 0 1 0 0 0 1 0 0 0 1 0 0 1 0 0 2 0 0 0 0 0 0
0 2 0 0 0 0 0 1 0 0 0 1 0 0 0 0 1 0 0 1 0 0 2 0 0 0 0 0
0 0 2 0 0 0 0 0 1 0 0 0 1 0 0 1 0 0 1 0 0 0 0 2 0 0 0 0
0 0 0 2 0 0 0 0 1 0 0 0 1 0 0 0 1 0 0 1 0 0 0 0 2 0 0 0
0 0 0 0 2 0 0 0 0 2 0 0 0 2 0 1 1 0 1 1 0 0 0 0 0 2 0 0
0 0 0 0 0 2 0 0 0 0 1 0 0 0 1 0 0 1 0 0 1 0 0 0 0 0 2 0
0 0 0 0 0 0 2 0 0 0 1 0 0 0 1 0 0 1 0 0 1 0 0 0 0 0 0 2
2 0 0 0 0 0 0 0 1 0 0 1 0 0 0 1 0 0 1 0 0 0 0 2 0 0 0 0
0 2 0 0 0 0 0 0 1 0 0 1 0 0 0 0 1 0 0 1 0 0 0 0 2 0 0 0
0 0 2 0 0 0 0 1 0 0 0 0 1 0 0 1 0 0 1 0 0 2 0 0 0 0 0 0
0 0 0 2 0 0 0 1 0 0 0 0 1 0 0 0 1 0 0 1 0 0 2 0 0 0 0 0
0 0 0 0 2 0 0 0 0 2 0 0 0 2 0 1 1 0 1 1 0 0 0 0 0 2 0 0
0 0 0 0 0 2 0 0 0 0 1 0 0 0 1 0 0 1 0 0 1 0 0 0 0 0 0 2
0 0 0 0 0 0 2 0 0 0 1 0 0 0 1 0 0 1 0 0 1 0 0 0 0 0 2 0
1 0 1 0 0 0 0 0 0 1 0 0 0 1 0 1 0 0 1 0 0 1 0 1 0 0 0 0
0 1 0 1 0 0 0 0 0 1 0 0 0 1 0 0 1 0 0 1 0 0 1 0 1 0 0 0
0 0 0 0 2 0 0 1 1 0 0 1 1 0 0 1 1 0 1 1 0 0 0 0 0 2 0 0
0 0 0 0 0 1 1 0 0 0 1 0 0 0 1 0 0 1 0 0 1 0 0 0 0 0 1 1
1 1 0 0 1 0 0 1 0 1 0 1 0 1 0 1 1 0 1 1 0 1 1 0 0 1 0 0
0 0 1 1 1 0 0 0 1 1 0 0 1 1 0 1 1 0 1 1 0 0 0 1 1 1 0 0
1 1 0 0 1 0 0 0 1 1 0 1 0 1 0 1 1 0 1 1 0 0 0 1 1 1 0 0
0 0 1 1 1 0 0 1 0 1 0 0 1 1 0 1 1 0 1 1 0 1 1 0 0 1 0 0

0 0 0 0 0 0 0 1 0 0 0 0 0 0 0 0 0 0 0 1 0 0 -1 0 0 0 0 0
0 0 0 0 0 0 0 0 0 0 0 0 0 0 0 0 0 0 0 1 0 0 0 0 0 0 0 0
0 0 0 0 0 0 0 1 1 0 0 -1 0 0 0 0 0 0 0 0 0 0 0 0 0 0 0 0
0 0 0 1 0 0 0 0 0 0 0 0 0 0 0 0 0 0 0 0 0 0 0 0 0 0 0 0
0 0 0 0 1 0 0 0 0 0 0 0 0 0 0 0 0 0 0 0 0 0 0 0 0 0 0 0
0 0 0 0 0 0 0 0 0 0 0 0 0 0 0 0 0 0 0 0 1 0 0 0 0 0 0 0
0 0 0 0 0 0 1 0 0 0 0 0 0 0 0 0 0 0 0 0 0 0 0 0 0 0 0 0
1 1 0 0 0 0 0 1 0 0 0 -1 0 0 0 0 0 0 0 0 0 -1 -1 0 0 0 0 0
0 1 0 0 0 0 0 0 0 0 0 0 0 0 0 0 0 0 0 0 0 0 -1 0 0 0 0 0
1 1 0 0 0 0 0 0 0 0 0 -2 0 0 0 0 0 0 0 0 0 0 0 0 0 0 0 0
2 2 0 0 0 -1 0 0 0 0 0 -4 0 0 0 0 0 0 0 0 0 0 0 0 0 0 1 0
0 0 0 0 0 -1 -1 0 0 0 1 0 0 0 0 0 0 0 0 0 1 0 0 0 0 0 0 0
1 1 -1 -1 0 0 0 1 1 0 0 -3 1 0 0 0 0 0 0 0 0 0 0 0 0 0 0 0
-1 -1 0 0 -1 0 0 0 0 0 0 2 0 1 0 0 0 0 0 0 0 0 0 0 0 0 0 0
0 0 0 0 0 -1 -1 0 0 0 0 0 0 0 1 0 0 0 0 0 1 0 0 0 0 0 0 0
0 0 -1 -1 -1 0 0 1 1 0 0 -2 0 0 0 1 0 0 0 1 0 0 0 0 0 0 0 0
0 -1 0 -1 -1 0 0 0 0 0 0 0 0 0 0 0 1 0 0 1 0 0 0 0 0 0 0 0
0 0 0 0 0 -1 -1 0 0 0 0 0 0 0 0 0 0 1 0 0 1 0 0 0 0 0 0 0
0 0 -1 -1 -1 0 0 1 1 0 0 -2 0 0 0 0 0 0 1 1 0 0 0 0 0 0 0 0
0 -1 0 -1 -1 0 0 0 0 0 0 0 0 0 0 0 0 0 0 2 0 0 0 0 0 0 0 0
0 0 0 0 0 -1 -1 0 0 0 0 0 0 0 0 0 0 0 0 0 2 0 0 0 0 0 0 0
1 1 0 0 0 0 0 2 0 0 0 -2 0 0 0 0 0 0 0 0 0 -1 -1 0 0 0 0 0
0 0 -1 -1 0 0 0 0 2 0 0 -2 0 0 0 0 0 0 0 0 0 1 1 0 0 0 0 0
-1 0 -1 0 0 0 0 0 0 0 0 0 0 0 0 0 0 0 0 0 0 1 0 1 0 0 0 0
0 -1 0 -1 0 0 0 0 0 0 0 0 0 0 0 0 0 0 0 0 0 0 1 0 1 0 0 0
0 0 0 0 -1 0 0 0 0 0 0 0 0 0 0 0 0 0 0 0 0 0 0 0 0 1 0 0
-1 -1 0 0 -1 0 0 0 0 1 0 2 0 0 0 0 0 0 0 0 0 0 0 0 0 0 0 0
0 0 0 0 0 -1 -1 0 0 0 0 0 0 0 0 0 0 0 0 0 0 0 0 0 0 0 1 1

1 0 0 0 0 0 0 0 0 0 0 0 0 0 0 0 0 0 0 0 0 0
0 1 0 0 0 0 0 0 0 0 0 0 0 0 0 0 0 0 0 0 0 0
0 0 1 0 0 0 0 0 0 0 0 0 0 0 0 0 0 0 0 0 0 0
0 0 0 1 0 0 0 0 0 0 0 0 0 0 0 0 0 0 0 0 0 0
0 0 0 0 1 0 0 0 0 0 0 0 0 0 0 0 0 0 0 0 0 0
0 0 0 0 0 1 0 0 0 0 0 0 0 0 0 0 0 0 0 0 0 0
0 0 0 0 0 0 1 0 0 0 0 0 0 0 0 0 0 0 0 0 0 0
0 0 0 0 0 0 0 1 0 0 0 0 0 0 0 0 0 0 0 0 0 0
0 0 0 0 0 0 0 0 1 0 0 0 0 0 0 0 0 0 0 0 0 0
0 0 0 0 0 0 0 0 0 1 0 0 0 0 0 0 0 0 0 0 0 0
0 0 0 0 0 0 0 0 0 0 2 0 0 0 0 0 0 0 0 0 0 0
0 0 0 0 0 0 0 0 0 0 0 0 0 0 0 0 0 0 0 0 0 0
0 0 0 0 0 0 0 0 0 0 0 0 0 0 0 0 0 0 0 0 0 0
0 0 0 0 0 0 0 0 0 0 0 0 0 0 0 0 0 0 0 0 0 0
0 0 0 0 0 0 0 0 0 0 0 0 0 0 0 0 0 0 0 0 0 0
0 0 0 0 0 0 0 0 0 0 0 0 0 0 0 0 0 0 0 0 0 0
0 0 0 0 0 0 0 0 0 0 0 0 0 0 0 0 0 0 0 0 0 0
0 0 0 0 0 0 0 0 0 0 0 0 0 0 0 0 0 0 0 0 0 0
0 0 0 0 0 0 0 0 0 0 0 0 0 0 0 0 0 0 0 0 0 0
0 0 0 0 0 0 0 0 0 0 0 0 0 0 0 0 0 0 0 0 0 0
0 0 0 0 0 0 0 0 0 0 0 0 0 0 0 0 0 0 0 0 0 0
0 0 0 0 0 0 0 0 0 0 0 0 0 0 0 0 0 0 0 0 0 0
0 0 0 0 0 0 0 0 0 0 0 0 0 0 0 0 0 0 0 0 0 0
0 0 0 0 0 0 0 0 0 0 0 0 0 0 0 0 0 0 0 0 0 0
0 0 0 0 0 0 0 0 0 0 0 0 0 0 0 0 0 0 0 0 0 0
0 0 0 0 0 0 0 0 0 0 0 0 0 0 0 0 0 0 0 0 0 0
0 0 0 0 0 0 0 0 0 0 0 0 0 0 0 0 0 0 0 0 0 0
0 0 0 0 0 0 0 0 0 0 0 0 0 0 0 0 0 0 0 0 0 0

1 0 0 -1 -1 0 0 0 -1 0 0 0 -1 0 0 0 -1 0 -1 0 0 -1
0 1 0 -1 -1 0 0 0 -1 0 0 0 0 0 -1 -1 0 0 -1 0 0 -1
0 0 1 -1 -1 0 0 0 -1 0 0 0 -1 0 0 0 -1 0 -1 -1 0 -1
0 0 0 0 -1 0 0 0 -1 0 0 0 0 0 -1 -1 0 0 -1 -1 0 -1
0 0 0 -1 -1 0 0 0 -1 0 0 -1 0 0 0 -1 -1 0 -2 -1 -1 -1
0 0 0 0 0 1 -1 0 0 -1 1 0 0 -1 0 0 0 -1 0 0 0 0
0 0 0 0 0 0 0 0 0 0 0 0 0 -1 0 0 0 -1 0 0 0 0
0 0 0 0 0 0 0 1 0 0 0 0 1 0 0 0 0 0 0 0 -1 1
0 0 0 0 0 0 0 0 1 0 0 0 0 0 1 0 0 0 0 0 -1 1
0 0 0 0 0 0 0 0 0 0 0 0 1 0 0 0 0 0 0 0 0 0
0 0 0 0 0 0 0 0 0 0 0 0 0 0 1 0 0 0 0 0 0 0
0 0 0 0 0 0 0 0 0 0 0 1 0 0 0 0 0 0 0 0 0 0
0 0 0 0 0 0 0 0 0 1 -1 0 0 1 0 0 0 0 0 0 0 0
0 0 0 0 0 0 0 0 0 0 0 0 0 1 0 0 0 0 0 0 0 0
0 0 0 0 0 0 0 0 0 1 0 0 0 0 0 -1 2 0 0 0 0 0
0 0 0 0 0 0 0 0 0 0 0 0 0 0 0 1 0 0 0 0 0 0
0 0 0 0 0 0 0 0 0 0 0 0 0 0 0 0 1 0 0 0 0 0
0 0 0 0 0 0 1 0 0 0 0 0 0 0 0 0 0 2 0 0 0 0
0 0 0 0 0 0 0 0 0 0 0 0 0 0 0 0 0 0 1 0 0 0
0 0 0 0 1 0 0 0 1 0 0 0 0 0 0 0 0 0 1 2 0 0
0 0 0 1 1 0 0 0 0 0 0 0 0 0 0 1 0 0 1 0 2 0
0 0 0 1 1 0 0 0 1 0 0 0 0 0 0 1 0 0 1 0 0 2
