GM:(0,0,0)  A:(1/2,0,1/2)  B:(0,0,1/2)  C:(1/2,1/2,0)  D:(0,1/2,1/2)  E:(1/2,1/2,1/2)  Y:(1/2,0,0)  Z:(0,1/2,0)
GM:(0,0,0)  U:(1/2,0,1/2)  Z:(0,0,1/2)  V:(1/2,1/2,0)  T:(0,1/2,1/2)  R:(1/2,1/2,1/2)  X:(1/2,0,0)  Y:(0,1/2,0)
GM1+  GM1-  GM3  GM2  (A)U1-U1+  (A)U2U3  (B)Z1-Z1+  (B)Z2Z3  (C)V1-V1+  (C)V2V3  (D)T1+T1+  (D)T1-T1-  (D)T3T3  (D)T2T2  (E)R1+R1+  (E)R1-R1-  (E)R3R3  (E)R2R2  (Y)X1+  (Y)X1-  (Y)X3  (Y)X2  (Z)Y1-Y1+  (Z)Y2Y3
1 1 1 1 2 2 2 2 2 2 2 2 2 2 2 2 2 2 1 1 1 1 2 2
2a (1,1) Ag 2 1,2a (1,1) Au 2 1,2a (1,1) Ag 2 1,2a (1,1) Au 2 1,2b (1,1) Ag 2 1,2b (1,1) Au 2 1,2b (1,1) Ag 2 1,2b (1,1) Au 2 1,2c (1,1) Ag 2 1,2c (1,1) Au 2 1,2c (1,1) Ag 2 1,2c (1,1) Au 2 1,2d (1,1) Ag 2 1,2d (1,1) Au 2 1,2d (1,1) Ag 2 1,2d (1,1) Au 2 1
2 0 0 0 1 0 1 0 1 0 1 0 0 0 1 0 0 0 2 0 0 0 1 0
0 2 0 0 1 0 1 0 1 0 0 1 0 0 0 1 0 0 0 2 0 0 1 0
0 0 2 0 0 1 0 1 0 1 0 0 1 0 0 0 1 0 0 0 2 0 0 1
0 0 0 2 0 1 0 1 0 1 0 0 0 1 0 0 0 1 0 0 0 2 0 1
2 0 0 0 1 0 1 0 1 0 1 0 0 0 0 1 0 0 0 2 0 0 1 0
0 2 0 0 1 0 1 0 1 0 0 1 0 0 1 0 0 0 2 0 0 0 1 0
0 0 2 0 0 1 0 1 0 1 0 0 1 0 0 0 0 1 0 0 0 2 0 1
0 0 0 2 0 1 0 1 0 1 0 0 0 1 0 0 1 0 0 0 2 0 0 1
2 0 0 0 1 0 1 0 1 0 0 1 0 0 0 1 0 0 2 0 0 0 1 0
0 2 0 0 1 0 1 0 1 0 1 0 0 0 1 0 0 0 0 2 0 0 1 0
0 0 2 0 0 1 0 1 0 1 0 0 0 1 0 0 0 1 0 0 2 0 0 1
0 0 0 2 0 1 0 1 0 1 0 0 1 0 0 0 1 0 0 0 0 2 0 1
2 0 0 0 1 0 1 0 1 0 0 1 0 0 1 0 0 0 0 2 0 0 1 0
0 2 0 0 1 0 1 0 1 0 1 0 0 0 0 1 0 0 2 0 0 0 1 0
0 0 2 0 0 1 0 1 0 1 0 0 0 1 0 0 1 0 0 0 0 2 0 1
0 0 0 2 0 1 0 1 0 1 0 0 1 0 0 0 0 1 0 0 2 0 0 1

0 0 0 0 0 0 0 0 0 0 0 0 0 0 1 0 0 0 0 0 0 0 0 0
0 0 0 0 0 0 0 0 0 0 -1 0 0 0 0 0 0 0 0 0 0 0 1 0
0 0 0 0 0 0 0 0 0 0 0 0 0 0 0 0 1 0 0 0 0 0 0 0
0 0 0 0 0 0 0 0 0 0 0 0 -1 0 0 0 0 0 0 0 0 0 0 1
1 0 0 0 0 0 0 0 0 0 -1 0 0 0 1 0 0 0 -1 0 0 0 0 0
0 0 1 0 0 0 0 0 0 0 0 0 -1 0 0 0 1 0 0 0 -1 0 0 0
1 0 0 0 0 0 0 0 0 0 -2 0 0 0 0 0 0 0 0 0 0 0 0 0
0 0 1 0 0 0 0 0 0 0 0 0 -2 0 0 0 0 0 0 0 0 0 0 0
1 0 0 0 0 0 0 0 0 0 -2 0 0 0 2 0 0 0 -1 0 0 0 0 0
0 0 1 0 0 0 0 0 0 0 0 0 -2 0 0 0 2 0 0 0 -1 0 0 0
-1 -1 0 0 0 0 1 0 0 0 0 0 0 0 0 0 0 0 0 0 0 0 1 0
-1 -1 0 0 0 0 0 0 0 0 1 1 0 0 0 0 0 0 0 0 0 0 1 0
0 0 -1 -1 0 0 0 1 0 0 0 0 0 0 0 0 0 0 0 0 0 0 0 1
0 0 -1 -1 0 0 0 0 0 0 0 0 1 1 0 0 0 0 0 0 0 0 0 1
-1 -1 0 0 1 0 0 0 0 0 0 0 0 0 0 0 0 0 0 0 0 0 1 0
-1 -1 0 0 0 0 0 0 0 0 0 0 0 0 1 1 0 0 0 0 0 0 1 0
0 0 -1 -1 0 1 0 0 0 0 0 0 0 0 0 0 0 0 0 0 0 0 0 1
0 0 -1 -1 0 0 0 0 0 0 0 0 0 0 0 0 1 1 0 0 0 0 0 1
-1 -1 0 0 0 0 0 0 1 0 0 0 0 0 0 0 0 0 0 0 0 0 1 0
-1 -1 0 0 0 0 0 0 0 0 0 0 0 0 0 0 0 0 1 1 0 0 0 0
0 0 -1 -1 0 0 0 0 0 1 0 0 0 0 0 0 0 0 0 0 0 0 0 1
0 0 -1 -1 0 0 0 0 0 0 0 0 0 0 0 0 0 0 0 0 1 1 0 0
-1 -1 0 0 0 0 0 0 0 0 0 0 0 0 0 0 0 0 0 0 0 0 2 0
0 0 -1 -1 0 0 0 0 0 0 0 0 0 0 0 0 0 0 0 0 0 0 0 2

1 0 0 0 0 0 0 0 0 0 0 0 0 0 0 0
0 1 0 0 0 0 0 0 0 0 0 0 0 0 0 0
0 0 1 0 0 0 0 0 0 0 0 0 0 0 0 0
0 0 0 1 0 0 0 0 0 0 0 0 0 0 0 0
0 0 0 0 1 0 0 0 0 0 0 0 0 0 0 0
0 0 0 0 0 1 0 0 0 0 0 0 0 0 0 0
0 0 0 0 0 0 2 0 0 0 0 0 0 0 0 0
0 0 0 0 0 0 0 2 0 0 0 0 0 0 0 0
0 0 0 0 0 0 0 0 4 0 0 0 0 0 0 0
0 0 0 0 0 0 0 0 0 4 0 0 0 0 0 0
0 0 0 0 0 0 0 0 0 0 0 0 0 0 0 0
0 0 0 0 0 0 0 0 0 0 0 0 0 0 0 0
0 0 0 0 0 0 0 0 0 0 0 0 0 0 0 0
0 0 0 0 0 0 0 0 0 0 0 0 0 0 0 0
0 0 0 0 0 0 0 0 0 0 0 0 0 0 0 0
0 0 0 0 0 0 0 0 0 0 0 0 0 0 0 0
0 0 0 0 0 0 0 0 0 0 0 0 0 0 0 0
0 0 0 0 0 0 0 0 0 0 0 0 0 0 0 0
0 0 0 0 0 0 0 0 0 0 0 0 0 0 0 0
0 0 0 0 0 0 0 0 0 0 0 0 0 0 0 0
0 0 0 0 0 0 0 0 0 0 0 0 0 0 0 0
0 0 0 0 0 0 0 0 0 0 0 0 0 0 0 0
0 0 0 0 0 0 0 0 0 0 0 0 0 0 0 0
0 0 0 0 0 0 0 0 0 0 0 0 0 0 0 0

1 0 0 0 0 0 0 0 -1 0 0 0 -1 -1 -1 0
0 1 0 0 0 0 -1 0 0 0 0 0 -1 -1 -1 0
0 0 1 0 0 0 0 0 0 -1 -1 -1 0 0 0 -1
0 0 0 1 0 0 0 -1 0 0 -1 -1 0 0 0 -1
0 0 0 0 1 0 0 0 -3 0 0 0 1 0 0 0
0 0 0 0 0 0 0 0 0 0 0 0 1 0 0 0
0 0 0 0 0 1 0 0 0 -3 1 0 0 0 0 0
0 0 0 0 0 0 0 0 0 0 1 0 0 0 0 0
0 0 0 0 0 0 1 0 -1 0 0 0 0 0 1 0
0 0 0 0 0 0 0 0 0 0 0 0 0 0 1 0
0 0 0 0 0 0 0 1 0 -1 0 1 0 0 0 0
0 0 0 0 0 0 0 0 0 0 0 1 0 0 0 0
0 0 0 0 0 0 0 0 1 0 0 0 0 1 0 0
0 0 0 0 0 0 0 0 0 0 0 0 0 1 0 0
0 0 0 0 0 0 0 0 0 1 0 0 0 0 0 1
0 0 0 0 0 0 0 0 0 0 0 0 0 0 0 1
