GM:(0,0,0)  R:(1/2,1/2,1/2)  S:(1/2,1/2,0)  T:(0,1/2,1/2)  U:(1/2,0,1/2)  X:(1/2,0,0)  Y:(0,1/2,0)  Z:(0,0,1/2)
GM:(0,0,0)  R:(1/2,1/2,1/2)  S:(1/2,1/2,0)  T:(0,1/2,1/2)  U:(1/2,0,1/2)  X:(1/2,0,0)  Y:(0,1/2,0)  Z:(0,0,1/2)
GM1+  GM2+  GM3+  GM4+  GM1-  GM2-  GM3-  GM4-  GM5  GM6  R1R1  R2R2  R3R3  R4R4  S1S2  S3S3  S4S4  T1-T1+  T2T7  T3T6  T4T9  T5T8  U1U2  U3U4  X1  X2  X3X4  Y1  Y2  Y3Y4  Z1  Z2  Z3  Z4
1 1 1 1 1 1 1 1 2 2 4 4 4 4 4 4 4 4 2 2 2 2 4 4 2 2 4 2 2 4 2 2 2 2
8a (1,1) Ag 8 1;8a (1,1) Au 8 1;8a (1,1) Ag 8 1;8a (1,1) Au 8 1;8b (1',1) A 8 1;8c (2,2) A 8 1;8c (2,2) B 8 1;8c (2,2) 1E 8 1;8c (2,2) 2E 8 1;8d (2',1) A 8 1;8d (2',1) A 8 1;8e (2,2) A 8 1;8e (2,2) B 8 1;8e (2,2) 1E 8 1;8e (2,2) 2E 8 1
2 2 2 2 0 0 0 0 0 0 1 1 0 0 2 0 0 2 0 0 0 0 2 0 2 2 0 2 2 0 2 2 0 0
0 0 0 0 2 2 2 2 0 0 1 1 0 0 2 0 0 2 0 0 0 0 2 0 2 2 0 2 2 0 2 2 0 0
0 0 0 0 0 0 0 0 4 0 0 0 1 1 0 1 1 0 1 1 1 1 0 2 0 0 2 0 0 2 0 0 2 2
0 0 0 0 0 0 0 0 0 4 0 0 1 1 0 1 1 0 1 1 1 1 0 2 0 0 2 0 0 2 0 0 2 2
1 1 1 1 1 1 1 1 0 0 1 1 0 0 2 0 0 2 0 0 0 0 2 0 2 2 0 2 2 0 2 2 0 0
2 2 0 0 2 2 0 0 0 0 1 1 0 0 2 0 0 2 0 0 0 0 2 0 2 2 0 2 2 0 4 0 0 0
0 0 2 2 0 0 2 2 0 0 1 1 0 0 2 0 0 2 0 0 0 0 2 0 2 2 0 2 2 0 0 4 0 0
0 0 0 0 0 0 0 0 2 2 0 0 1 1 0 1 1 0 1 1 1 1 0 2 0 0 2 0 0 2 0 0 2 2
0 0 0 0 0 0 0 0 2 2 0 0 1 1 0 1 1 0 1 1 1 1 0 2 0 0 2 0 0 2 0 0 2 2
1 1 1 1 1 1 1 1 0 0 1 1 0 0 2 0 0 2 0 0 0 0 2 0 2 2 0 2 2 0 2 2 0 0
0 0 0 0 0 0 0 0 2 2 0 0 1 1 0 1 1 0 1 1 1 1 0 2 0 0 2 0 0 2 0 0 2 2
2 0 2 0 2 0 2 0 0 0 1 1 0 0 2 0 0 2 0 0 0 0 2 0 4 0 0 2 2 0 2 2 0 0
0 2 0 2 0 2 0 2 0 0 1 1 0 0 2 0 0 2 0 0 0 0 2 0 0 4 0 2 2 0 2 2 0 0
0 0 0 0 0 0 0 0 2 2 0 0 0 2 0 1 1 0 0 0 2 2 0 2 0 0 2 0 0 2 0 0 2 2
0 0 0 0 0 0 0 0 2 2 0 0 2 0 0 1 1 0 2 2 0 0 0 2 0 0 2 0 0 2 0 0 2 2

0 0 0 0 0 0 0 0 0 0 0 1 0 0 0 0 0 0 0 0 0 0 0 0 0 0 0 0 0 0 0 0 0 0
0 0 0 0 -1 1 1 0 0 0 0 0 0 0 0 0 0 0 0 0 0 0 0 0 0 0 0 0 0 0 0 0 0 0
0 0 0 0 0 0 0 0 0 0 0 0 1 0 0 0 0 0 0 0 0 0 0 0 0 0 0 0 0 0 0 0 0 0
0 0 0 0 0 0 0 0 0 0 0 0 -1 0 0 0 1 0 0 0 0 0 0 0 0 0 0 0 0 0 0 0 0 0
0 0 0 0 1 0 -1 0 1 0 0 0 -2 0 0 0 0 0 0 0 0 0 0 0 0 0 0 0 0 0 0 0 0 -1
0 0 0 0 1 -1 0 0 1 0 0 0 -2 0 0 0 0 0 0 0 0 0 0 0 0 0 0 0 0 0 0 0 0 -1
0 0 0 0 0 0 0 0 1 0 0 0 -4 0 0 0 2 0 0 0 0 0 0 0 0 0 0 0 0 0 0 0 0 -1
0 0 0 0 1 -1 -1 1 0 0 0 0 0 0 0 0 0 0 0 0 0 0 0 0 0 0 0 0 0 0 0 0 0 0
-1 0 1 0 1 0 -1 0 0 0 0 0 0 0 0 0 0 0 0 0 0 0 0 0 0 0 0 0 0 0 0 0 0 0
-1 0 0 1 2 -1 -1 0 0 0 0 0 0 0 0 0 0 0 0 0 0 0 0 0 0 0 0 0 0 0 0 0 0 0
-1 0 0 0 1 -1 -1 0 0 0 1 1 0 0 0 0 0 0 0 0 0 0 0 0 0 0 0 0 0 0 0 0 0 0
-1 0 0 0 1 -1 -1 0 0 0 0 2 0 0 0 0 0 0 0 0 0 0 0 0 0 0 0 0 0 0 0 0 0 0
-1 1 0 0 1 -1 0 0 0 0 0 0 0 0 0 0 0 0 0 0 0 0 0 0 0 0 0 0 0 0 0 0 0 0
0 0 0 0 0 0 0 0 -1 -1 0 0 1 1 0 0 0 0 0 0 0 0 0 0 0 0 0 0 0 0 0 0 0 1
-1 0 0 0 1 -1 -1 0 0 0 0 0 0 0 1 0 0 0 0 0 0 0 0 0 0 0 0 0 0 0 0 0 0 0
0 0 0 0 0 0 0 0 -1 -1 0 0 0 0 0 1 1 0 0 0 0 0 0 0 0 0 0 0 0 0 0 0 0 1
0 0 0 0 0 0 0 0 -1 -1 0 0 0 0 0 0 2 0 0 0 0 0 0 0 0 0 0 0 0 0 0 0 0 1
-1 0 0 0 1 -1 -1 0 0 0 0 0 0 0 0 0 0 1 0 0 0 0 0 0 0 0 0 0 0 0 0 0 0 0
0 0 0 0 0 0 0 0 0 0 0 0 -1 0 0 0 0 0 1 0 0 0 0 0 0 0 0 0 0 0 0 0 0 0
0 0 0 0 0 0 0 0 0 0 0 0 -1 0 0 0 0 0 0 1 0 0 0 0 0 0 0 0 0 0 0 0 0 0
0 0 0 0 0 0 0 0 -1 -1 0 0 1 0 0 0 0 0 0 0 1 0 0 0 0 0 0 0 0 0 0 0 0 1
0 0 0 0 0 0 0 0 -1 -1 0 0 1 0 0 0 0 0 0 0 0 1 0 0 0 0 0 0 0 0 0 0 0 1
-1 0 0 0 1 -1 -1 0 0 0 0 0 0 0 0 0 0 0 0 0 0 0 1 0 0 0 0 0 0 0 0 0 0 0
0 0 0 0 0 0 0 0 -1 -1 0 0 0 0 0 0 0 0 0 0 0 0 0 1 0 0 0 0 0 0 0 0 0 1
-1 0 0 0 0 0 -1 0 0 0 0 0 0 0 0 0 0 0 0 0 0 0 0 0 1 0 0 0 0 0 0 0 0 0
-1 0 0 0 2 -2 -1 0 0 0 0 0 0 0 0 0 0 0 0 0 0 0 0 0 0 1 0 0 0 0 0 0 0 0
0 0 0 0 0 0 0 0 -1 -1 0 0 0 0 0 0 0 0 0 0 0 0 0 0 0 0 1 0 0 0 0 0 0 1
-1 0 0 0 1 -1 -1 0 0 0 0 0 0 0 0 0 0 0 0 0 0 0 0 0 0 0 0 1 0 0 0 0 0 0
-1 0 0 0 1 -1 -1 0 0 0 0 0 0 0 0 0 0 0 0 0 0 0 0 0 0 0 0 0 1 0 0 0 0 0
0 0 0 0 0 0 0 0 -1 -1 0 0 0 0 0 0 0 0 0 0 0 0 0 0 0 0 0 0 0 1 0 0 0 1
-1 0 0 0 0 -1 0 0 0 0 0 0 0 0 0 0 0 0 0 0 0 0 0 0 0 0 0 0 0 0 1 0 0 0
-1 0 0 0 2 -1 -2 0 0 0 0 0 0 0 0 0 0 0 0 0 0 0 0 0 0 0 0 0 0 0 0 1 0 0
0 0 0 0 0 0 0 0 -1 -1 0 0 0 0 0 0 0 0 0 0 0 0 0 0 0 0 0 0 0 0 0 0 1 1
0 0 0 0 0 0 0 0 -1 -1 0 0 0 0 0 0 0 0 0 0 0 0 0 0 0 0 0 0 0 0 0 0 0 2

1 0 0 0 0 0 0 0 0 0 0 0 0 0 0
0 1 0 0 0 0 0 0 0 0 0 0 0 0 0
0 0 1 0 0 0 0 0 0 0 0 0 0 0 0
0 0 0 1 0 0 0 0 0 0 0 0 0 0 0
0 0 0 0 2 0 0 0 0 0 0 0 0 0 0
0 0 0 0 0 2 0 0 0 0 0 0 0 0 0
0 0 0 0 0 0 2 0 0 0 0 0 0 0 0
0 0 0 0 0 0 0 0 0 0 0 0 0 0 0
0 0 0 0 0 0 0 0 0 0 0 0 0 0 0
0 0 0 0 0 0 0 0 0 0 0 0 0 0 0
0 0 0 0 0 0 0 0 0 0 0 0 0 0 0
0 0 0 0 0 0 0 0 0 0 0 0 0 0 0
0 0 0 0 0 0 0 0 0 0 0 0 0 0 0
0 0 0 0 0 0 0 0 0 0 0 0 0 0 0
0 0 0 0 0 0 0 0 0 0 0 0 0 0 0
0 0 0 0 0 0 0 0 0 0 0 0 0 0 0
0 0 0 0 0 0 0 0 0 0 0 0 0 0 0
0 0 0 0 0 0 0 0 0 0 0 0 0 0 0
0 0 0 0 0 0 0 0 0 0 0 0 0 0 0
0 0 0 0 0 0 0 0 0 0 0 0 0 0 0
0 0 0 0 0 0 0 0 0 0 0 0 0 0 0
0 0 0 0 0 0 0 0 0 0 0 0 0 0 0
0 0 0 0 0 0 0 0 0 0 0 0 0 0 0
0 0 0 0 0 0 0 0 0 0 0 0 0 0 0
0 0 0 0 0 0 0 0 0 0 0 0 0 0 0
0 0 0 0 0 0 0 0 0 0 0 0 0 0 0
0 0 0 0 0 0 0 0 0 0 0 0 0 0 0
0 0 0 0 0 0 0 0 0 0 0 0 0 0 0
0 0 0 0 0 0 0 0 0 0 0 0 0 0 0
0 0 0 0 0 0 0 0 0 0 0 0 0 0 0
0 0 0 0 0 0 0 0 0 0 0 0 0 0 0
0 0 0 0 0 0 0 0 0 0 0 0 0 0 0
0 0 0 0 0 0 0 0 0 0 0 0 0 0 0
0 0 0 0 0 0 0 0 0 0 0 0 0 0 0

1 -1 0 -2 -1 -1 2 0 0 -1 0 -1 -1 -1 0
0 0 0 0 0 0 0 0 0 -1 0 -1 -1 -1 0
0 0 1 -1 0 0 1 -1 -1 0 -1 0 0 0 -1
0 0 0 0 0 0 0 -1 -1 0 -1 0 0 0 -1
0 1 0 0 0 0 0 0 0 1 0 2 0 0 0
0 0 0 1 1 0 -1 0 0 0 0 0 0 1 0
0 0 0 0 0 0 0 0 0 0 0 0 0 1 0
0 0 0 0 0 0 0 1 0 0 0 0 0 0 0
0 0 0 0 0 0 0 0 1 0 0 0 0 0 0
0 0 0 0 0 0 0 0 0 1 0 0 0 0 0
0 0 0 1 0 0 -1 1 1 0 2 0 0 0 0
0 0 0 1 0 1 -1 0 0 0 0 0 1 0 0
0 0 0 0 0 0 0 0 0 0 0 0 1 0 0
0 0 0 1 0 0 0 0 0 0 0 0 0 0 1
0 0 0 0 0 0 0 0 0 0 0 0 0 0 1
