GM:(0,0,0)  M:(1,1,1)  N:(1/2,0,1/2)  NA:(0,-1/2,-1/2)  P:(1/2,1/2,1/2)  X:(1/2,-1/2,1)  XA:(-1/2,-1/2,-1)
GM:(0,0,0)  Y:(0,1,0)  V:(1/2,1/2,0)  L:(1/2,1/2,1/2)  U:(0,3/2,1/2)  M:(0,1,1/2)  A:(0,0,1/2)
GM1+  GM1-  GM2+GM2+  GM2-GM2-  GM3GM4  GM5GM6  (M)Y1-Y1+  (M)Y2-Y2+  (M)Y3Y6  (M)Y4Y5  (N)V1+  (N)V1-  (N)V2  (N)V3  (NA)L1-  (NA)L1+  (NA)L2  (NA)L3  (P)U1U2  (P)U3U3  (P)U4  (X)M1  (X)M2  (XA)A1  (XA)A2
1 1 2 2 2 2 2 2 2 2 1 1 1 1 1 1 1 1 2 2 1 2 2 2 2
4a (4',2) A 2 1;4a (4',2) BB 4 1;4a (4',2) 1E2E 4 1;4b (4',2) A 2 1;4b (4',2) BB 4 1;4b (4',2) 1E2E 4 1;8c (1,1) Ag 4 1;8c (1,1) Au 4 1;8c (1,1) Ag 4 1;8c (1,1) Au 4 1;8d (1,1) Ag 4 1;8d (1,1) Au 4 1;8d (1,1) Ag 4 1;8d (1,1) Au 4 1
1 1 0 0 0 0 1 0 0 0 1 1 0 0 1 1 0 0 1 0 0 1 0 1 0
0 0 1 1 0 0 0 2 0 0 2 2 0 0 2 2 0 0 2 0 0 2 0 2 0
0 0 0 0 1 1 0 0 1 1 0 0 2 2 0 0 2 2 0 1 2 0 2 0 2
1 1 0 0 0 0 1 0 0 0 1 1 0 0 1 1 0 0 1 0 0 1 0 1 0
0 0 1 1 0 0 0 2 0 0 2 2 0 0 2 2 0 0 2 0 0 2 0 2 0
0 0 0 0 1 1 0 0 1 1 0 0 2 2 0 0 2 2 0 1 2 0 2 0 2
2 0 1 0 0 0 1 1 0 0 3 1 0 0 3 1 0 0 2 0 0 2 0 2 0
0 2 0 1 0 0 1 1 0 0 1 3 0 0 1 3 0 0 2 0 0 2 0 2 0
0 0 0 0 2 0 0 0 1 1 0 0 3 1 0 0 1 3 0 1 2 0 2 0 2
0 0 0 0 0 2 0 0 1 1 0 0 1 3 0 0 3 1 0 1 2 0 2 0 2
2 0 1 0 0 0 1 1 0 0 1 3 0 0 1 3 0 0 2 0 0 2 0 2 0
0 2 0 1 0 0 1 1 0 0 3 1 0 0 3 1 0 0 2 0 0 2 0 2 0
0 0 0 0 2 0 0 0 1 1 0 0 1 3 0 0 3 1 0 1 2 0 2 0 2
0 0 0 0 0 2 0 0 1 1 0 0 3 1 0 0 1 3 0 1 2 0 2 0 2

1 0 -2 2 0 0 0 0 0 0 0 0 0 0 0 0 0 0 0 0 0 0 0 0 0
0 0 0 1 0 0 0 0 0 0 0 0 0 0 0 0 0 0 0 0 0 0 0 0 0
0 0 0 0 0 1 0 0 0 0 0 0 0 0 0 0 0 0 0 0 0 0 0 0 0
0 0 1 -1 0 0 0 0 0 0 0 0 0 0 0 0 0 0 0 0 0 0 0 0 0
0 0 0 0 0 -1 0 0 0 0 0 0 0 0 0 0 0 0 0 1 0 0 0 0 0
1 0 1 1 0 0 0 0 0 0 -1 0 0 0 0 0 0 0 0 0 0 0 0 0 0
0 0 0 0 1 0 0 0 0 0 0 0 -1 0 0 0 0 0 0 1 0 0 0 0 0
0 0 -1 -1 0 0 0 1 0 0 0 0 0 0 0 0 0 0 0 0 0 0 0 0 0
0 0 0 0 -1 -1 0 0 1 0 0 0 0 0 0 0 0 0 0 1 0 0 0 0 0
0 0 0 0 -1 -1 0 0 0 1 0 0 0 0 0 0 0 0 0 1 0 0 0 0 0
-1 1 2 -2 0 0 0 0 0 0 0 0 0 0 0 0 0 0 0 0 0 0 0 0 0
-2 0 0 -4 0 0 0 0 0 0 1 1 0 0 0 0 0 0 0 0 0 0 0 0 0
-1 0 1 -1 0 0 1 0 0 0 0 0 0 0 0 0 0 0 0 0 0 0 0 0 0
0 0 0 0 -2 -2 0 0 0 0 0 0 1 1 0 0 0 0 0 0 0 0 0 0 0
0 0 0 0 0 0 0 0 0 0 -1 0 0 0 1 0 0 0 0 0 0 0 0 0 0
-2 0 0 -4 0 0 0 0 0 0 1 0 0 0 0 1 0 0 0 0 0 0 0 0 0
0 0 0 0 -2 -2 0 0 0 0 0 0 1 0 0 0 1 0 0 0 0 0 0 0 0
0 0 0 0 0 0 0 0 0 0 0 0 -1 0 0 0 0 1 0 0 0 0 0 0 0
-1 0 0 -2 0 0 0 0 0 0 0 0 0 0 0 0 0 0 1 0 0 0 0 0 0
0 0 0 0 -1 -1 0 0 0 0 0 0 0 0 0 0 0 0 0 2 0 0 0 0 0
0 0 0 0 -1 -1 0 0 0 0 0 0 0 0 0 0 0 0 0 0 1 0 0 0 0
-1 0 0 -2 0 0 0 0 0 0 0 0 0 0 0 0 0 0 0 0 0 1 0 0 0
0 0 0 0 -1 -1 0 0 0 0 0 0 0 0 0 0 0 0 0 0 0 0 1 0 0
-1 0 0 -2 0 0 0 0 0 0 0 0 0 0 0 0 0 0 0 0 0 0 0 1 0
0 0 0 0 -1 -1 0 0 0 0 0 0 0 0 0 0 0 0 0 0 0 0 0 0 1

1 0 0 0 0 0 0 0 0 0 0 0 0 0
0 1 0 0 0 0 0 0 0 0 0 0 0 0
0 0 1 0 0 0 0 0 0 0 0 0 0 0
0 0 0 1 0 0 0 0 0 0 0 0 0 0
0 0 0 0 1 0 0 0 0 0 0 0 0 0
0 0 0 0 0 2 0 0 0 0 0 0 0 0
0 0 0 0 0 0 2 0 0 0 0 0 0 0
0 0 0 0 0 0 0 0 0 0 0 0 0 0
0 0 0 0 0 0 0 0 0 0 0 0 0 0
0 0 0 0 0 0 0 0 0 0 0 0 0 0
0 0 0 0 0 0 0 0 0 0 0 0 0 0
0 0 0 0 0 0 0 0 0 0 0 0 0 0
0 0 0 0 0 0 0 0 0 0 0 0 0 0
0 0 0 0 0 0 0 0 0 0 0 0 0 0
0 0 0 0 0 0 0 0 0 0 0 0 0 0
0 0 0 0 0 0 0 0 0 0 0 0 0 0
0 0 0 0 0 0 0 0 0 0 0 0 0 0
0 0 0 0 0 0 0 0 0 0 0 0 0 0
0 0 0 0 0 0 0 0 0 0 0 0 0 0
0 0 0 0 0 0 0 0 0 0 0 0 0 0
0 0 0 0 0 0 0 0 0 0 0 0 0 0
0 0 0 0 0 0 0 0 0 0 0 0 0 0
0 0 0 0 0 0 0 0 0 0 0 0 0 0
0 0 0 0 0 0 0 0 0 0 0 0 0 0
0 0 0 0 0 0 0 0 0 0 0 0 0 0

1 0 0 0 0 0 0 -2 0 0 0 -2 -1 0
0 1 0 0 0 0 0 -1 -1 0 0 -1 0 0
0 0 1 0 0 0 0 0 0 -2 -1 0 0 -2
0 0 0 0 0 0 0 0 0 0 0 0 1 0
0 0 0 0 0 0 0 0 1 0 0 0 0 0
0 0 0 0 0 0 0 0 0 0 1 0 0 0
0 0 0 1 0 -1 0 1 0 0 0 0 0 0
0 0 0 0 0 0 0 1 0 0 0 0 0 0
0 0 0 0 1 0 -1 0 0 1 0 0 0 0
0 0 0 0 0 0 0 0 0 1 0 0 0 0
0 0 0 0 0 1 0 0 0 0 0 1 0 0
0 0 0 0 0 0 0 0 0 0 0 1 0 0
0 0 0 0 0 0 1 0 0 0 0 0 0 1
0 0 0 0 0 0 0 0 0 0 0 0 0 1
