GM:(0,0,0)  R:(1/2,1/2,1/2)  S:(1/2,1/2,0)  T:(1,0,1/2)  Y:(1,0,0)  Z:(0,0,1/2)
GM:(0,0,0)  R:(1/2,1/2,1/2)  S:(1/2,1/2,0)  T:(1,0,1/2)  Y:(1,0,0)  Z:(0,0,1/2)
GM1  GM3  GM2  GM4  GM5  R1R2  R3  R4  S1  S2  S3S4  T1T3  T2T4  T5  Y1  Y3  Y2  Y4  Y5  Z1Z3  Z2Z4  Z5
1 1 1 1 2 2 1 1 1 1 2 2 2 2 1 1 1 1 2 2 2 2
4a (m'm2',m) A' 2 1,4a (m'm2',m) A'' 2 1,4a (m'm2',m) 1E 2 1,4a (m'm2',m) 2E 2 1,4b (m'm2',m) A' 2 1,4b (m'm2',m) A'' 2 1,4b (m'm2',m) 1E 2 1,4b (m'm2',m) 2E 2 1,8c (2',1) A 4 0,8c (2',1) A 4 0
1 1 0 0 0 1 0 0 1 1 0 1 0 0 1 1 0 0 0 1 0 0
0 0 1 1 0 1 0 0 1 1 0 0 1 0 0 0 1 1 0 0 1 0
0 0 0 0 1 0 1 1 0 0 1 0 0 1 0 0 0 0 1 0 0 1
0 0 0 0 1 0 1 1 0 0 1 0 0 1 0 0 0 0 1 0 0 1
1 1 0 0 0 1 0 0 1 1 0 1 0 0 1 1 0 0 0 1 0 0
0 0 1 1 0 1 0 0 1 1 0 0 1 0 0 0 1 1 0 0 1 0
0 0 0 0 1 0 1 1 0 0 1 0 0 1 0 0 0 0 1 0 0 1
0 0 0 0 1 0 1 1 0 0 1 0 0 1 0 0 0 0 1 0 0 1
1 1 1 1 0 2 0 0 2 2 0 1 1 0 1 1 1 1 0 1 1 0
0 0 0 0 2 0 2 2 0 0 2 0 0 2 0 0 0 0 2 0 0 2

1 0 0 0 0 0 0 0 0 0 0 0 0 0 0 0 0 0 0 0 0 0
0 0 1 0 0 0 0 0 0 0 0 0 0 0 0 0 0 0 0 0 0 0
0 0 0 0 1 0 0 0 0 0 0 0 0 0 0 0 0 0 0 0 0 0
0 0 -1 1 0 0 0 0 0 0 0 0 0 0 0 0 0 0 0 0 0 0
-1 1 0 0 0 0 0 0 0 0 0 0 0 0 0 0 0 0 0 0 0 0
-1 0 -1 0 0 1 0 0 0 0 0 0 0 0 0 0 0 0 0 0 0 0
0 0 0 0 -1 0 1 0 0 0 0 0 0 0 0 0 0 0 0 0 0 0
0 0 0 0 -1 0 0 1 0 0 0 0 0 0 0 0 0 0 0 0 0 0
-1 0 -1 0 0 0 0 0 1 0 0 0 0 0 0 0 0 0 0 0 0 0
-1 0 -1 0 0 0 0 0 0 1 0 0 0 0 0 0 0 0 0 0 0 0
0 0 0 0 -1 0 0 0 0 0 1 0 0 0 0 0 0 0 0 0 0 0
-1 0 0 0 0 0 0 0 0 0 0 1 0 0 0 0 0 0 0 0 0 0
0 0 -1 0 0 0 0 0 0 0 0 0 1 0 0 0 0 0 0 0 0 0
0 0 0 0 -1 0 0 0 0 0 0 0 0 1 0 0 0 0 0 0 0 0
-1 0 0 0 0 0 0 0 0 0 0 0 0 0 1 0 0 0 0 0 0 0
-1 0 0 0 0 0 0 0 0 0 0 0 0 0 0 1 0 0 0 0 0 0
0 0 -1 0 0 0 0 0 0 0 0 0 0 0 0 0 1 0 0 0 0 0
0 0 -1 0 0 0 0 0 0 0 0 0 0 0 0 0 0 1 0 0 0 0
0 0 0 0 -1 0 0 0 0 0 0 0 0 0 0 0 0 0 1 0 0 0
-1 0 0 0 0 0 0 0 0 0 0 0 0 0 0 0 0 0 0 1 0 0
0 0 -1 0 0 0 0 0 0 0 0 0 0 0 0 0 0 0 0 0 1 0
0 0 0 0 -1 0 0 0 0 0 0 0 0 0 0 0 0 0 0 0 0 1

1 0 0 0 0 0 0 0 0 0
0 1 0 0 0 0 0 0 0 0
0 0 1 0 0 0 0 0 0 0
0 0 0 0 0 0 0 0 0 0
0 0 0 0 0 0 0 0 0 0
0 0 0 0 0 0 0 0 0 0
0 0 0 0 0 0 0 0 0 0
0 0 0 0 0 0 0 0 0 0
0 0 0 0 0 0 0 0 0 0
0 0 0 0 0 0 0 0 0 0
0 0 0 0 0 0 0 0 0 0
0 0 0 0 0 0 0 0 0 0
0 0 0 0 0 0 0 0 0 0
0 0 0 0 0 0 0 0 0 0
0 0 0 0 0 0 0 0 0 0
0 0 0 0 0 0 0 0 0 0
0 0 0 0 0 0 0 0 0 0
0 0 0 0 0 0 0 0 0 0
0 0 0 0 0 0 0 0 0 0
0 0 0 0 0 0 0 0 0 0
0 0 0 0 0 0 0 0 0 0
0 0 0 0 0 0 0 0 0 0

1 0 0 0 -1 0 0 0 -1 0
0 1 0 0 0 -1 0 0 -1 0
0 0 1 -1 0 0 -1 -1 0 -2
0 0 0 1 0 0 0 0 0 0
0 0 0 0 1 0 0 0 0 0
0 0 0 0 0 1 0 0 0 0
0 0 0 0 0 0 1 0 0 0
0 0 0 0 0 0 0 1 0 0
0 0 0 0 0 0 0 0 1 0
0 0 0 0 0 0 0 0 0 1
