GM:(0,0,0)  A:(0,0,1/2)  L:(1/2,1/2,1/2)  M:(0,1,1/2)  V:(1/2,1/2,0)  Y:(0,1,0)
GM:(0,0,0)  A:(0,0,1/2)  L:(1/2,1/2,1/2)  M:(0,1,1/2)  V:(1/2,1/2,0)  Y:(0,1,0)
GM1+  GM2+  GM1-  GM2-  GM3GM4  GM5GM6  A1  A2A2  L1+  L1-  L2L2  L3L3  M1  M2M2  V1+  V1-  V2V2  V3V3  Y1+  Y2+  Y1-  Y2-  Y3Y4  Y5Y6
1 1 1 1 2 2 2 4 1 1 2 2 2 4 1 1 2 2 1 1 1 1 2 2
4a (11',1) Ag 2 1;4a (11',1) Au 2 1;4a (11',1) AgAg 4 1;4a (11',1) AuAu 4 1;4b (11',1) Ag 2 1;4b (11',1) Au 2 1;4b (11',1) AgAg 4 1;4b (11',1) AuAu 4 1;4c (11',1) Ag 2 1;4c (11',1) Au 2 1;4c (11',1) AgAg 4 1;4c (11',1) AuAu 4 1;4d (11',1) Ag 2 1;4d (11',1) Au 2 1;4d (11',1) AgAg 4 1;4d (11',1) AuAu 4 1;4e (21',2) A 2 1;4e (21',2) B 2 1;4e (21',2) 1E2E 4 1
1 1 0 0 0 0 1 0 1 1 0 0 1 0 2 0 0 0 1 1 0 0 0 0
0 0 1 1 0 0 1 0 1 1 0 0 1 0 0 2 0 0 0 0 1 1 0 0
0 0 0 0 2 0 0 1 0 0 1 1 0 1 0 0 2 0 0 0 0 0 2 0
0 0 0 0 0 2 0 1 0 0 1 1 0 1 0 0 0 2 0 0 0 0 0 2
1 1 0 0 0 0 1 0 1 1 0 0 1 0 0 2 0 0 1 1 0 0 0 0
0 0 1 1 0 0 1 0 1 1 0 0 1 0 2 0 0 0 0 0 1 1 0 0
0 0 0 0 2 0 0 1 0 0 1 1 0 1 0 0 0 2 0 0 0 0 2 0
0 0 0 0 0 2 0 1 0 0 1 1 0 1 0 0 2 0 0 0 0 0 0 2
1 1 0 0 0 0 1 0 0 2 0 0 1 0 1 1 0 0 0 0 1 1 0 0
0 0 1 1 0 0 1 0 2 0 0 0 1 0 1 1 0 0 1 1 0 0 0 0
0 0 0 0 2 0 0 1 0 0 0 2 0 1 0 0 1 1 0 0 0 0 0 2
0 0 0 0 0 2 0 1 0 0 2 0 0 1 0 0 1 1 0 0 0 0 2 0
1 1 0 0 0 0 1 0 2 0 0 0 1 0 1 1 0 0 0 0 1 1 0 0
0 0 1 1 0 0 1 0 0 2 0 0 1 0 1 1 0 0 1 1 0 0 0 0
0 0 0 0 2 0 0 1 0 0 2 0 0 1 0 0 1 1 0 0 0 0 0 2
0 0 0 0 0 2 0 1 0 0 0 2 0 1 0 0 1 1 0 0 0 0 2 0
1 0 1 0 0 0 1 0 1 1 0 0 1 0 1 1 0 0 1 0 1 0 0 0
0 1 0 1 0 0 1 0 1 1 0 0 1 0 1 1 0 0 0 1 0 1 0 0
0 0 0 0 1 1 0 1 0 0 1 1 0 1 0 0 1 1 0 0 0 0 1 1

-1 0 -1 0 0 0 0 0 0 0 0 0 1 0 0 0 0 0 1 0 0 0 0 0
-1 0 0 0 0 0 0 0 0 0 0 0 1 0 0 0 0 0 0 0 0 0 0 0
0 0 0 0 0 0 0 0 0 0 1 0 0 0 0 0 0 0 0 0 0 0 0 0
0 0 0 0 0 1 0 0 0 0 0 0 0 0 0 0 0 0 0 0 0 0 0 0
1 0 1 0 0 0 0 0 0 0 0 0 -1 0 0 0 0 0 0 0 0 0 0 0
1 0 2 0 0 -1 0 0 0 0 1 0 -2 1 1 0 0 0 -1 0 0 0 -1 0
3 0 3 0 0 0 0 0 0 0 0 0 -3 0 1 0 1 0 -2 0 0 0 -1 0
2 0 3 0 0 -1 0 0 0 0 1 0 -3 1 1 0 1 0 -1 0 0 0 -2 0
1 0 0 0 0 1 0 0 1 0 -1 0 -1 -1 0 0 1 0 -1 0 0 0 0 0
2 0 2 0 0 1 0 0 0 0 -1 0 -2 -1 0 0 1 0 0 0 0 0 0 0
4 0 4 0 0 1 0 0 0 0 -2 0 -4 0 0 0 0 0 0 0 0 0 1 0
0 0 0 0 -1 -1 0 0 0 0 1 1 0 0 0 0 0 0 0 0 0 0 0 0
0 0 0 0 -1 -1 0 1 0 0 0 0 0 1 0 0 0 0 0 0 0 0 0 0
0 0 0 0 -1 -1 0 0 0 0 0 0 0 2 0 0 0 0 0 0 0 0 0 0
0 1 1 0 0 0 0 0 0 0 0 0 -1 0 0 0 0 0 0 0 0 0 0 0
0 0 0 0 0 0 0 0 0 0 0 0 -2 0 1 1 0 0 0 0 0 0 0 0
1 0 0 1 0 0 0 0 0 0 0 0 -1 0 0 0 0 0 0 0 0 0 0 0
0 0 0 0 -1 -1 0 0 0 0 0 0 0 0 0 0 1 1 0 0 0 0 0 0
0 0 0 0 0 0 1 0 0 0 0 0 -1 0 0 0 0 0 0 0 0 0 0 0
1 0 1 0 0 0 0 0 0 0 0 0 -1 0 0 0 0 0 -1 1 0 0 0 0
-1 0 -1 0 0 0 0 0 0 0 0 0 0 0 0 0 0 0 1 0 1 0 0 0
0 0 0 0 0 0 0 0 0 0 0 0 -1 0 0 0 0 0 1 0 0 1 0 0
0 0 0 0 0 0 0 0 1 1 0 0 -2 0 0 0 0 0 0 0 0 0 0 0
0 0 0 0 -1 -1 0 0 0 0 0 0 0 0 0 0 0 0 0 0 0 0 1 1

1 0 0 0 0 0 0 0 0 0 0 0 0 0 0 0 0 0 0
0 1 0 0 0 0 0 0 0 0 0 0 0 0 0 0 0 0 0
0 0 1 0 0 0 0 0 0 0 0 0 0 0 0 0 0 0 0
0 0 0 1 0 0 0 0 0 0 0 0 0 0 0 0 0 0 0
0 0 0 0 1 0 0 0 0 0 0 0 0 0 0 0 0 0 0
0 0 0 0 0 1 0 0 0 0 0 0 0 0 0 0 0 0 0
0 0 0 0 0 0 1 0 0 0 0 0 0 0 0 0 0 0 0
0 0 0 0 0 0 0 2 0 0 0 0 0 0 0 0 0 0 0
0 0 0 0 0 0 0 0 2 0 0 0 0 0 0 0 0 0 0
0 0 0 0 0 0 0 0 0 2 0 0 0 0 0 0 0 0 0
0 0 0 0 0 0 0 0 0 0 4 0 0 0 0 0 0 0 0
0 0 0 0 0 0 0 0 0 0 0 0 0 0 0 0 0 0 0
0 0 0 0 0 0 0 0 0 0 0 0 0 0 0 0 0 0 0
0 0 0 0 0 0 0 0 0 0 0 0 0 0 0 0 0 0 0
0 0 0 0 0 0 0 0 0 0 0 0 0 0 0 0 0 0 0
0 0 0 0 0 0 0 0 0 0 0 0 0 0 0 0 0 0 0
0 0 0 0 0 0 0 0 0 0 0 0 0 0 0 0 0 0 0
0 0 0 0 0 0 0 0 0 0 0 0 0 0 0 0 0 0 0
0 0 0 0 0 0 0 0 0 0 0 0 0 0 0 0 0 0 0
0 0 0 0 0 0 0 0 0 0 0 0 0 0 0 0 0 0 0
0 0 0 0 0 0 0 0 0 0 0 0 0 0 0 0 0 0 0
0 0 0 0 0 0 0 0 0 0 0 0 0 0 0 0 0 0 0
0 0 0 0 0 0 0 0 0 0 0 0 0 0 0 0 0 0 0
0 0 0 0 0 0 0 0 0 0 0 0 0 0 0 0 0 0 0

1 0 0 0 -1 1 0 -1 0 1 0 0 -1 -1 -1 0 0 -1 0
0 1 0 0 0 0 0 0 0 0 0 0 -1 -1 -1 0 0 -1 0
0 0 1 -1 -2 0 0 0 0 1 1 -1 0 0 0 -1 -1 0 -1
0 0 0 0 0 0 0 0 0 0 0 -1 0 0 0 -1 -1 0 -1
0 0 0 0 1 -1 0 1 0 -1 0 0 1 0 0 0 0 0 0
0 0 0 0 0 0 0 0 0 0 0 0 1 0 0 0 0 0 0
0 0 0 0 0 0 0 0 0 -1 1 0 0 0 0 0 1 0 0
0 0 0 0 0 0 0 0 0 0 0 0 0 0 0 0 1 0 0
0 0 0 0 0 -1 1 0 -1 -1 0 0 0 0 1 0 0 0 0
0 0 0 0 0 0 0 0 0 0 0 0 0 0 1 0 0 0 0
0 0 0 0 -2 -1 0 2 0 -2 3 1 0 0 0 0 0 0 0
0 0 0 0 0 0 0 0 0 0 0 1 0 0 0 0 0 0 0
0 0 0 0 1 0 0 0 1 -1 0 0 0 1 0 0 0 0 0
0 0 0 0 0 0 0 0 0 0 0 0 0 1 0 0 0 0 0
0 0 0 0 1 0 0 0 0 0 -1 0 0 0 0 1 0 0 0
0 0 0 0 0 0 0 0 0 0 0 0 0 0 0 1 0 0 0
0 0 0 0 1 0 0 0 0 0 0 0 0 0 0 0 0 1 0
0 0 0 0 0 0 0 0 0 0 0 0 0 0 0 0 0 1 0
0 0 0 1 0 0 0 0 0 0 0 0 0 0 0 0 0 0 2
