GM:(0,0,0)  L:(1/2,1/2,1/2)  W:(1/2,1,0)  X:(0,1,0)
GM:(0,0,0)  L:(1/2,1/2,1/2)  W:(1/2,1,0)  X:(0,1,0)
GM1  GM2  GM3  GM4  GM5  GM6  GM7  GM8  L1  L2  L3  L6  L4L5  W1  W2  W3W4  W5  X1  X2  X3  X5  X4  X6  X7
1 1 2 3 3 2 2 4 1 1 2 2 2 1 1 2 2 1 1 1 2 1 2 2
4a (4321',432) A1 1 1;4a (4321',432) A2 1 1;4a (4321',432) E 2 1;4a (4321',432) T1 3 1;4a (4321',432) T2 3 1;4a (4321',432) E1 2 1;4a (4321',432) E2 2 1;4a (4321',432) F 4 1;4b (4321',432) A1 1 1;4b (4321',432) A2 1 1;4b (4321',432) E 2 1;4b (4321',432) T1 3 1;4b (4321',432) T2 3 1;4b (4321',432) E1 2 1;4b (4321',432) E2 2 1;4b (4321',432) F 4 1;8c (231',23) 1E2E 4 0;8c (231',23) A 2 1;8c (231',23) T 6 1;8c (231',23) 1F2F 8 0;8c (231',23) E 4 0;24d (2221',222) A1 6 0;24d (2221',222) B1 6 0;24d (2221',222) B2 6 1;24d (2221',222) B3 6 1;24d (2221',222) E 2 0
1 0 0 0 0 0 0 0 1 0 0 0 0 1 0 0 0 1 0 0 0 0 0 0
0 1 0 0 0 0 0 0 0 1 0 0 0 0 1 0 0 0 1 0 0 0 0 0
0 0 1 0 0 0 0 0 0 0 1 0 0 1 1 0 0 1 1 0 0 0 0 0
0 0 0 1 0 0 0 0 0 1 1 0 0 0 1 1 0 0 0 1 1 0 0 0
0 0 0 0 1 0 0 0 1 0 1 0 0 1 0 1 0 0 0 0 1 1 0 0
0 0 0 0 0 1 0 0 0 0 0 1 0 0 0 0 1 0 0 0 0 0 1 0
0 0 0 0 0 0 1 0 0 0 0 1 0 0 0 0 1 0 0 0 0 0 0 1
0 0 0 0 0 0 0 1 0 0 0 1 1 0 0 0 2 0 0 0 0 0 1 1
1 0 0 0 0 0 0 0 0 1 0 0 0 0 1 0 0 1 0 0 0 0 0 0
0 1 0 0 0 0 0 0 1 0 0 0 0 1 0 0 0 0 1 0 0 0 0 0
0 0 1 0 0 0 0 0 0 0 1 0 0 1 1 0 0 1 1 0 0 0 0 0
0 0 0 1 0 0 0 0 1 0 1 0 0 1 0 1 0 0 0 1 1 0 0 0
0 0 0 0 1 0 0 0 0 1 1 0 0 0 1 1 0 0 0 0 1 1 0 0
0 0 0 0 0 1 0 0 0 0 0 1 0 0 0 0 1 0 0 0 0 0 1 0
0 0 0 0 0 0 1 0 0 0 0 1 0 0 0 0 1 0 0 0 0 0 0 1
0 0 0 0 0 0 0 1 0 0 0 1 1 0 0 0 2 0 0 0 0 0 1 1
0 0 2 0 0 0 0 0 0 0 2 0 0 0 0 2 0 0 0 2 0 2 0 0
1 1 0 0 0 0 0 0 1 1 0 0 0 0 0 1 0 0 0 1 0 1 0 0
0 0 0 1 1 0 0 0 1 1 2 0 0 2 2 1 0 1 1 0 2 0 0 0
0 0 0 0 0 0 0 2 0 0 0 2 2 0 0 0 4 0 0 0 0 0 2 2
0 0 0 0 0 1 1 0 0 0 0 2 0 0 0 0 2 0 0 0 0 0 1 1
1 0 1 0 1 0 0 0 1 1 2 0 0 1 1 2 0 1 0 1 1 2 0 0
0 1 1 1 0 0 0 0 1 1 2 0 0 1 1 2 0 0 1 2 1 1 0 0
0 0 0 1 1 0 0 0 2 0 2 0 0 3 1 1 0 1 1 0 2 0 0 0
0 0 0 1 1 0 0 0 0 2 2 0 0 1 3 1 0 1 1 0 2 0 0 0
0 0 0 0 0 1 1 2 0 0 0 4 2 0 0 0 6 0 0 0 0 0 3 3

0 0 0 0 -1 0 0 0 1 0 0 0 0 0 0 0 0 0 0 0 0 0 0 0
0 1 0 0 0 0 0 0 0 0 0 0 0 0 0 0 0 0 0 0 0 0 0 0
0 0 0 0 0 0 0 0 -1 0 0 0 0 1 0 0 0 0 0 0 0 0 0 0
0 0 0 1 0 0 0 0 0 0 0 0 0 0 0 0 0 0 0 0 0 0 0 0
0 0 0 0 1 0 0 0 0 0 0 0 0 0 0 0 0 0 0 0 0 0 0 0
0 0 0 0 0 1 0 0 0 0 0 0 0 0 0 0 0 0 0 0 0 0 0 0
0 0 0 0 0 0 1 0 0 0 0 0 0 0 0 0 0 0 0 0 0 0 0 0
0 0 0 0 0 0 0 1 0 0 0 0 0 0 0 0 0 0 0 0 0 0 0 0
1 0 0 0 1 0 0 0 -1 0 0 0 0 0 0 0 0 0 0 0 0 0 0 0
0 0 1 0 0 0 0 0 1 0 0 0 0 -1 0 0 0 0 0 0 0 0 0 0
0 0 -1 -1 -1 0 0 0 0 0 1 0 0 0 0 0 0 0 0 0 0 0 0 0
0 0 0 0 0 -1 -1 -1 0 0 0 1 0 0 0 0 0 0 0 0 0 0 0 0
0 0 0 0 0 0 0 -1 0 0 0 0 1 0 0 0 0 0 0 0 0 0 0 0
-1 -1 0 -1 -1 0 0 0 1 1 0 0 0 0 0 0 0 0 0 0 0 0 0 0
-1 -1 0 -1 -1 0 0 0 2 0 0 0 0 -1 1 0 0 0 0 0 0 0 0 0
0 0 -1 -1 -1 0 0 0 -1 0 0 0 0 1 0 1 0 0 0 0 0 0 0 0
0 0 0 0 0 -1 -1 -2 0 0 0 0 0 0 0 0 1 0 0 0 0 0 0 0
-1 0 0 0 0 0 0 0 1 0 0 0 0 -1 0 0 0 1 0 0 0 0 0 0
0 -1 0 0 0 0 0 0 1 0 0 0 0 -1 0 0 0 0 1 0 0 0 0 0
0 0 -1 -1 0 0 0 0 -1 0 0 0 0 1 0 0 0 0 0 1 0 0 0 0
0 0 0 -1 -1 0 0 0 0 0 0 0 0 0 0 0 0 0 0 0 1 0 0 0
0 0 -1 0 -1 0 0 0 -1 0 0 0 0 1 0 0 0 0 0 0 0 1 0 0
0 0 0 0 0 -1 0 -1 0 0 0 0 0 0 0 0 0 0 0 0 0 0 1 0
0 0 0 0 0 0 -1 -1 0 0 0 0 0 0 0 0 0 0 0 0 0 0 0 1

1 0 0 0 0 0 0 0 0 0 0 0 0 0 0 0 0 0 0 0 0 0 0 0 0 0
0 1 0 0 0 0 0 0 0 0 0 0 0 0 0 0 0 0 0 0 0 0 0 0 0 0
0 0 1 0 0 0 0 0 0 0 0 0 0 0 0 0 0 0 0 0 0 0 0 0 0 0
0 0 0 1 0 0 0 0 0 0 0 0 0 0 0 0 0 0 0 0 0 0 0 0 0 0
0 0 0 0 1 0 0 0 0 0 0 0 0 0 0 0 0 0 0 0 0 0 0 0 0 0
0 0 0 0 0 1 0 0 0 0 0 0 0 0 0 0 0 0 0 0 0 0 0 0 0 0
0 0 0 0 0 0 1 0 0 0 0 0 0 0 0 0 0 0 0 0 0 0 0 0 0 0
0 0 0 0 0 0 0 1 0 0 0 0 0 0 0 0 0 0 0 0 0 0 0 0 0 0
0 0 0 0 0 0 0 0 1 0 0 0 0 0 0 0 0 0 0 0 0 0 0 0 0 0
0 0 0 0 0 0 0 0 0 1 0 0 0 0 0 0 0 0 0 0 0 0 0 0 0 0
0 0 0 0 0 0 0 0 0 0 0 0 0 0 0 0 0 0 0 0 0 0 0 0 0 0
0 0 0 0 0 0 0 0 0 0 0 0 0 0 0 0 0 0 0 0 0 0 0 0 0 0
0 0 0 0 0 0 0 0 0 0 0 0 0 0 0 0 0 0 0 0 0 0 0 0 0 0
0 0 0 0 0 0 0 0 0 0 0 0 0 0 0 0 0 0 0 0 0 0 0 0 0 0
0 0 0 0 0 0 0 0 0 0 0 0 0 0 0 0 0 0 0 0 0 0 0 0 0 0
0 0 0 0 0 0 0 0 0 0 0 0 0 0 0 0 0 0 0 0 0 0 0 0 0 0
0 0 0 0 0 0 0 0 0 0 0 0 0 0 0 0 0 0 0 0 0 0 0 0 0 0
0 0 0 0 0 0 0 0 0 0 0 0 0 0 0 0 0 0 0 0 0 0 0 0 0 0
0 0 0 0 0 0 0 0 0 0 0 0 0 0 0 0 0 0 0 0 0 0 0 0 0 0
0 0 0 0 0 0 0 0 0 0 0 0 0 0 0 0 0 0 0 0 0 0 0 0 0 0
0 0 0 0 0 0 0 0 0 0 0 0 0 0 0 0 0 0 0 0 0 0 0 0 0 0
0 0 0 0 0 0 0 0 0 0 0 0 0 0 0 0 0 0 0 0 0 0 0 0 0 0
0 0 0 0 0 0 0 0 0 0 0 0 0 0 0 0 0 0 0 0 0 0 0 0 0 0
0 0 0 0 0 0 0 0 0 0 0 0 0 0 0 0 0 0 0 0 0 0 0 0 0 0

1 0 0 0 0 0 0 0 0 1 0 -1 1 0 0 0 -1 0 1 0 0 1 0 0 2 0
0 1 0 0 0 0 0 0 0 0 0 0 0 0 0 0 -1 -1 0 0 0 0 -1 0 0 0
0 0 1 0 0 0 0 0 0 -1 -1 0 0 0 0 0 0 0 -2 0 0 -1 -1 -2 -2 0
0 0 0 1 0 0 0 0 0 -1 0 -1 0 0 0 0 0 -1 -2 0 0 -1 -2 -2 -2 0
0 0 0 0 1 0 0 0 0 -1 0 0 -1 0 0 0 0 -1 -2 0 0 -2 -1 -2 -2 0
0 0 0 0 0 1 0 0 0 0 0 0 0 -1 0 0 0 0 0 0 -1 0 0 0 0 -1
0 0 0 0 0 0 1 0 0 0 0 0 0 0 -1 0 0 0 0 0 -1 0 0 0 0 -1
0 0 0 0 0 0 0 1 0 0 0 0 0 0 0 -1 0 0 0 -2 0 0 0 0 0 -2
0 0 0 0 0 0 0 0 1 -1 0 1 -1 0 0 0 1 -1 -1 0 0 -2 0 0 -2 0
0 0 0 0 0 0 0 0 0 0 0 0 0 0 0 0 1 0 0 0 0 0 0 0 0 0
0 0 0 0 0 0 0 0 0 0 1 0 0 0 0 0 0 0 0 0 0 0 0 0 0 0
0 0 0 0 0 0 0 0 0 0 0 1 0 0 0 0 0 0 0 0 0 0 0 0 0 0
0 0 0 0 0 0 0 0 0 0 0 0 1 0 0 0 0 0 0 0 0 0 0 0 0 0
0 0 0 0 0 0 0 0 0 0 0 0 0 1 0 0 0 0 0 0 0 0 0 0 0 0
0 0 0 0 0 0 0 0 0 0 0 0 0 0 1 0 0 0 0 0 0 0 0 0 0 0
0 0 0 0 0 0 0 0 0 0 0 0 0 0 0 1 0 0 0 0 0 0 0 0 0 0
0 0 0 0 0 0 0 0 0 1 0 0 0 0 0 0 0 0 1 0 0 0 0 1 1 0
0 0 0 0 0 0 0 0 0 0 0 0 0 0 0 0 0 1 0 0 0 0 0 0 0 0
0 0 0 0 0 0 0 0 0 0 0 0 0 0 0 0 0 0 1 0 0 0 0 0 0 0
0 0 0 0 0 0 0 0 0 0 0 0 0 0 0 0 0 0 0 1 0 0 0 0 0 0
0 0 0 0 0 0 0 0 0 0 0 0 0 0 0 0 0 0 0 0 1 0 0 0 0 0
0 0 0 0 0 0 0 0 0 0 0 0 0 0 0 0 0 0 0 0 0 1 0 0 0 0
0 0 0 0 0 0 0 0 0 0 0 0 0 0 0 0 0 0 0 0 0 0 1 0 0 0
0 0 0 0 0 0 0 0 0 0 0 0 0 0 0 0 0 0 0 0 0 0 0 1 0 0
0 0 0 0 0 0 0 0 0 1 0 0 0 0 0 0 0 1 1 0 0 1 1 1 2 0
0 0 0 0 0 0 0 0 0 0 0 0 0 0 0 0 0 0 0 0 0 0 0 0 0 1
