GM:(0,0,0)  H:(1,1,1)  N:(1/2,1/2,0)  P:(1/2,1/2,1/2)  PA:(-1/2,-1/2,-1/2)
GM:(0,0,0)  H:(1,1,1)  N:(1/2,1/2,0)  P:(1/2,1/2,1/2)  PA:(-1/2,-1/2,-1/2)
GM4  GM5  GM1  GM3  GM2  GM6  GM8  GM7  H2  H3  H4  H1  H5  H6  H8  H7  N1  N2  N3  N4  N5  P2  P3  P1  P4  P6  P7  P5  P8  PA1  PA3  PA2  PA7  PA8  PA4  PA6  PA5
3 3 1 2 1 2 4 2 1 2 3 1 3 2 4 2 2 1 1 1 1 2 4 2 1 2 3 1 3 2 4 2 3 3 1 2 1
12a (4,4) 1E 6 1,12a (4,4) 2E 6 1,12a (4,4) A 6 1,12a (4,4) B 6 1,12a (4,4) 1E1 6 1,12a (4,4) 1E2 6 1,12a (4,4) 2E1 6 1,12a (4,4) 2E2 6 1,12b (4,4) 1E 6 1,12b (4,4) 2E 6 1,12b (4,4) A 6 1,12b (4,4) B 6 1,12b (4,4) 1E1 6 1,12b (4,4) 1E2 6 1,12b (4,4) 2E1 6 1,12b (4,4) 2E2 6 1,16c (3,3) 1E 8 1,16c (3,3) 2E 8 1,16c (3,3) A1 8 0,16c (3,3) 1E 8 1,16c (3,3) 2E 8 1,16c (3,3) E 8 0
1 1 0 0 0 0 0 0 1 1 1 0 0 0 0 0 3 0 0 0 0 1 1 0 0 0 0 0 0 1 1 0 0 0 0 0 0
1 1 0 0 0 0 0 0 0 1 0 1 1 0 0 0 3 0 0 0 0 0 1 1 0 0 0 0 0 0 1 1 0 0 0 0 0
0 1 1 1 0 0 0 0 0 0 1 0 1 0 0 0 3 0 0 0 0 0 1 1 0 0 0 0 0 1 1 0 0 0 0 0 0
1 0 0 1 1 0 0 0 0 0 1 0 1 0 0 0 3 0 0 0 0 1 1 0 0 0 0 0 0 0 1 1 0 0 0 0 0
0 0 0 0 0 1 1 0 0 0 0 0 0 1 1 0 0 1 2 1 2 0 0 0 1 1 1 0 0 0 0 0 1 1 0 0 0
0 0 0 0 0 0 1 1 0 0 0 0 0 0 1 1 0 1 2 1 2 0 0 0 0 1 0 1 1 0 0 0 1 1 0 0 0
0 0 0 0 0 1 1 0 0 0 0 0 0 0 1 1 0 2 1 2 1 0 0 0 0 0 1 0 1 0 0 0 1 0 1 1 0
0 0 0 0 0 0 1 1 0 0 0 0 0 1 1 0 0 2 1 2 1 0 0 0 0 0 1 0 1 0 0 0 0 1 0 1 1
1 1 0 0 0 0 0 0 1 1 1 0 0 0 0 0 3 0 0 0 0 0 1 1 0 0 0 0 0 0 1 1 0 0 0 0 0
1 1 0 0 0 0 0 0 0 1 0 1 1 0 0 0 3 0 0 0 0 1 1 0 0 0 0 0 0 1 1 0 0 0 0 0 0
0 1 1 1 0 0 0 0 0 0 1 0 1 0 0 0 3 0 0 0 0 1 1 0 0 0 0 0 0 0 1 1 0 0 0 0 0
1 0 0 1 1 0 0 0 0 0 1 0 1 0 0 0 3 0 0 0 0 0 1 1 0 0 0 0 0 1 1 0 0 0 0 0 0
0 0 0 0 0 1 1 0 0 0 0 0 0 1 1 0 0 1 2 1 2 0 0 0 0 1 0 1 1 0 0 0 1 1 0 0 0
0 0 0 0 0 0 1 1 0 0 0 0 0 0 1 1 0 1 2 1 2 0 0 0 1 1 1 0 0 0 0 0 1 1 0 0 0
0 0 0 0 0 1 1 0 0 0 0 0 0 0 1 1 0 2 1 2 1 0 0 0 0 0 1 0 1 0 0 0 0 1 0 1 1
0 0 0 0 0 0 1 1 0 0 0 0 0 1 1 0 0 2 1 2 1 0 0 0 0 0 1 0 1 0 0 0 1 0 1 1 0
1 1 0 1 0 0 0 0 0 1 1 0 1 0 0 0 4 0 0 0 0 1 1 1 0 0 0 0 0 1 1 1 0 0 0 0 0
1 1 0 1 0 0 0 0 0 1 1 0 1 0 0 0 4 0 0 0 0 1 1 1 0 0 0 0 0 1 1 1 0 0 0 0 0
1 1 1 0 1 0 0 0 1 0 1 1 1 0 0 0 4 0 0 0 0 0 2 0 0 0 0 0 0 0 2 0 0 0 0 0 0
0 0 0 0 0 1 1 1 0 0 0 0 0 1 1 1 0 2 2 2 2 0 0 0 0 1 1 0 1 0 0 0 1 1 0 1 0
0 0 0 0 0 1 1 1 0 0 0 0 0 1 1 1 0 2 2 2 2 0 0 0 0 1 1 0 1 0 0 0 1 1 0 1 0
0 0 0 0 0 0 2 0 0 0 0 0 0 0 2 0 0 2 2 2 2 0 0 0 1 0 1 1 1 0 0 0 1 1 1 0 1

0 0 1 0 0 0 0 0 0 0 0 1 -1 0 0 0 0 0 0 0 0 1 0 0 0 0 0 0 0 0 0 0 0 0 0 0 0
0 0 0 0 0 0 0 0 0 0 0 1 0 0 0 0 0 0 0 0 0 0 0 0 0 0 0 0 0 0 0 0 0 0 0 0 0
0 0 1 0 0 0 0 0 0 0 0 0 0 0 0 0 0 0 0 0 0 0 0 0 0 0 0 0 0 0 0 0 0 0 0 0 0
0 0 0 0 1 0 0 0 0 0 0 0 0 0 0 0 0 0 0 0 0 0 0 0 0 0 0 0 0 0 0 0 0 0 0 0 0
0 0 0 0 0 0 0 0 0 0 0 0 0 0 0 0 0 0 0 0 0 0 0 0 1 0 0 0 0 0 0 0 0 0 0 0 0
0 0 0 0 0 0 0 0 0 0 0 0 0 -1 1 0 0 0 0 0 0 0 0 0 0 0 0 0 0 0 0 0 0 0 -1 0 0
0 0 0 0 0 0 0 0 0 0 0 0 0 0 0 0 0 0 0 0 0 0 0 0 0 0 0 0 0 0 0 0 0 0 1 0 0
0 0 0 0 0 0 0 0 0 0 0 0 0 0 0 0 0 0 0 0 0 0 0 0 0 0 0 0 0 0 0 0 0 0 0 0 1
0 0 0 0 -1 0 0 0 1 0 0 -1 1 0 0 0 0 0 0 0 0 0 0 0 0 0 0 0 0 -1 0 0 0 0 0 0 0
0 0 0 0 0 0 0 0 0 0 0 0 0 0 1 0 0 0 0 0 0 0 0 0 -1 0 0 -1 0 0 0 0 0 0 -1 0 -1
0 0 -1 0 1 1 0 0 0 0 0 0 0 0 0 0 0 0 0 0 0 -1 0 0 -1 0 0 0 0 1 0 0 0 0 -1 0 0
0 0 -2 0 0 0 0 0 0 0 0 -1 1 0 1 0 0 0 0 0 0 -1 0 0 -1 0 0 -1 0 1 0 0 0 0 -1 0 -1
0 0 -3 0 -1 -1 0 0 0 0 0 -2 2 1 2 0 0 0 0 0 0 -1 0 0 -2 0 0 -2 0 1 0 0 0 0 -1 0 -3
0 0 0 0 0 -1 0 0 0 0 0 0 0 1 2 0 0 0 0 0 0 0 0 0 -2 0 0 -2 0 0 0 0 0 0 -1 0 -3
0 0 0 0 0 0 0 0 -1 0 1 1 -1 0 0 0 0 0 0 0 0 0 0 0 0 0 0 0 0 0 0 0 0 0 0 0 0
0 0 0 0 0 0 0 0 0 0 0 0 0 1 -2 1 0 0 0 0 0 0 0 0 1 0 0 1 0 0 0 0 0 0 1 0 1
0 0 1 0 1 0 0 0 -3 0 0 1 -4 0 0 0 1 0 0 0 0 0 0 0 0 0 0 0 0 0 0 0 0 0 0 0 0
0 0 0 0 0 0 0 0 0 0 0 0 0 0 -2 0 0 1 0 0 0 0 0 0 1 0 0 1 0 0 0 0 0 0 0 0 0
0 0 0 0 0 0 0 0 0 0 0 0 0 0 -2 0 0 0 1 0 0 0 0 0 0 0 0 0 0 0 0 0 0 0 1 0 1
0 0 0 0 0 0 0 0 0 0 0 0 0 0 -2 0 0 0 0 1 0 0 0 0 1 0 0 1 0 0 0 0 0 0 0 0 0
0 0 0 0 0 0 0 0 0 0 0 0 0 0 -2 0 0 0 0 0 1 0 0 0 0 0 0 0 0 0 0 0 0 0 1 0 1
1 0 1 0 0 0 0 0 -1 0 0 0 -1 0 0 0 0 0 0 0 0 0 0 0 0 0 0 0 0 0 0 0 0 0 0 0 0
0 0 0 0 0 0 0 0 -1 0 0 0 -1 0 0 0 0 0 0 0 0 0 1 0 0 0 0 0 0 0 0 0 0 0 0 0 0
0 0 1 0 1 0 0 0 -1 0 0 1 -2 0 0 0 0 0 0 0 0 1 0 1 0 0 0 0 0 0 0 0 0 0 0 0 0
0 0 0 1 0 0 0 0 0 0 0 1 -1 0 0 0 0 0 0 0 0 0 0 0 0 0 0 0 0 0 0 0 0 0 0 0 0
0 0 0 0 0 0 0 0 0 0 0 0 0 0 -1 0 0 0 0 0 0 0 0 0 0 1 0 0 0 0 0 0 0 0 1 0 1
0 0 0 0 0 0 0 0 0 0 0 0 0 0 -1 0 0 0 0 0 0 0 0 0 0 0 1 1 0 0 0 0 0 0 0 0 0
0 1 0 0 1 0 0 0 -1 0 0 0 -1 0 0 0 0 0 0 0 0 0 0 0 0 0 0 0 0 0 0 0 0 0 0 0 0
0 0 0 0 0 0 0 0 0 0 0 0 0 0 -1 0 0 0 0 0 0 0 0 0 1 0 0 0 1 0 0 0 0 0 0 0 0
0 0 1 0 1 0 0 0 -1 1 0 0 -1 0 0 0 0 0 0 0 0 0 0 0 0 0 0 0 0 0 0 0 0 0 0 0 0
0 0 0 0 0 0 0 0 -1 0 0 0 -1 0 0 0 0 0 0 0 0 0 0 0 0 0 0 0 0 0 1 0 0 0 0 0 0
0 0 1 0 1 0 0 0 -1 0 0 1 -2 0 0 0 0 0 0 0 0 0 0 0 0 0 0 0 0 1 0 1 0 0 0 0 0
0 0 0 0 0 0 0 0 0 0 0 0 0 0 -1 0 0 0 0 0 0 0 0 0 0 0 0 0 0 0 0 0 1 0 0 0 1
0 0 0 0 0 0 0 0 0 0 0 0 0 0 -1 0 0 0 0 0 0 0 0 0 0 0 0 0 0 0 0 0 0 1 1 0 0
0 0 0 0 0 0 1 0 0 0 0 0 0 0 -1 0 0 0 0 0 0 0 0 0 0 0 0 0 0 0 0 0 0 0 0 0 0
0 0 0 0 0 0 0 0 0 0 0 0 0 0 -1 0 0 0 0 0 0 0 0 0 1 0 0 1 0 0 0 0 0 0 0 1 0
0 0 0 0 0 1 0 1 0 0 0 0 0 0 -2 0 0 0 0 0 0 0 0 0 1 0 0 1 0 0 0 0 0 0 1 0 1

1 0 0 0 0 0 0 0 0 0 0 0 0 0 0 0 0 0 0 0 0 0
0 1 0 0 0 0 0 0 0 0 0 0 0 0 0 0 0 0 0 0 0 0
0 0 1 0 0 0 0 0 0 0 0 0 0 0 0 0 0 0 0 0 0 0
0 0 0 1 0 0 0 0 0 0 0 0 0 0 0 0 0 0 0 0 0 0
0 0 0 0 1 0 0 0 0 0 0 0 0 0 0 0 0 0 0 0 0 0
0 0 0 0 0 1 0 0 0 0 0 0 0 0 0 0 0 0 0 0 0 0
0 0 0 0 0 0 1 0 0 0 0 0 0 0 0 0 0 0 0 0 0 0
0 0 0 0 0 0 0 1 0 0 0 0 0 0 0 0 0 0 0 0 0 0
0 0 0 0 0 0 0 0 1 0 0 0 0 0 0 0 0 0 0 0 0 0
0 0 0 0 0 0 0 0 0 1 0 0 0 0 0 0 0 0 0 0 0 0
0 0 0 0 0 0 0 0 0 0 1 0 0 0 0 0 0 0 0 0 0 0
0 0 0 0 0 0 0 0 0 0 0 1 0 0 0 0 0 0 0 0 0 0
0 0 0 0 0 0 0 0 0 0 0 0 2 0 0 0 0 0 0 0 0 0
0 0 0 0 0 0 0 0 0 0 0 0 0 2 0 0 0 0 0 0 0 0
0 0 0 0 0 0 0 0 0 0 0 0 0 0 0 0 0 0 0 0 0 0
0 0 0 0 0 0 0 0 0 0 0 0 0 0 0 0 0 0 0 0 0 0
0 0 0 0 0 0 0 0 0 0 0 0 0 0 0 0 0 0 0 0 0 0
0 0 0 0 0 0 0 0 0 0 0 0 0 0 0 0 0 0 0 0 0 0
0 0 0 0 0 0 0 0 0 0 0 0 0 0 0 0 0 0 0 0 0 0
0 0 0 0 0 0 0 0 0 0 0 0 0 0 0 0 0 0 0 0 0 0
0 0 0 0 0 0 0 0 0 0 0 0 0 0 0 0 0 0 0 0 0 0
0 0 0 0 0 0 0 0 0 0 0 0 0 0 0 0 0 0 0 0 0 0
0 0 0 0 0 0 0 0 0 0 0 0 0 0 0 0 0 0 0 0 0 0
0 0 0 0 0 0 0 0 0 0 0 0 0 0 0 0 0 0 0 0 0 0
0 0 0 0 0 0 0 0 0 0 0 0 0 0 0 0 0 0 0 0 0 0
0 0 0 0 0 0 0 0 0 0 0 0 0 0 0 0 0 0 0 0 0 0
0 0 0 0 0 0 0 0 0 0 0 0 0 0 0 0 0 0 0 0 0 0
0 0 0 0 0 0 0 0 0 0 0 0 0 0 0 0 0 0 0 0 0 0
0 0 0 0 0 0 0 0 0 0 0 0 0 0 0 0 0 0 0 0 0 0
0 0 0 0 0 0 0 0 0 0 0 0 0 0 0 0 0 0 0 0 0 0
0 0 0 0 0 0 0 0 0 0 0 0 0 0 0 0 0 0 0 0 0 0
0 0 0 0 0 0 0 0 0 0 0 0 0 0 0 0 0 0 0 0 0 0
0 0 0 0 0 0 0 0 0 0 0 0 0 0 0 0 0 0 0 0 0 0
0 0 0 0 0 0 0 0 0 0 0 0 0 0 0 0 0 0 0 0 0 0
0 0 0 0 0 0 0 0 0 0 0 0 0 0 0 0 0 0 0 0 0 0
0 0 0 0 0 0 0 0 0 0 0 0 0 0 0 0 0 0 0 0 0 0
0 0 0 0 0 0 0 0 0 0 0 0 0 0 0 0 0 0 0 0 0 0

1 0 0 0 0 0 0 0 0 -1 0 1 -1 1 0 0 -1 0 -1 0 0 0
0 1 0 0 0 0 0 0 0 0 0 0 0 0 0 0 -1 0 -1 0 0 0
0 0 1 0 0 0 0 0 0 -1 0 1 -1 1 -1 0 0 0 -1 0 0 0
0 0 0 1 0 0 0 0 0 0 0 0 0 0 -1 0 0 0 -1 0 0 0
0 0 0 0 1 0 0 0 0 0 0 0 0 0 0 0 0 0 0 -1 0 -1
0 0 0 0 0 1 0 0 0 -1 0 0 0 1 0 0 0 0 0 -1 0 -1
0 0 0 0 0 0 1 0 0 0 0 0 0 0 0 -1 0 0 0 0 0 -1
0 0 0 0 0 0 0 1 0 -1 0 0 0 1 0 -1 0 0 0 0 0 -1
0 0 0 0 0 0 0 0 1 -1 0 1 -1 1 0 0 1 0 0 0 0 0
0 0 0 0 0 0 0 0 0 0 0 0 0 0 0 0 1 0 0 0 0 0
0 0 0 0 0 0 0 0 0 1 0 -1 1 -1 1 0 0 0 0 0 0 0
0 0 0 0 0 0 0 0 0 0 0 0 0 0 1 0 0 0 0 0 0 0
0 0 0 0 0 0 0 0 0 0 1 -2 2 -1 0 0 0 0 0 1 0 0
0 0 0 0 0 0 0 0 0 0 0 0 0 0 0 0 0 0 0 1 0 0
0 0 0 0 0 0 0 0 0 1 0 0 0 -1 0 1 0 0 0 0 0 0
0 0 0 0 0 0 0 0 0 0 0 0 0 0 0 1 0 0 0 0 0 0
0 0 0 0 0 0 0 0 0 1 0 -1 2 -2 0 0 0 -1 2 0 0 0
0 0 0 0 0 0 0 0 0 0 0 0 0 0 0 0 0 1 0 0 0 0
0 0 0 0 0 0 0 0 0 0 0 0 0 0 0 0 0 0 1 0 0 0
0 0 0 0 0 0 0 0 0 1 0 0 0 0 0 0 0 0 0 0 -1 2
0 0 0 0 0 0 0 0 0 0 0 0 0 0 0 0 0 0 0 0 1 0
0 0 0 0 0 0 0 0 0 0 0 0 0 0 0 0 0 0 0 0 0 1
