GM:(0,0,0)  R:(1/2,1/2,-1/2)  S:(0,1/2,-1/2)  T:(1/2,0,-1)  Y:(0,0,-1)  Z:(1/2,0,0)
GM:(0,0,0)  R:(1/2,1/2,-1/2)  S:(0,1/2,-1/2)  T:(1/2,0,-1)  Y:(0,0,-1)  Z:(1/2,0,0)
GM1  GM4  GM2  GM3  GM5  R1R2  R3R3  R4R4  S1S1  S2S2  S3S4  T1  T2  T3  T4  T5  Y1  Y4  Y2  Y3  Y5  Z1  Z2  Z3  Z4  Z5
1 1 1 1 2 2 2 2 2 2 2 2 1 1 1 1 1 1 1 1 2 2 1 1 1 1
4a (m'm2',m) A' 2 1;4a (m'm2',m) A'' 2 1;4a (m'm2',m) 1E 2 1;4a (m'm2',m) 2E 2 1;8b (2,2) A 4 1;8b (2,2) B 4 1;8b (2,2) 1E 4 1;8b (2,2) 2E 4 1
1 1 0 0 0 1 0 0 1 0 0 1 0 0 0 0 1 1 0 0 0 1 0 0 0 0
0 0 1 1 0 1 0 0 0 1 0 1 0 0 0 0 0 0 1 1 0 1 0 0 0 0
0 0 0 0 1 0 1 0 0 0 1 0 1 1 0 0 0 0 0 0 1 0 1 1 0 0
0 0 0 0 1 0 0 1 0 0 1 0 0 0 1 1 0 0 0 0 1 0 0 0 1 1
2 0 2 0 0 2 0 0 1 1 0 2 0 0 0 0 2 0 2 0 0 2 0 0 0 0
0 2 0 2 0 2 0 0 1 1 0 2 0 0 0 0 0 2 0 2 0 2 0 0 0 0
0 0 0 0 2 0 1 1 0 0 2 0 0 2 0 2 0 0 0 0 2 0 0 2 0 2
0 0 0 0 2 0 1 1 0 0 2 0 2 0 2 0 0 0 0 0 2 0 2 0 2 0

1 0 -1 1 0 0 0 0 0 0 0 0 0 0 0 0 0 0 0 0 0 0 0 0 0 0
0 0 0 1 0 0 0 0 0 0 0 0 0 0 0 0 0 0 0 0 0 0 0 0 0 0
0 0 0 0 0 0 0 0 0 0 0 0 1 0 0 0 0 0 0 0 0 0 0 0 0 0
0 0 0 0 1 0 -2 0 0 0 0 0 1 0 0 0 0 0 0 0 0 0 0 0 0 0
0 0 0 -1 0 0 0 0 0 1 0 0 0 0 0 0 0 0 0 0 0 0 0 0 0 0
0 0 0 0 0 0 1 0 0 0 0 0 -1 0 0 0 0 0 0 0 0 0 0 0 0 0
-1 0 0 -1 0 1 0 0 0 0 0 0 0 0 0 0 0 0 0 0 0 0 0 0 0 0
0 0 0 0 -1 0 1 1 0 0 0 0 0 0 0 0 0 0 0 0 0 0 0 0 0 0
-1 0 0 -1 0 0 0 0 1 1 0 0 0 0 0 0 0 0 0 0 0 0 0 0 0 0
0 0 -1 -1 0 0 0 0 0 2 0 0 0 0 0 0 0 0 0 0 0 0 0 0 0 0
0 0 0 0 -1 0 0 0 0 0 1 0 0 0 0 0 0 0 0 0 0 0 0 0 0 0
-1 0 0 -1 0 0 0 0 0 0 0 1 0 0 0 0 0 0 0 0 0 0 0 0 0 0
-1 1 1 -1 0 0 0 0 0 0 0 0 0 0 0 0 0 0 0 0 0 0 0 0 0 0
0 0 0 0 0 0 -2 0 0 0 0 0 1 1 0 0 0 0 0 0 0 0 0 0 0 0
0 0 0 0 -1 0 2 0 0 0 0 0 -1 0 1 0 0 0 0 0 0 0 0 0 0 0
0 0 0 0 -1 0 0 0 0 0 0 0 1 0 0 1 0 0 0 0 0 0 0 0 0 0
-1 0 0 0 0 0 0 0 0 0 0 0 0 0 0 0 1 0 0 0 0 0 0 0 0 0
-1 0 1 -1 0 0 0 0 0 0 0 0 0 0 0 0 0 1 0 0 0 0 0 0 0 0
0 0 -1 0 0 0 0 0 0 0 0 0 0 0 0 0 0 0 1 0 0 0 0 0 0 0
0 0 0 -1 0 0 0 0 0 0 0 0 0 0 0 0 0 0 0 1 0 0 0 0 0 0
0 0 0 0 -1 0 0 0 0 0 0 0 0 0 0 0 0 0 0 0 1 0 0 0 0 0
-1 0 0 -1 0 0 0 0 0 0 0 0 0 0 0 0 0 0 0 0 0 1 0 0 0 0
0 0 0 0 0 0 0 0 0 0 0 0 -1 0 0 0 0 0 0 0 0 0 1 0 0 0
0 0 0 0 0 0 -2 0 0 0 0 0 1 0 0 0 0 0 0 0 0 0 0 1 0 0
0 0 0 0 -1 0 2 0 0 0 0 0 -1 0 0 0 0 0 0 0 0 0 0 0 1 0
0 0 0 0 -1 0 0 0 0 0 0 0 1 0 0 0 0 0 0 0 0 0 0 0 0 1

1 0 0 0 0 0 0 0
0 1 0 0 0 0 0 0
0 0 1 0 0 0 0 0
0 0 0 1 0 0 0 0
0 0 0 0 1 0 0 0
0 0 0 0 0 1 0 0
0 0 0 0 0 0 0 0
0 0 0 0 0 0 0 0
0 0 0 0 0 0 0 0
0 0 0 0 0 0 0 0
0 0 0 0 0 0 0 0
0 0 0 0 0 0 0 0
0 0 0 0 0 0 0 0
0 0 0 0 0 0 0 0
0 0 0 0 0 0 0 0
0 0 0 0 0 0 0 0
0 0 0 0 0 0 0 0
0 0 0 0 0 0 0 0
0 0 0 0 0 0 0 0
0 0 0 0 0 0 0 0
0 0 0 0 0 0 0 0
0 0 0 0 0 0 0 0
0 0 0 0 0 0 0 0
0 0 0 0 0 0 0 0
0 0 0 0 0 0 0 0
0 0 0 0 0 0 0 0

1 0 0 0 0 0 -2 0
0 1 0 0 0 0 -2 0
0 0 1 0 0 0 0 -2
0 0 0 1 0 0 0 -2
0 0 0 0 1 0 1 0
0 0 0 0 0 0 1 0
0 0 0 0 0 1 0 1
0 0 0 0 0 0 0 1
