GM:(0,0,0)  R:(-1/2,0,1/2)  S:(0,1/2,1/2)  T:(-1/2,1/2,0)  W:(-1/2,-1/2,-1/2)  X:(1,1,1)
GM:(0,0,0)  R:(1/2,0,1/2)  T:(1/2,1/2,0)  S:(0,1/2,1/2)  W:(1/2,1/2,1/2)  X:(1,1,1)
GM1  GM2  GM3  GM4  GM5  R1  R2  R3R4  (S)T1T2  (S)T3T3  (S)T4T4  (T)S1  (T)S2  (T)S3S4  W1W2  W3W3  W4W4  X1  X2  X3  X4  X5
1 1 1 1 2 1 1 2 2 2 2 1 1 2 2 2 2 1 1 1 1 2
8a (1',1) A 4 0,8b (1',1) A 4 0,8c (2,2) A 4 0,8c (2,2) B 4 0,8c (2,2) 1E 4 1,8c (2,2) 2E 4 1,8d (2',1) A 4 0,8d (2',1) A 4 1,8e (2',1) A 4 0,8e (2',1) A 4 1
1 1 1 1 0 2 2 0 2 0 0 2 2 0 2 0 0 1 1 1 1 0
1 1 1 1 0 2 2 0 2 0 0 2 2 0 2 0 0 1 1 1 1 0
2 2 0 0 0 2 2 0 2 0 0 2 2 0 2 0 0 2 2 0 0 0
0 0 2 2 0 2 2 0 2 0 0 2 2 0 2 0 0 0 0 2 2 0
0 0 0 0 2 0 0 2 0 1 1 0 0 2 0 1 1 0 0 0 0 2
0 0 0 0 2 0 0 2 0 1 1 0 0 2 0 1 1 0 0 0 0 2
1 1 1 1 0 2 2 0 2 0 0 2 2 0 2 0 0 1 1 1 1 0
0 0 0 0 2 0 0 2 0 1 1 0 0 2 0 1 1 0 0 0 0 2
1 1 1 1 0 2 2 0 2 0 0 2 2 0 2 0 0 1 1 1 1 0
0 0 0 0 2 0 0 2 0 1 1 0 0 2 0 1 1 0 0 0 0 2

0 0 1 0 0 0 0 0 0 0 0 0 0 0 0 0 0 0 0 0 0 0
0 0 0 0 0 0 0 0 0 0 0 0 0 0 0 0 1 0 0 0 0 0
-1 0 1 0 0 0 0 0 0 0 0 0 0 0 0 0 2 0 0 0 0 0
0 0 -1 1 0 0 0 0 0 0 0 0 0 0 0 0 0 0 0 0 0 0
-1 1 0 0 0 0 0 0 0 0 0 0 0 0 0 0 0 0 0 0 0 0
-1 0 -1 0 0 1 0 0 0 0 0 0 0 0 0 0 0 0 0 0 0 0
-1 0 -1 0 0 0 1 0 0 0 0 0 0 0 0 0 0 0 0 0 0 0
0 0 0 0 -1 0 0 1 0 0 0 0 0 0 0 0 0 0 0 0 0 0
-1 0 -1 0 0 0 0 0 1 0 0 0 0 0 0 0 0 0 0 0 0 0
0 0 0 0 -1 0 0 0 0 1 0 0 0 0 0 0 1 0 0 0 0 0
0 0 0 0 -1 0 0 0 0 0 1 0 0 0 0 0 1 0 0 0 0 0
-1 0 -1 0 0 0 0 0 0 0 0 1 0 0 0 0 0 0 0 0 0 0
-1 0 -1 0 0 0 0 0 0 0 0 0 1 0 0 0 0 0 0 0 0 0
0 0 0 0 -1 0 0 0 0 0 0 0 0 1 0 0 0 0 0 0 0 0
-1 0 -1 0 0 0 0 0 0 0 0 0 0 0 1 0 0 0 0 0 0 0
0 0 0 0 -1 0 0 0 0 0 0 0 0 0 0 1 1 0 0 0 0 0
0 0 0 0 -1 0 0 0 0 0 0 0 0 0 0 0 2 0 0 0 0 0
-1 0 0 0 0 0 0 0 0 0 0 0 0 0 0 0 0 1 0 0 0 0
-1 0 0 0 0 0 0 0 0 0 0 0 0 0 0 0 0 0 1 0 0 0
0 0 -1 0 0 0 0 0 0 0 0 0 0 0 0 0 0 0 0 1 0 0
0 0 -1 0 0 0 0 0 0 0 0 0 0 0 0 0 0 0 0 0 1 0
0 0 0 0 -1 0 0 0 0 0 0 0 0 0 0 0 0 0 0 0 0 1

1 0 0 0 0 0 0 0 0 0
0 1 0 0 0 0 0 0 0 0
0 0 2 0 0 0 0 0 0 0
0 0 0 0 0 0 0 0 0 0
0 0 0 0 0 0 0 0 0 0
0 0 0 0 0 0 0 0 0 0
0 0 0 0 0 0 0 0 0 0
0 0 0 0 0 0 0 0 0 0
0 0 0 0 0 0 0 0 0 0
0 0 0 0 0 0 0 0 0 0
0 0 0 0 0 0 0 0 0 0
0 0 0 0 0 0 0 0 0 0
0 0 0 0 0 0 0 0 0 0
0 0 0 0 0 0 0 0 0 0
0 0 0 0 0 0 0 0 0 0
0 0 0 0 0 0 0 0 0 0
0 0 0 0 0 0 0 0 0 0
0 0 0 0 0 0 0 0 0 0
0 0 0 0 0 0 0 0 0 0
0 0 0 0 0 0 0 0 0 0
0 0 0 0 0 0 0 0 0 0
0 0 0 0 0 0 0 0 0 0

1 0 0 -2 -1 0 -1 0 -1 0
0 0 0 0 1 0 0 0 0 0
0 1 -1 1 0 0 0 0 0 0
0 0 0 1 0 0 0 0 0 0
0 1 0 0 0 -1 0 -1 0 -1
0 0 0 0 0 1 0 0 0 0
0 0 0 0 0 0 1 0 0 0
0 0 0 0 0 0 0 1 0 0
0 0 0 0 0 0 0 0 1 0
0 0 0 0 0 0 0 0 0 1
