GM:(0,0,0)  L:(1/2,1/2,1/2)  W:(1/2,1,0)  X:(0,1,0)
GM:(0,0,0)  L:(1/2,1/2,1/2)  W:(1/2,1,0)  X:(0,1,0)
GM2  GM3  GM1  GM4  GM7  GM6  GM5  L2L2  L3L3  L1L1  L4L4  L5L5  L6L6  W1W1  W2W2  W3W3  W4W4  X1  X2X3  X4  X5
1 1 1 3 2 2 2 2 2 2 2 2 2 2 2 2 2 1 2 1 2
8a (23,23) 1E 2 1,8a (23,23) 2E 2 1,8a (23,23) A 2 1,8a (23,23) T 6 1,8a (23,23) 1F 4 1,8a (23,23) 2F 4 1,8a (23,23) E 4 1,8b (23,23) 1E 2 1,8b (23,23) 2E 2 1,8b (23,23) A 2 1,8b (23,23) T 6 1,8b (23,23) 1F 4 1,8b (23,23) 2F 4 1,8b (23,23) E 4 1,24c (4',2) A 6 1,24d (4',2) A 6 1
2 0 0 0 0 0 0 1 0 0 0 0 0 1 0 0 0 2 0 0 0
0 2 0 0 0 0 0 0 1 0 0 0 0 1 0 0 0 2 0 0 0
0 0 2 0 0 0 0 0 0 1 0 0 0 1 0 0 0 2 0 0 0
0 0 0 2 0 0 0 1 1 1 0 0 0 1 2 0 0 0 2 2 0
0 0 0 0 2 0 0 0 0 0 1 1 0 0 0 1 1 0 0 0 2
0 0 0 0 0 2 0 0 0 0 1 0 1 0 0 1 1 0 0 0 2
0 0 0 0 0 0 2 0 0 0 0 1 1 0 0 1 1 0 0 0 2
2 0 0 0 0 0 0 1 0 0 0 0 0 0 1 0 0 0 0 2 0
0 2 0 0 0 0 0 0 1 0 0 0 0 0 1 0 0 0 0 2 0
0 0 2 0 0 0 0 0 0 1 0 0 0 0 1 0 0 0 0 2 0
0 0 0 2 0 0 0 1 1 1 0 0 0 2 1 0 0 2 2 0 0
0 0 0 0 2 0 0 0 0 0 1 1 0 0 0 1 1 0 0 0 2
0 0 0 0 0 2 0 0 0 0 1 0 1 0 0 1 1 0 0 0 2
0 0 0 0 0 0 2 0 0 0 0 1 1 0 0 1 1 0 0 0 2
1 1 1 1 0 0 0 1 1 1 0 0 0 1 2 0 0 1 1 3 0
1 1 1 1 0 0 0 1 1 1 0 0 0 2 1 0 0 3 1 1 0

-1 -1 -1 -2 0 0 0 1 0 0 0 0 0 2 1 0 0 0 0 0 0
-1 0 -1 -2 0 0 0 1 0 1 0 0 0 1 1 0 0 0 0 0 0
0 0 0 0 0 0 0 0 0 1 0 0 0 0 0 0 0 0 0 0 0
0 0 0 1 0 0 0 0 0 0 0 0 0 0 0 0 0 0 0 0 0
0 0 0 0 0 -1 -1 0 0 0 0 0 1 0 0 0 1 0 0 0 0
0 0 0 0 -1 0 -1 0 0 0 0 1 0 0 0 0 1 0 0 0 0
0 0 0 0 -1 -1 -1 0 0 0 0 1 1 0 0 0 1 0 0 0 0
0 0 0 -1 0 0 0 0 0 0 0 0 0 0 1 0 0 0 0 0 0
-1 -1 -1 -3 0 0 0 1 1 1 0 0 0 1 1 0 0 0 0 0 0
0 0 -1 -1 0 0 0 0 0 2 0 0 0 0 0 0 0 0 0 0 0
0 0 0 0 -1 -1 -1 0 0 0 1 1 1 0 0 0 0 0 0 0 0
0 0 0 0 -1 0 -1 0 0 0 0 2 0 0 0 0 0 0 0 0 0
0 0 0 0 0 -1 -1 0 0 0 0 0 2 0 0 0 0 0 0 0 0
-1 0 0 -1 0 0 0 2 0 0 0 0 0 0 0 0 0 0 0 0 0
-1 -1 -1 -3 0 0 0 0 0 0 0 0 0 2 2 0 0 0 0 0 0
0 0 0 0 -1 -1 -1 0 0 0 0 0 0 0 0 1 1 0 0 0 0
0 0 0 0 -1 -1 -1 0 0 0 0 0 0 0 0 0 2 0 0 0 0
0 0 0 1 0 0 0 0 0 0 0 0 0 -2 0 0 0 1 0 0 0
0 0 0 -1 0 0 0 0 0 0 0 0 0 0 0 0 0 0 1 0 0
-1 -1 -1 -2 0 0 0 0 0 0 0 0 0 2 0 0 0 0 0 1 0
0 0 0 0 -1 -1 -1 0 0 0 0 0 0 0 0 0 0 0 0 0 1

1 0 0 0 0 0 0 0 0 0 0 0 0 0 0 0
0 1 0 0 0 0 0 0 0 0 0 0 0 0 0 0
0 0 1 0 0 0 0 0 0 0 0 0 0 0 0 0
0 0 0 1 0 0 0 0 0 0 0 0 0 0 0 0
0 0 0 0 1 0 0 0 0 0 0 0 0 0 0 0
0 0 0 0 0 1 0 0 0 0 0 0 0 0 0 0
0 0 0 0 0 0 1 0 0 0 0 0 0 0 0 0
0 0 0 0 0 0 0 1 0 0 0 0 0 0 0 0
0 0 0 0 0 0 0 0 0 0 0 0 0 0 0 0
0 0 0 0 0 0 0 0 0 0 0 0 0 0 0 0
0 0 0 0 0 0 0 0 0 0 0 0 0 0 0 0
0 0 0 0 0 0 0 0 0 0 0 0 0 0 0 0
0 0 0 0 0 0 0 0 0 0 0 0 0 0 0 0
0 0 0 0 0 0 0 0 0 0 0 0 0 0 0 0
0 0 0 0 0 0 0 0 0 0 0 0 0 0 0 0
0 0 0 0 0 0 0 0 0 0 0 0 0 0 0 0
0 0 0 0 0 0 0 0 0 0 0 0 0 0 0 0
0 0 0 0 0 0 0 0 0 0 0 0 0 0 0 0
0 0 0 0 0 0 0 0 0 0 0 0 0 0 0 0
0 0 0 0 0 0 0 0 0 0 0 0 0 0 0 0
0 0 0 0 0 0 0 0 0 0 0 0 0 0 0 0

1 0 0 -1 0 0 0 0 1 1 -1 0 0 0 0 -1
0 1 0 -1 0 0 0 0 -1 0 0 0 0 0 -1 -1
0 0 1 -1 0 0 0 0 0 -1 0 0 0 0 -1 -1
0 0 0 0 0 0 0 0 0 0 -1 0 0 0 -1 -1
0 0 0 0 1 0 0 0 0 0 0 -1 0 0 0 0
0 0 0 0 0 1 0 0 0 0 0 0 -1 0 0 0
0 0 0 0 0 0 1 0 0 0 0 0 0 -1 0 0
0 0 0 0 0 0 0 1 -1 -1 1 0 0 0 -1 0
0 0 0 0 0 0 0 0 1 0 0 0 0 0 0 0
0 0 0 0 0 0 0 0 0 1 0 0 0 0 0 0
0 0 0 0 0 0 0 0 0 0 1 0 0 0 0 0
0 0 0 0 0 0 0 0 0 0 0 1 0 0 0 0
0 0 0 0 0 0 0 0 0 0 0 0 1 0 0 0
0 0 0 0 0 0 0 0 0 0 0 0 0 1 0 0
0 0 0 0 0 0 0 0 0 0 0 0 0 0 1 0
0 0 0 1 0 0 0 0 0 0 0 0 0 0 1 2
