GM:(0,0,0)  R:(-1/2,0,1/2)  S:(0,-1/2,1/2)  T:(-1/2,1/2,-1)  TA:(1/2,1/2,1)  W:(1/2,1/2,1/2)  X:(1,1,1)  WA:(1/2,-1/2,1/2)
GM:(0,0,0)  L:(1/2,1/2,1/2)  V:(1/2,1/2,0)  M:(0,1,1/2)  A:(0,0,1/2)  U:(0,1/2,1/2)  Y:(0,1,0)  UA:(0,-1/2,-1/2)
GM1  GM2  GM4  GM3  (R)L1L1  (R)L2L2  (S)V1  (S)V2  (T)M1  (T)M2  (T)M3  (T)M4  (TA)A1  (TA)A2  (TA)A3  (TA)A4  (W)U1U2  (W)U3U4  (X)Y1  (X)Y2  (X)Y4  (X)Y3  (WA)UA1UA2  (WA)UA3UA4
1 1 1 1 2 2 1 1 1 1 1 1 1 1 1 1 2 2 1 1 1 1 2 2
4a (2,2) A 2 1,4a (2,2) B 2 1,4a (2,2) 1E 2 1,4a (2,2) 2E 2 1,4b (m',1) A 2 1,4b (m',1) A 2 1
2 0 0 0 1 0 2 0 1 1 0 0 1 1 0 0 1 0 2 0 0 0 1 0
0 2 0 0 1 0 2 0 1 1 0 0 1 1 0 0 1 0 0 2 0 0 1 0
0 0 2 0 0 1 0 2 0 0 1 1 0 0 1 1 0 1 0 0 2 0 0 1
0 0 0 2 0 1 0 2 0 0 1 1 0 0 1 1 0 1 0 0 0 2 0 1
1 1 0 0 1 0 2 0 1 1 0 0 1 1 0 0 1 0 1 1 0 0 1 0
0 0 1 1 0 1 0 2 0 0 1 1 0 0 1 1 0 1 0 0 1 1 0 1

0 0 0 0 0 0 0 0 0 0 0 0 0 0 0 0 0 0 0 0 0 0 1 0
0 1 0 0 0 0 0 0 0 0 0 0 0 0 0 0 0 0 0 0 0 0 0 0
0 0 0 0 0 0 0 0 0 0 0 0 0 0 0 0 0 0 0 0 0 0 0 1
0 0 0 1 0 0 0 0 0 0 0 0 0 0 0 0 0 0 0 0 0 0 0 0
-1 -1 0 0 1 0 0 0 0 0 0 0 0 0 0 0 0 0 0 0 0 0 1 0
0 0 -1 -1 0 1 0 0 0 0 0 0 0 0 0 0 0 0 0 0 0 0 0 1
-1 -1 0 0 0 0 1 0 0 0 0 0 0 0 0 0 0 0 0 0 0 0 0 0
0 0 -1 -1 0 0 0 1 0 0 0 0 0 0 0 0 0 0 0 0 0 0 0 0
-1 -1 0 0 0 0 0 0 1 0 0 0 0 0 0 0 0 0 0 0 0 0 1 0
-1 -1 0 0 0 0 0 0 0 1 0 0 0 0 0 0 0 0 0 0 0 0 1 0
0 0 -1 -1 0 0 0 0 0 0 1 0 0 0 0 0 0 0 0 0 0 0 0 1
0 0 -1 -1 0 0 0 0 0 0 0 1 0 0 0 0 0 0 0 0 0 0 0 1
-1 -1 0 0 0 0 0 0 0 0 0 0 1 0 0 0 0 0 0 0 0 0 1 0
-1 -1 0 0 0 0 0 0 0 0 0 0 0 1 0 0 0 0 0 0 0 0 1 0
0 0 -1 -1 0 0 0 0 0 0 0 0 0 0 1 0 0 0 0 0 0 0 0 1
0 0 -1 -1 0 0 0 0 0 0 0 0 0 0 0 1 0 0 0 0 0 0 0 1
-1 -1 0 0 0 0 0 0 0 0 0 0 0 0 0 0 1 0 0 0 0 0 1 0
0 0 -1 -1 0 0 0 0 0 0 0 0 0 0 0 0 0 1 0 0 0 0 0 1
-1 0 0 0 0 0 0 0 0 0 0 0 0 0 0 0 0 0 1 0 0 0 0 0
0 -1 0 0 0 0 0 0 0 0 0 0 0 0 0 0 0 0 0 1 0 0 0 0
0 0 -1 0 0 0 0 0 0 0 0 0 0 0 0 0 0 0 0 0 1 0 0 0
0 0 0 -1 0 0 0 0 0 0 0 0 0 0 0 0 0 0 0 0 0 1 0 0
-1 -1 0 0 0 0 0 0 0 0 0 0 0 0 0 0 0 0 0 0 0 0 2 0
0 0 -1 -1 0 0 0 0 0 0 0 0 0 0 0 0 0 0 0 0 0 0 0 2

1 0 0 0 0 0
0 1 0 0 0 0
0 0 1 0 0 0
0 0 0 1 0 0
0 0 0 0 0 0
0 0 0 0 0 0
0 0 0 0 0 0
0 0 0 0 0 0
0 0 0 0 0 0
0 0 0 0 0 0
0 0 0 0 0 0
0 0 0 0 0 0
0 0 0 0 0 0
0 0 0 0 0 0
0 0 0 0 0 0
0 0 0 0 0 0
0 0 0 0 0 0
0 0 0 0 0 0
0 0 0 0 0 0
0 0 0 0 0 0
0 0 0 0 0 0
0 0 0 0 0 0
0 0 0 0 0 0
0 0 0 0 0 0

1 -1 0 0 -1 0
0 0 0 0 -1 0
0 0 1 -1 0 -1
0 0 0 0 0 -1
0 1 0 0 2 0
0 0 0 1 0 2
