GM:(0,0,0)  A:(1/2,1/2,1/2)  M:(1/2,1/2,0)  R:(0,1/2,1/2)  X:(0,1/2,0)  Z:(0,0,1/2)
GM:(0,0,0)  A:(1/2,1/2,1/2)  M:(1/2,1/2,0)  R:(0,1/2,1/2)  X:(0,1/2,0)  Z:(0,0,1/2)
GM1  GM4  GM2  GM3  GM5  GM6  GM7  A1A3  A2A4  A5A5  A6A6  A7A7  M1  M4  M2  M3  M5  M6  M7  R1R1  R2R2  R3R3  R4R4  R5R5  X1  X2X4  X3X5  Z1Z3  Z2Z4  Z5Z5  Z6Z6  Z7Z7
1 1 1 1 2 2 2 2 2 4 4 4 1 1 1 1 2 2 2 4 2 2 2 2 2 2 2 2 2 4 4 4
4a (222,222) A1 4 1,4a (222,222) B1 4 1,4a (222,222) B2 4 1,4a (222,222) B3 4 1,4a (222,222) E 8 0,4b (4',2) A 4 1,4b (4',2) 1E2E 8 0,4c (4,4) 1E 4 1,4c (4,4) 2E 4 1,4c (4,4) A 4 1,4c (4,4) B 4 1,4c (4,4) 1E1 4 1,4c (4,4) 1E2 4 1,4c (4,4) 2E1 4 1,4c (4,4) 2E2 4 1,8d (1',1) A 8 0
2 2 0 0 0 0 0 1 1 0 0 0 2 2 0 0 0 0 0 1 0 0 0 0 2 0 0 1 1 0 0 0
0 0 2 2 0 0 0 1 1 0 0 0 0 0 2 2 0 0 0 1 0 0 0 0 2 0 0 1 1 0 0 0
0 0 0 0 2 0 0 0 0 1 0 0 0 0 0 0 2 0 0 1 0 0 0 0 2 0 0 0 0 1 0 0
0 0 0 0 2 0 0 0 0 1 0 0 0 0 0 0 2 0 0 1 0 0 0 0 2 0 0 0 0 1 0 0
0 0 0 0 0 2 2 0 0 0 1 1 0 0 0 0 0 2 2 0 1 1 1 1 0 2 2 0 0 0 1 1
1 1 1 1 0 0 0 1 1 0 0 0 1 1 1 1 0 0 0 1 0 0 0 0 2 0 0 1 1 0 0 0
0 0 0 0 0 2 2 0 0 0 1 1 0 0 0 0 0 2 2 0 1 1 1 1 0 2 2 0 0 0 1 1
0 0 0 0 2 0 0 2 0 0 0 0 2 0 0 2 0 0 0 1 0 0 0 0 2 0 0 0 0 1 0 0
0 0 0 0 2 0 0 0 2 0 0 0 0 2 2 0 0 0 0 1 0 0 0 0 2 0 0 0 0 1 0 0
2 0 0 2 0 0 0 0 0 1 0 0 0 0 0 0 2 0 0 1 0 0 0 0 2 0 0 2 0 0 0 0
0 2 2 0 0 0 0 0 0 1 0 0 0 0 0 0 2 0 0 1 0 0 0 0 2 0 0 0 2 0 0 0
0 0 0 0 0 0 2 0 0 0 1 0 0 0 0 0 0 2 0 0 0 1 0 1 0 0 2 0 0 0 0 1
0 0 0 0 0 2 0 0 0 0 0 1 0 0 0 0 0 0 2 0 0 1 0 1 0 0 2 0 0 0 1 0
0 0 0 0 0 0 2 0 0 0 0 1 0 0 0 0 0 0 2 0 1 0 1 0 0 2 0 0 0 0 0 1
0 0 0 0 0 2 0 0 0 0 1 0 0 0 0 0 0 2 0 0 1 0 1 0 0 2 0 0 0 0 1 0
1 1 1 1 2 0 0 1 1 1 0 0 1 1 1 1 2 0 0 2 0 0 0 0 4 0 0 1 1 1 0 0

0 0 1 0 0 0 0 -1 0 0 0 0 1 0 0 0 0 0 0 0 0 0 0 0 0 0 0 0 0 0 0 0
0 0 1 0 0 0 0 0 0 0 0 0 0 0 0 0 0 0 0 0 0 0 0 0 0 0 0 0 0 0 0 0
-1 0 0 0 -1 0 0 -1 0 1 0 0 1 0 0 0 0 0 0 1 0 0 0 0 0 0 0 0 0 1 0 0
0 0 0 0 0 0 -1 0 0 0 1 0 0 0 0 0 0 0 0 0 1 0 0 0 0 0 0 0 0 0 0 1
0 0 -1 0 0 0 0 1 0 -1 0 0 -1 0 0 0 0 0 0 1 0 0 0 0 0 0 0 0 0 0 0 0
0 0 0 0 0 0 0 0 0 0 -1 0 0 0 0 0 0 0 0 0 0 0 0 0 0 0 0 0 0 0 0 1
-1 0 -1 0 -2 0 0 1 0 2 -1 0 0 0 0 0 0 0 0 1 0 0 0 0 0 0 0 0 0 1 0 1
-1 0 0 0 -1 0 0 0 0 2 -1 0 1 0 0 0 0 0 0 0 -1 0 0 0 0 0 0 0 0 0 0 2
-1 0 0 0 -1 0 0 0 0 2 -2 0 1 0 0 0 0 0 0 0 -1 0 0 0 0 0 0 0 0 0 1 2
-1 0 0 0 -1 0 0 0 0 2 -2 0 1 0 0 0 0 0 0 0 0 0 0 0 0 0 0 0 0 0 0 2
-1 0 0 1 0 0 0 -2 0 0 0 0 2 0 0 0 0 0 0 0 0 0 0 0 0 0 0 0 0 0 0 0
0 0 0 0 0 -1 -1 0 0 0 1 1 0 0 0 0 0 0 0 0 0 0 0 0 0 0 0 0 0 0 1 1
0 1 -1 0 0 0 0 2 0 0 0 0 -2 0 0 0 0 0 0 0 0 0 0 0 0 0 0 0 0 0 0 0
-1 0 -1 0 -1 0 0 2 0 2 0 0 -1 1 0 0 0 0 0 0 0 0 0 0 0 0 0 0 0 0 0 0
-1 0 -1 0 -1 0 0 0 0 2 0 0 1 0 1 0 0 0 0 0 0 0 0 0 0 0 0 0 0 0 0 0
0 0 0 0 0 0 0 -2 0 0 0 0 1 0 0 1 0 0 0 0 0 0 0 0 0 0 0 0 0 0 0 0
0 0 0 0 0 0 0 0 0 -2 0 0 0 0 0 0 1 0 0 0 0 0 0 0 0 0 0 0 0 0 0 0
0 0 0 0 0 0 0 0 0 0 -2 0 0 0 0 0 0 1 0 0 0 0 0 0 0 0 0 0 0 0 0 0
0 0 0 0 0 -1 -1 0 0 0 2 0 0 0 0 0 0 0 1 0 0 0 0 0 0 0 0 0 0 0 0 0
-1 0 -1 0 -1 0 0 0 0 0 0 0 0 0 0 0 0 0 0 2 0 0 0 0 0 0 0 0 0 0 0 0
-1 0 -1 0 -1 0 0 1 1 2 0 0 0 0 0 0 0 0 0 0 0 0 0 0 0 0 0 0 0 0 0 0
0 0 0 0 0 -1 -1 0 0 0 0 0 0 0 0 0 0 0 0 0 1 1 0 0 0 0 0 0 0 0 1 1
0 0 0 0 0 0 0 0 0 0 0 0 0 0 0 0 0 0 0 0 -1 0 1 0 0 0 0 0 0 0 0 0
0 0 0 0 0 -1 -1 0 0 0 0 0 0 0 0 0 0 0 0 0 1 0 0 1 0 0 0 0 0 0 1 1
-1 0 -1 0 -1 0 0 0 0 0 0 0 0 0 0 0 0 0 0 0 0 0 0 0 1 0 0 0 0 0 0 0
0 0 0 0 0 0 0 0 0 0 0 0 0 0 0 0 0 0 0 0 -2 0 0 0 0 1 0 0 0 0 0 0
0 0 0 0 0 -1 -1 0 0 0 0 0 0 0 0 0 0 0 0 0 2 0 0 0 0 0 1 0 0 0 0 0
-1 0 0 0 0 0 0 -1 0 0 0 0 1 0 0 0 0 0 0 0 0 0 0 0 0 0 0 1 0 0 0 0
0 0 -1 0 0 0 0 1 0 0 0 0 -1 0 0 0 0 0 0 0 0 0 0 0 0 0 0 0 1 0 0 0
0 0 0 0 -1 0 0 0 0 0 0 0 0 0 0 0 0 0 0 0 0 0 0 0 0 0 0 0 0 2 0 0
0 0 0 0 0 -1 0 0 0 0 0 0 0 0 0 0 0 0 0 0 0 0 0 0 0 0 0 0 0 0 2 0
0 0 0 0 0 0 -1 0 0 0 0 0 0 0 0 0 0 0 0 0 0 0 0 0 0 0 0 0 0 0 0 2

1 0 0 0 0 0 0 0 0 0 0 0 0 0 0 0
0 1 0 0 0 0 0 0 0 0 0 0 0 0 0 0
0 0 1 0 0 0 0 0 0 0 0 0 0 0 0 0
0 0 0 1 0 0 0 0 0 0 0 0 0 0 0 0
0 0 0 0 1 0 0 0 0 0 0 0 0 0 0 0
0 0 0 0 0 1 0 0 0 0 0 0 0 0 0 0
0 0 0 0 0 0 1 0 0 0 0 0 0 0 0 0
0 0 0 0 0 0 0 1 0 0 0 0 0 0 0 0
0 0 0 0 0 0 0 0 1 0 0 0 0 0 0 0
0 0 0 0 0 0 0 0 0 2 0 0 0 0 0 0
0 0 0 0 0 0 0 0 0 0 0 0 0 0 0 0
0 0 0 0 0 0 0 0 0 0 0 0 0 0 0 0
0 0 0 0 0 0 0 0 0 0 0 0 0 0 0 0
0 0 0 0 0 0 0 0 0 0 0 0 0 0 0 0
0 0 0 0 0 0 0 0 0 0 0 0 0 0 0 0
0 0 0 0 0 0 0 0 0 0 0 0 0 0 0 0
0 0 0 0 0 0 0 0 0 0 0 0 0 0 0 0
0 0 0 0 0 0 0 0 0 0 0 0 0 0 0 0
0 0 0 0 0 0 0 0 0 0 0 0 0 0 0 0
0 0 0 0 0 0 0 0 0 0 0 0 0 0 0 0
0 0 0 0 0 0 0 0 0 0 0 0 0 0 0 0
0 0 0 0 0 0 0 0 0 0 0 0 0 0 0 0
0 0 0 0 0 0 0 0 0 0 0 0 0 0 0 0
0 0 0 0 0 0 0 0 0 0 0 0 0 0 0 0
0 0 0 0 0 0 0 0 0 0 0 0 0 0 0 0
0 0 0 0 0 0 0 0 0 0 0 0 0 0 0 0
0 0 0 0 0 0 0 0 0 0 0 0 0 0 0 0
0 0 0 0 0 0 0 0 0 0 0 0 0 0 0 0
0 0 0 0 0 0 0 0 0 0 0 0 0 0 0 0
0 0 0 0 0 0 0 0 0 0 0 0 0 0 0 0
0 0 0 0 0 0 0 0 0 0 0 0 0 0 0 0
0 0 0 0 0 0 0 0 0 0 0 0 0 0 0 0

1 -1 0 0 0 0 0 0 0 0 -1 0 -1 0 0 -1
0 0 0 0 0 0 0 0 0 0 -1 0 -1 0 0 -1
0 -1 1 0 0 0 0 0 0 0 -2 -1 -1 0 0 -2
0 0 0 0 0 0 0 0 0 0 0 1 0 0 0 0
0 0 0 1 0 0 0 0 0 0 0 0 0 -1 -2 0
0 0 0 0 0 0 0 0 0 0 0 0 1 0 0 0
0 0 0 0 0 0 0 0 0 0 0 0 0 1 0 0
0 0 0 0 1 -1 0 0 0 1 1 0 0 0 0 0
0 0 0 0 0 1 0 0 0 -1 1 0 0 0 0 0
0 0 0 0 0 1 1 0 0 -2 1 0 0 0 0 0
0 0 0 0 0 0 0 0 0 0 1 0 0 0 0 0
0 0 0 0 0 1 0 1 0 -2 0 0 0 0 1 0
0 0 0 0 0 1 0 0 1 -2 0 0 0 0 1 0
0 0 0 0 0 1 0 0 0 0 0 0 0 0 1 0
0 0 0 0 0 0 0 0 0 0 0 0 0 0 1 0
0 1 0 0 0 0 0 0 0 0 0 0 1 0 0 2
