GM:(0,0,0)  A:(1/2,1/2,1/2)  M:(1/2,1/2,0)  R:(0,1/2,1/2)  X:(0,1/2,0)  Z:(0,0,1/2)
GM:(0,0,0)  T:(1,0,1/2)  Y:(1,0,0)  R:(1/2,1/2,1/2)  S:(1/2,1/2,0)  Z:(0,0,1/2)
GM1+  GM1-  GM2+  GM2-  GM3+GM4+  GM3-GM4-  GM5  GM6  (A)T1-T1+  (A)T2-T2+  (A)T3+T4-  (A)T3-T4+  (A)T5T6  (M)Y1-Y1+  (M)Y2-Y2+  (M)Y3+Y4-  (M)Y3-Y4+  (M)Y5Y6  R1  R2  (X)S1  (X)S2  Z1+  Z1-  Z2+  Z2-  Z3+Z4+  Z3-Z4-  Z5  Z6
1 1 1 1 2 2 2 2 2 2 2 2 4 2 2 2 2 4 2 2 2 2 1 1 1 1 2 2 2 2
2a (4'22',222) A1 2 1,2a (4'22',222) B1 2 1,2a (4'22',222) B2B3 4 1,2a (4'22',222) E 4 1,2b (4'22',222) A1 2 1,2b (4'22',222) B1 2 1,2b (4'22',222) B2B3 4 1,2b (4'22',222) E 4 1,2c (4'2'm,mm2) A1 2 1,2c (4'2'm,mm2) A2 2 1,2c (4'2'm,mm2) B1B2 4 1,2c (4'2'm,mm2) E 4 1,2d (4'2'm,mm2) A1 2 1,2d (4'2'm,mm2) A2 2 1,2d (4'2'm,mm2) B1B2 4 1,2d (4'2'm,mm2) E 4 1,4e (2/m,2/m) Ag 4 1,4e (2/m,2/m) Au 4 1,4e (2/m,2/m) Bg 4 1,4e (2/m,2/m) Bu 4 1,4e (2/m,2/m) 1Eg 4 1,4e (2/m,2/m) 1Eu 4 1,4e (2/m,2/m) 2Eg 4 1,4e (2/m,2/m) 2Eu 4 1,4f (2/m,2/m) Ag 4 1,4f (2/m,2/m) Au 4 1,4f (2/m,2/m) Bg 4 1,4f (2/m,2/m) Bu 4 1,4f (2/m,2/m) 1Eg 4 1,4f (2/m,2/m) 1Eu 4 1,4f (2/m,2/m) 2Eg 4 1,4f (2/m,2/m) 2Eu 4 1
1 1 0 0 0 0 0 0 1 0 0 0 0 1 0 0 0 0 1 0 1 0 1 1 0 0 0 0 0 0
0 0 1 1 0 0 0 0 0 1 0 0 0 0 1 0 0 0 1 0 1 0 0 0 1 1 0 0 0 0
0 0 0 0 1 1 0 0 0 0 1 1 0 0 0 1 1 0 2 0 2 0 0 0 0 0 1 1 0 0
0 0 0 0 0 0 1 1 0 0 0 0 1 0 0 0 0 1 0 2 0 2 0 0 0 0 0 0 1 1
1 1 0 0 0 0 0 0 0 1 0 0 0 1 0 0 0 0 1 0 1 0 0 0 1 1 0 0 0 0
0 0 1 1 0 0 0 0 1 0 0 0 0 0 1 0 0 0 1 0 1 0 1 1 0 0 0 0 0 0
0 0 0 0 1 1 0 0 0 0 1 1 0 0 0 1 1 0 2 0 2 0 0 0 0 0 1 1 0 0
0 0 0 0 0 0 1 1 0 0 0 0 1 0 0 0 0 1 0 2 0 2 0 0 0 0 0 0 1 1
1 0 0 1 0 0 0 0 0 0 1 0 0 0 0 1 0 0 1 0 1 0 1 0 0 1 0 0 0 0
0 1 1 0 0 0 0 0 0 0 0 1 0 0 0 0 1 0 1 0 1 0 0 1 1 0 0 0 0 0
0 0 0 0 1 1 0 0 1 1 0 0 0 1 1 0 0 0 2 0 2 0 0 0 0 0 1 1 0 0
0 0 0 0 0 0 1 1 0 0 0 0 1 0 0 0 0 1 0 2 0 2 0 0 0 0 0 0 1 1
1 0 0 1 0 0 0 0 0 0 1 0 0 0 0 1 0 0 1 0 1 0 1 0 0 1 0 0 0 0
0 1 1 0 0 0 0 0 0 0 0 1 0 0 0 0 1 0 1 0 1 0 0 1 1 0 0 0 0 0
0 0 0 0 1 1 0 0 1 1 0 0 0 1 1 0 0 0 2 0 2 0 0 0 0 0 1 1 0 0
0 0 0 0 0 0 1 1 0 0 0 0 1 0 0 0 0 1 0 2 0 2 0 0 0 0 0 0 1 1
2 0 0 0 1 0 0 0 1 0 1 0 0 1 0 1 0 0 2 0 2 0 2 0 0 0 1 0 0 0
0 2 0 0 0 1 0 0 1 0 0 1 0 1 0 0 1 0 2 0 2 0 0 2 0 0 0 1 0 0
0 0 2 0 1 0 0 0 0 1 0 1 0 0 1 0 1 0 2 0 2 0 0 0 2 0 1 0 0 0
0 0 0 2 0 1 0 0 0 1 1 0 0 0 1 1 0 0 2 0 2 0 0 0 0 2 0 1 0 0
0 0 0 0 0 0 2 0 0 0 0 0 1 0 0 0 0 1 0 2 0 2 0 0 0 0 0 0 2 0
0 0 0 0 0 0 0 2 0 0 0 0 1 0 0 0 0 1 0 2 0 2 0 0 0 0 0 0 0 2
0 0 0 0 0 0 2 0 0 0 0 0 1 0 0 0 0 1 0 2 0 2 0 0 0 0 0 0 2 0
0 0 0 0 0 0 0 2 0 0 0 0 1 0 0 0 0 1 0 2 0 2 0 0 0 0 0 0 0 2
2 0 0 0 1 0 0 0 0 1 1 0 0 1 0 1 0 0 2 0 2 0 0 0 0 2 0 1 0 0
0 2 0 0 0 1 0 0 0 1 0 1 0 1 0 0 1 0 2 0 2 0 0 0 2 0 1 0 0 0
0 0 2 0 1 0 0 0 1 0 0 1 0 0 1 0 1 0 2 0 2 0 0 2 0 0 0 1 0 0
0 0 0 2 0 1 0 0 1 0 1 0 0 0 1 1 0 0 2 0 2 0 2 0 0 0 1 0 0 0
0 0 0 0 0 0 2 0 0 0 0 0 1 0 0 0 0 1 0 2 0 2 0 0 0 0 0 0 0 2
0 0 0 0 0 0 0 2 0 0 0 0 1 0 0 0 0 1 0 2 0 2 0 0 0 0 0 0 2 0
0 0 0 0 0 0 2 0 0 0 0 0 1 0 0 0 0 1 0 2 0 2 0 0 0 0 0 0 0 2
0 0 0 0 0 0 0 2 0 0 0 0 1 0 0 0 0 1 0 2 0 2 0 0 0 0 0 0 2 0

0 0 0 0 -1 0 0 0 2 0 1 0 0 0 0 0 0 0 0 0 0 0 -1 0 0 0 0 0 0 0
0 0 0 1 1 0 0 0 0 0 -1 0 0 0 0 0 0 0 0 0 0 0 0 0 0 0 0 0 0 0
-1 0 0 -1 -1 0 0 0 1 1 2 0 0 0 0 0 0 0 0 0 0 0 0 0 0 0 0 0 0 0
0 0 0 0 0 0 -1 0 0 0 0 0 2 0 0 0 0 0 0 0 0 0 0 0 0 0 0 0 0 0
-1 0 0 -2 -2 0 0 0 0 2 2 0 0 0 0 0 0 0 0 0 0 0 1 0 0 0 0 0 0 0
0 0 0 0 -1 0 0 0 0 0 1 0 0 0 0 0 0 0 0 0 0 0 0 0 0 0 0 0 0 0
0 0 1 -1 -1 0 0 0 0 0 1 0 0 0 0 0 0 0 0 0 0 0 0 0 0 0 0 0 0 0
0 0 0 0 1 0 0 0 -1 0 -1 0 0 0 0 0 0 0 0 0 0 0 1 0 0 0 0 0 0 0
0 0 0 0 0 0 1 0 0 0 0 0 -1 0 0 0 0 0 0 0 0 0 0 0 0 0 0 0 0 0
1 0 0 1 1 0 0 0 0 -1 -1 0 0 0 0 0 0 0 0 0 0 0 -1 0 0 0 0 0 0 0
0 0 0 0 0 0 1 0 0 0 0 0 -2 0 0 0 0 0 0 0 0 0 0 0 0 0 0 0 0 1
1 0 -1 2 2 0 0 0 -1 -1 -3 1 0 0 0 0 0 0 0 0 0 0 0 0 0 0 0 0 0 0
1 0 0 1 1 1 0 0 -1 -1 -2 0 0 0 0 0 0 0 0 0 0 0 0 0 0 0 0 0 0 0
0 0 0 1 1 0 0 0 -1 -1 -1 0 0 1 0 0 0 0 0 0 0 0 0 0 0 0 0 0 0 0
0 0 0 -1 -1 0 0 0 0 0 1 0 0 0 1 0 0 0 0 0 0 0 0 0 0 0 0 0 0 0
0 0 0 0 0 0 0 0 0 0 -1 0 0 0 0 1 0 0 0 0 0 0 0 0 0 0 0 0 0 0
1 0 -1 2 2 0 0 0 -1 -1 -3 0 0 0 0 0 1 0 0 0 0 0 0 0 0 0 0 0 0 0
0 0 0 0 0 0 0 0 0 0 0 0 -1 0 0 0 0 1 0 0 0 0 0 0 0 0 0 0 0 0
1 0 -1 2 2 0 0 0 -2 -2 -4 0 0 0 0 0 0 0 1 0 0 0 0 0 0 0 0 0 0 0
0 0 0 0 0 0 0 0 0 0 0 0 -2 0 0 0 0 0 0 1 0 0 0 0 0 0 0 0 0 0
1 0 -1 2 2 0 0 0 -2 -2 -4 0 0 0 0 0 0 0 0 0 1 0 0 0 0 0 0 0 0 0
0 0 0 0 0 0 0 0 0 0 0 0 -2 0 0 0 0 0 0 0 0 1 0 0 0 0 0 0 0 0
1 1 -1 3 4 0 0 0 -2 -2 -4 0 0 0 0 0 0 0 0 0 0 0 0 0 0 0 0 0 0 0
0 0 -1 1 2 0 0 0 -2 0 -2 0 0 0 0 0 0 0 0 0 0 0 1 1 0 0 0 0 0 0
1 0 -1 2 2 0 0 0 0 -2 -2 0 0 0 0 0 0 0 0 0 0 0 -1 0 1 0 0 0 0 0
-1 0 0 -1 0 0 0 0 0 0 0 0 0 0 0 0 0 0 0 0 0 0 1 0 0 1 0 0 0 0
1 0 0 1 0 0 0 0 0 -1 -1 0 0 0 0 0 0 0 0 0 0 0 -1 0 0 0 1 0 0 0
0 0 0 0 0 0 0 0 -1 0 -1 0 0 0 0 0 0 0 0 0 0 0 1 0 0 0 0 1 0 0
0 0 0 0 0 0 0 0 0 0 0 0 -2 0 0 0 0 0 0 0 0 0 0 0 0 0 0 0 1 1
0 0 0 0 0 0 1 1 0 0 0 0 -2 0 0 0 0 0 0 0 0 0 0 0 0 0 0 0 0 0

1 0 0 0 0 0 0 0 0 0 0 0 0 0 0 0 0 0 0 0 0 0 0 0 0 0 0 0 0 0 0 0
0 1 0 0 0 0 0 0 0 0 0 0 0 0 0 0 0 0 0 0 0 0 0 0 0 0 0 0 0 0 0 0
0 0 1 0 0 0 0 0 0 0 0 0 0 0 0 0 0 0 0 0 0 0 0 0 0 0 0 0 0 0 0 0
0 0 0 1 0 0 0 0 0 0 0 0 0 0 0 0 0 0 0 0 0 0 0 0 0 0 0 0 0 0 0 0
0 0 0 0 1 0 0 0 0 0 0 0 0 0 0 0 0 0 0 0 0 0 0 0 0 0 0 0 0 0 0 0
0 0 0 0 0 1 0 0 0 0 0 0 0 0 0 0 0 0 0 0 0 0 0 0 0 0 0 0 0 0 0 0
0 0 0 0 0 0 1 0 0 0 0 0 0 0 0 0 0 0 0 0 0 0 0 0 0 0 0 0 0 0 0 0
0 0 0 0 0 0 0 1 0 0 0 0 0 0 0 0 0 0 0 0 0 0 0 0 0 0 0 0 0 0 0 0
0 0 0 0 0 0 0 0 1 0 0 0 0 0 0 0 0 0 0 0 0 0 0 0 0 0 0 0 0 0 0 0
0 0 0 0 0 0 0 0 0 1 0 0 0 0 0 0 0 0 0 0 0 0 0 0 0 0 0 0 0 0 0 0
0 0 0 0 0 0 0 0 0 0 2 0 0 0 0 0 0 0 0 0 0 0 0 0 0 0 0 0 0 0 0 0
0 0 0 0 0 0 0 0 0 0 0 0 0 0 0 0 0 0 0 0 0 0 0 0 0 0 0 0 0 0 0 0
0 0 0 0 0 0 0 0 0 0 0 0 0 0 0 0 0 0 0 0 0 0 0 0 0 0 0 0 0 0 0 0
0 0 0 0 0 0 0 0 0 0 0 0 0 0 0 0 0 0 0 0 0 0 0 0 0 0 0 0 0 0 0 0
0 0 0 0 0 0 0 0 0 0 0 0 0 0 0 0 0 0 0 0 0 0 0 0 0 0 0 0 0 0 0 0
0 0 0 0 0 0 0 0 0 0 0 0 0 0 0 0 0 0 0 0 0 0 0 0 0 0 0 0 0 0 0 0
0 0 0 0 0 0 0 0 0 0 0 0 0 0 0 0 0 0 0 0 0 0 0 0 0 0 0 0 0 0 0 0
0 0 0 0 0 0 0 0 0 0 0 0 0 0 0 0 0 0 0 0 0 0 0 0 0 0 0 0 0 0 0 0
0 0 0 0 0 0 0 0 0 0 0 0 0 0 0 0 0 0 0 0 0 0 0 0 0 0 0 0 0 0 0 0
0 0 0 0 0 0 0 0 0 0 0 0 0 0 0 0 0 0 0 0 0 0 0 0 0 0 0 0 0 0 0 0
0 0 0 0 0 0 0 0 0 0 0 0 0 0 0 0 0 0 0 0 0 0 0 0 0 0 0 0 0 0 0 0
0 0 0 0 0 0 0 0 0 0 0 0 0 0 0 0 0 0 0 0 0 0 0 0 0 0 0 0 0 0 0 0
0 0 0 0 0 0 0 0 0 0 0 0 0 0 0 0 0 0 0 0 0 0 0 0 0 0 0 0 0 0 0 0
0 0 0 0 0 0 0 0 0 0 0 0 0 0 0 0 0 0 0 0 0 0 0 0 0 0 0 0 0 0 0 0
0 0 0 0 0 0 0 0 0 0 0 0 0 0 0 0 0 0 0 0 0 0 0 0 0 0 0 0 0 0 0 0
0 0 0 0 0 0 0 0 0 0 0 0 0 0 0 0 0 0 0 0 0 0 0 0 0 0 0 0 0 0 0 0
0 0 0 0 0 0 0 0 0 0 0 0 0 0 0 0 0 0 0 0 0 0 0 0 0 0 0 0 0 0 0 0
0 0 0 0 0 0 0 0 0 0 0 0 0 0 0 0 0 0 0 0 0 0 0 0 0 0 0 0 0 0 0 0
0 0 0 0 0 0 0 0 0 0 0 0 0 0 0 0 0 0 0 0 0 0 0 0 0 0 0 0 0 0 0 0
0 0 0 0 0 0 0 0 0 0 0 0 0 0 0 0 0 0 0 0 0 0 0 0 0 0 0 0 0 0 0 0

1 0 0 0 0 0 0 0 0 0 0 0 0 0 -1 0 0 -2 1 -1 -1 0 0 0 0 0 -1 -1 -1 0 0 0
0 1 0 0 0 0 0 0 0 0 0 0 0 0 -1 0 0 0 -1 -1 -1 0 0 0 0 0 -1 -1 -1 0 0 0
0 0 1 0 0 0 0 0 0 0 0 0 0 0 -1 0 0 -1 0 -1 0 0 0 0 -1 -1 0 -1 -1 0 0 0
0 0 0 1 0 0 0 0 0 0 0 -1 0 0 0 -1 -1 0 0 0 0 -2 0 -2 0 0 0 0 0 -2 0 -2
0 0 0 0 1 0 0 0 0 0 0 0 0 0 0 0 0 0 0 0 1 0 0 0 0 -2 2 0 0 0 0 0
0 0 0 0 0 0 0 0 0 0 0 0 0 0 0 0 0 0 0 0 1 0 0 0 0 0 0 0 0 0 0 0
0 0 0 0 0 0 0 0 0 0 0 0 0 0 0 0 0 0 0 0 0 0 0 0 1 0 0 0 0 0 0 0
0 0 0 0 0 0 0 0 0 0 0 0 0 0 0 0 1 0 0 0 0 0 0 0 0 0 0 0 0 0 0 0
0 0 0 0 0 1 0 0 0 0 0 0 -1 0 1 0 0 0 1 -1 0 0 0 0 0 0 1 -1 1 0 0 0
0 0 0 0 0 0 1 0 0 0 0 0 0 -1 1 0 0 0 -1 1 0 0 0 0 0 0 -1 1 1 0 0 0
0 0 0 0 0 0 0 0 0 0 0 0 0 0 0 0 0 0 0 0 0 0 0 0 0 0 0 0 1 0 0 0
0 0 0 0 0 0 0 0 0 0 0 1 0 0 0 0 0 0 0 0 0 0 0 0 0 0 0 0 0 0 0 0
0 0 0 0 0 0 0 0 0 0 0 0 1 0 0 0 0 0 0 0 0 0 0 0 0 0 0 0 0 0 0 0
0 0 0 0 0 0 0 0 0 0 0 0 0 1 0 0 0 0 0 0 0 0 0 0 0 0 0 0 0 0 0 0
0 0 0 0 0 0 0 0 0 0 0 0 0 0 1 0 0 0 0 0 0 0 0 0 0 0 0 0 0 0 0 0
0 0 0 0 0 0 0 0 0 0 0 0 0 0 0 1 0 0 0 0 0 0 0 0 0 0 0 0 0 0 0 0
0 0 0 0 0 0 0 1 0 0 0 0 0 0 0 0 0 1 -1 1 0 0 0 0 0 0 0 0 0 0 0 0
0 0 0 0 0 0 0 0 0 0 0 0 0 0 0 0 0 1 0 0 0 0 0 0 0 0 0 0 0 0 0 0
0 0 0 0 0 0 0 0 0 0 0 0 0 0 0 0 0 0 1 0 0 0 0 0 0 0 0 0 0 0 0 0
0 0 0 0 0 0 0 0 0 0 0 0 0 0 0 0 0 0 0 1 0 0 0 0 0 0 0 0 0 0 0 0
0 0 0 0 0 0 0 0 1 0 -1 0 0 0 0 0 0 0 0 0 0 1 -1 1 0 0 0 0 0 0 0 0
0 0 0 0 0 0 0 0 0 0 0 0 0 0 0 0 0 0 0 0 0 1 0 0 0 0 0 0 0 0 0 0
0 0 0 0 0 0 0 0 0 0 0 0 0 0 0 0 0 0 0 0 0 0 1 0 0 0 0 0 0 0 0 0
0 0 0 0 0 0 0 0 0 0 0 0 0 0 0 0 0 0 0 0 0 0 0 1 0 0 0 0 0 0 0 0
0 0 0 0 0 0 0 0 0 1 0 0 0 0 0 0 0 0 0 0 0 0 0 0 0 1 -1 1 0 0 0 0
0 0 0 0 0 0 0 0 0 0 0 0 0 0 0 0 0 0 0 0 0 0 0 0 0 1 0 0 0 0 0 0
0 0 0 0 0 0 0 0 0 0 0 0 0 0 0 0 0 0 0 0 0 0 0 0 0 0 1 0 0 0 0 0
0 0 0 0 0 0 0 0 0 0 0 0 0 0 0 0 0 0 0 0 0 0 0 0 0 0 0 1 0 0 0 0
0 0 0 0 0 0 0 0 0 0 1 0 0 0 0 0 0 0 0 0 0 0 0 0 0 0 0 0 0 1 -1 1
0 0 0 0 0 0 0 0 0 0 0 0 0 0 0 0 0 0 0 0 0 0 0 0 0 0 0 0 0 1 0 0
0 0 0 0 0 0 0 0 0 0 0 0 0 0 0 0 0 0 0 0 0 0 0 0 0 0 0 0 0 0 1 0
0 0 0 0 0 0 0 0 0 0 0 0 0 0 0 0 0 0 0 0 0 0 0 0 0 0 0 0 0 0 0 1
