GM:(0,0,0)  A:(0,0,1/2)  H:(1/3,1/3,1/2)  K:(1/3,1/3,0)  L:(1/2,0,1/2)  M:(1/2,0,0)
GM:(0,0,0)  A:(0,0,1/2)  H:(1/3,1/3,1/2)  K:(1/3,1/3,0)  L:(1/2,0,1/2)  M:(1/2,0,0)
GM3  GM1  GM2  GM6  GM4GM5  A3  A1  A2  A6  A4A5  H2H3  H1  H5H6  H4H4  K2K3  K1  K5K6  K4K4  L1  L2  L3L4  M1  M2  M3M4
2 1 1 2 2 2 1 1 2 2 2 1 2 2 2 1 2 2 1 1 2 1 1 2
2a (32',3) 1E 2 1;2a (32',3) 2E 2 1;2a (32',3) A1 2 1;2a (32',3) 1E 2 1;2a (32',3) 2E 2 1;2a (32',3) E 2 1;2b (3',3) A1 2 1;4d (3,3) 1E 4 0;4d (3,3) 2E 4 0;4d (3,3) A1 4 0;4d (3,3) 1E 4 0;4d (3,3) 2E 4 0;4d (3,3) E 4 0;6e (1',1) A 6 0
1 0 0 0 0 1 0 0 0 0 1 0 0 0 1 0 0 0 1 1 0 1 1 0
1 0 0 0 0 1 0 0 0 0 1 0 0 0 1 0 0 0 1 1 0 1 1 0
0 1 1 0 0 0 1 1 0 0 0 2 0 0 0 2 0 0 1 1 0 1 1 0
0 0 0 1 0 0 0 0 1 0 0 0 1 0 0 0 1 0 0 0 1 0 0 1
0 0 0 1 0 0 0 0 1 0 0 0 1 0 0 0 1 0 0 0 1 0 0 1
0 0 0 0 1 0 0 0 0 1 0 0 0 1 0 0 0 1 0 0 1 0 0 1
0 1 1 0 0 0 1 1 0 0 0 2 0 0 0 2 0 0 1 1 0 1 1 0
2 0 0 0 0 2 0 0 0 0 1 2 0 0 1 2 0 0 2 2 0 2 2 0
2 0 0 0 0 2 0 0 0 0 1 2 0 0 1 2 0 0 2 2 0 2 2 0
0 2 2 0 0 0 2 2 0 0 2 0 0 0 2 0 0 0 2 2 0 2 2 0
0 0 0 2 0 0 0 0 2 0 0 0 1 1 0 0 1 1 0 0 2 0 0 2
0 0 0 2 0 0 0 0 2 0 0 0 1 1 0 0 1 1 0 0 2 0 0 2
0 0 0 0 2 0 0 0 0 2 0 0 2 0 0 0 2 0 0 0 2 0 0 2
2 1 1 0 0 2 1 1 0 0 2 2 0 0 2 2 0 0 3 3 0 3 3 0

-1 0 0 0 0 0 0 0 0 0 2 0 0 0 0 0 0 0 0 0 0 0 0 0
0 1 0 0 0 0 0 0 0 0 0 0 0 0 0 0 0 0 0 0 0 0 0 0
0 0 0 -1 0 0 0 0 0 0 0 0 2 0 0 0 0 0 0 0 0 0 0 0
0 0 0 0 1 0 0 0 0 0 0 0 0 0 0 0 0 0 0 0 0 0 0 0
1 0 0 0 0 0 0 0 0 0 -1 0 0 0 0 0 0 0 0 0 0 0 0 0
0 0 0 1 0 0 0 0 0 0 0 0 -1 0 0 0 0 0 0 0 0 0 0 0
0 -1 0 0 0 0 1 0 0 0 0 0 0 0 0 0 0 0 0 0 0 0 0 0
0 -1 0 0 0 0 0 1 0 0 0 0 0 0 0 0 0 0 0 0 0 0 0 0
0 0 0 -1 0 0 0 0 1 0 0 0 0 0 0 0 0 0 0 0 0 0 0 0
0 0 0 0 -1 0 0 0 0 1 0 0 0 0 0 0 0 0 0 0 0 0 0 0
0 -1 1 0 0 0 0 0 0 0 0 0 0 0 0 0 0 0 0 0 0 0 0 0
-2 -2 0 0 0 0 0 0 0 0 2 1 0 0 0 0 0 0 0 0 0 0 0 0
-1 0 0 0 0 1 0 0 0 0 0 0 0 0 0 0 0 0 0 0 0 0 0 0
0 0 0 -1 -1 0 0 0 0 0 0 0 1 1 0 0 0 0 0 0 0 0 0 0
0 0 0 0 0 0 0 0 0 0 -1 0 0 0 1 0 0 0 0 0 0 0 0 0
-2 -2 0 0 0 0 0 0 0 0 2 0 0 0 0 1 0 0 0 0 0 0 0 0
0 0 0 0 0 0 0 0 0 0 0 0 -1 0 0 0 1 0 0 0 0 0 0 0
0 0 0 -1 -1 0 0 0 0 0 0 0 1 0 0 0 0 1 0 0 0 0 0 0
-1 -1 0 0 0 0 0 0 0 0 0 0 0 0 0 0 0 0 1 0 0 0 0 0
-1 -1 0 0 0 0 0 0 0 0 0 0 0 0 0 0 0 0 0 1 0 0 0 0
0 0 0 -1 -1 0 0 0 0 0 0 0 0 0 0 0 0 0 0 0 1 0 0 0
-1 -1 0 0 0 0 0 0 0 0 0 0 0 0 0 0 0 0 0 0 0 1 0 0
-1 -1 0 0 0 0 0 0 0 0 0 0 0 0 0 0 0 0 0 0 0 0 1 0
0 0 0 -1 -1 0 0 0 0 0 0 0 0 0 0 0 0 0 0 0 0 0 0 1

1 0 0 0 0 0 0 0 0 0 0 0 0 0
0 1 0 0 0 0 0 0 0 0 0 0 0 0
0 0 1 0 0 0 0 0 0 0 0 0 0 0
0 0 0 1 0 0 0 0 0 0 0 0 0 0
0 0 0 0 1 0 0 0 0 0 0 0 0 0
0 0 0 0 0 1 0 0 0 0 0 0 0 0
0 0 0 0 0 0 0 0 0 0 0 0 0 0
0 0 0 0 0 0 0 0 0 0 0 0 0 0
0 0 0 0 0 0 0 0 0 0 0 0 0 0
0 0 0 0 0 0 0 0 0 0 0 0 0 0
0 0 0 0 0 0 0 0 0 0 0 0 0 0
0 0 0 0 0 0 0 0 0 0 0 0 0 0
0 0 0 0 0 0 0 0 0 0 0 0 0 0
0 0 0 0 0 0 0 0 0 0 0 0 0 0
0 0 0 0 0 0 0 0 0 0 0 0 0 0
0 0 0 0 0 0 0 0 0 0 0 0 0 0
0 0 0 0 0 0 0 0 0 0 0 0 0 0
0 0 0 0 0 0 0 0 0 0 0 0 0 0
0 0 0 0 0 0 0 0 0 0 0 0 0 0
0 0 0 0 0 0 0 0 0 0 0 0 0 0
0 0 0 0 0 0 0 0 0 0 0 0 0 0
0 0 0 0 0 0 0 0 0 0 0 0 0 0
0 0 0 0 0 0 0 0 0 0 0 0 0 0
0 0 0 0 0 0 0 0 0 0 0 0 0 0

1 0 0 0 0 0 0 0 0 -4 -1 0 0 -2
0 0 0 0 0 0 0 0 0 0 1 0 0 0
0 1 0 0 0 0 -1 0 0 -2 0 0 0 -1
0 0 1 0 0 0 0 -1 0 0 0 0 -4 0
0 0 0 0 0 0 0 1 0 0 0 0 0 0
0 0 0 1 0 0 0 0 0 0 0 0 -2 0
0 0 0 0 0 0 1 0 0 0 0 0 0 0
0 0 0 0 1 0 0 0 -1 2 0 0 0 0
0 0 0 0 0 0 0 0 1 0 0 0 0 0
0 0 0 0 0 0 0 0 0 1 0 0 0 0
0 0 0 0 0 1 0 0 0 0 0 -1 2 0
0 0 0 0 0 0 0 0 0 0 0 1 0 0
0 0 0 0 0 0 0 0 0 0 0 0 1 0
0 0 0 0 0 0 0 0 0 0 0 0 0 1
