GM:(0,0,0)  F:(0,1/2,1)  L:(-1/2,1/2,1/2)  T:(0,0,3/2)
GM:(0,0,0)  F:(0,1/2,1)  L:(-1/2,1/2,1/2)  T:(0,0,3/2)
GM1  GM2  GM3  GM4GM5  GM6  F1  F2  F3F4  L1  L2  L3L4  T1  T2  T3  T4T5  T6
1 1 2 2 2 1 1 2 1 1 2 1 1 2 2 2
3a (3m1',3m) A1 1 1,3a (3m1',3m) A2 1 1,3a (3m1',3m) E 2 1,3a (3m1',3m) 1E2E 2 1,3a (3m1',3m) E1 2 1
1 0 0 0 0 1 0 0 1 0 0 1 0 0 0 0
0 1 0 0 0 0 1 0 0 1 0 0 1 0 0 0
0 0 1 0 0 1 1 0 1 1 0 0 0 1 0 0
0 0 0 1 0 0 0 1 0 0 1 0 0 0 1 0
0 0 0 0 1 0 0 1 0 0 1 0 0 0 0 1

1 0 0 0 0 0 0 0 0 0 0 0 0 0 0 0
0 1 0 0 0 0 0 0 0 0 0 0 0 0 0 0
0 0 1 0 0 0 0 0 0 0 0 0 0 0 0 0
0 0 0 1 0 0 0 0 0 0 0 0 0 0 0 0
0 0 0 0 1 0 0 0 0 0 0 0 0 0 0 0
-1 0 -1 0 0 1 0 0 0 0 0 0 0 0 0 0
0 -1 -1 0 0 0 1 0 0 0 0 0 0 0 0 0
0 0 0 -1 -1 0 0 1 0 0 0 0 0 0 0 0
-1 0 -1 0 0 0 0 0 1 0 0 0 0 0 0 0
0 -1 -1 0 0 0 0 0 0 1 0 0 0 0 0 0
0 0 0 -1 -1 0 0 0 0 0 1 0 0 0 0 0
-1 0 0 0 0 0 0 0 0 0 0 1 0 0 0 0
0 -1 0 0 0 0 0 0 0 0 0 0 1 0 0 0
0 0 -1 0 0 0 0 0 0 0 0 0 0 1 0 0
0 0 0 -1 0 0 0 0 0 0 0 0 0 0 1 0
0 0 0 0 -1 0 0 0 0 0 0 0 0 0 0 1

1 0 0 0 0
0 1 0 0 0
0 0 1 0 0
0 0 0 1 0
0 0 0 0 1
0 0 0 0 0
0 0 0 0 0
0 0 0 0 0
0 0 0 0 0
0 0 0 0 0
0 0 0 0 0
0 0 0 0 0
0 0 0 0 0
0 0 0 0 0
0 0 0 0 0
0 0 0 0 0

1 0 0 0 0
0 1 0 0 0
0 0 1 0 0
0 0 0 1 0
0 0 0 0 1
