GM:(0,0,0)  R:(1/2,1/2,1/2)  S:(1/2,1/2,0)  T:(0,1/2,1/2)  U:(1/2,0,1/2)  X:(1/2,0,0)  Y:(0,1/2,0)  Z:(0,0,1/2)
GM:(0,0,0)  E:(1/2,1/2,1/2)  C:(1/2,1/2,0)  A:(1/2,0,1/2)  D:(0,1/2,1/2)  Z:(0,1/2,0)  Y:(1/2,0,0)  B:(0,0,1/2)
GM1+  GM2+  GM1-  GM2-  GM3  GM4  GM5  GM6  (R)E1-E1+  (R)E2-E2+  (R)E3E5  (R)E4E6  (S)C1  (S)C2  (T)A1  (T)A2  (U)D1-D1+  (U)D2-D2+  (U)D3D5  (U)D4D6  (X)Z1  (X)Z2  Y1+  Y2+  Y1-  Y2-  Y3  Y4  Y5  Y6  (Z)B1  (Z)B2
1 1 1 1 1 1 1 1 2 2 2 2 2 2 2 2 2 2 2 2 2 2 1 1 1 1 1 1 1 1 2 2
4a (1,1) Ag 4 1;4a (1,1) Au 4 1;4a (1,1) Ag 4 1;4a (1,1) Au 4 1;4b (1,1) Ag 4 1;4b (1,1) Au 4 1;4b (1,1) Ag 4 1;4b (1,1) Au 4 1;4c (2',1) A 4 1;4c (2',1) A 4 1;4d (2',1) A 4 1;4d (2',1) A 4 1;4e (2',1) A 4 1;4e (2',1) A 4 1
2 2 0 0 0 0 0 0 1 1 0 0 2 0 2 0 1 1 0 0 2 0 2 2 0 0 0 0 0 0 2 0
0 0 2 2 0 0 0 0 1 1 0 0 2 0 2 0 1 1 0 0 2 0 0 0 2 2 0 0 0 0 2 0
0 0 0 0 2 2 0 0 0 0 1 1 0 2 0 2 0 0 1 1 0 2 0 0 0 0 2 2 0 0 0 2
0 0 0 0 0 0 2 2 0 0 1 1 0 2 0 2 0 0 1 1 0 2 0 0 0 0 0 0 2 2 0 2
2 2 0 0 0 0 0 0 1 1 0 0 2 0 2 0 1 1 0 0 2 0 0 0 2 2 0 0 0 0 2 0
0 0 2 2 0 0 0 0 1 1 0 0 2 0 2 0 1 1 0 0 2 0 2 2 0 0 0 0 0 0 2 0
0 0 0 0 2 2 0 0 0 0 1 1 0 2 0 2 0 0 1 1 0 2 0 0 0 0 0 0 2 2 0 2
0 0 0 0 0 0 2 2 0 0 1 1 0 2 0 2 0 0 1 1 0 2 0 0 0 0 2 2 0 0 0 2
1 1 1 1 0 0 0 0 1 1 0 0 2 0 2 0 1 1 0 0 2 0 1 1 1 1 0 0 0 0 2 0
0 0 0 0 1 1 1 1 0 0 1 1 0 2 0 2 0 0 1 1 0 2 0 0 0 0 1 1 1 1 0 2
1 1 1 1 0 0 0 0 1 1 0 0 2 0 2 0 1 1 0 0 2 0 1 1 1 1 0 0 0 0 2 0
0 0 0 0 1 1 1 1 0 0 1 1 0 2 0 2 0 0 1 1 0 2 0 0 0 0 1 1 1 1 0 2
1 1 1 1 0 0 0 0 1 1 0 0 2 0 2 0 1 1 0 0 2 0 1 1 1 1 0 0 0 0 2 0
0 0 0 0 1 1 1 1 0 0 1 1 0 2 0 2 0 0 1 1 0 2 0 0 0 0 1 1 1 1 0 2

0 0 0 0 0 0 0 0 0 0 0 0 0 0 0 0 0 1 0 0 0 0 0 0 0 0 0 0 0 0 0 0
0 0 1 0 0 0 0 0 0 0 0 0 0 0 0 0 0 0 0 0 0 0 0 0 0 0 0 0 0 0 0 0
0 0 0 0 0 0 0 0 0 0 0 0 0 0 0 0 0 0 0 1 0 0 0 0 0 0 0 0 0 0 0 0
0 0 0 0 0 0 1 0 0 0 0 0 0 0 0 0 0 0 0 0 0 0 0 0 0 0 0 0 0 0 0 0
1 0 0 0 0 0 0 0 0 0 0 0 0 0 0 0 0 0 0 0 0 0 -1 0 0 0 0 0 0 0 0 0
0 0 0 0 1 0 0 0 0 0 0 0 0 0 0 0 0 0 0 0 0 0 0 0 0 0 -1 0 0 0 0 0
0 0 -1 1 0 0 0 0 0 0 0 0 0 0 0 0 0 0 0 0 0 0 0 0 0 0 0 0 0 0 0 0
0 0 0 0 0 0 -1 1 0 0 0 0 0 0 0 0 0 0 0 0 0 0 0 0 0 0 0 0 0 0 0 0
-1 0 -1 0 0 0 0 0 1 0 0 0 0 0 0 0 0 1 0 0 0 0 0 0 0 0 0 0 0 0 0 0
-1 0 -1 0 0 0 0 0 0 1 0 0 0 0 0 0 0 1 0 0 0 0 0 0 0 0 0 0 0 0 0 0
0 0 0 0 -1 0 -1 0 0 0 1 0 0 0 0 0 0 0 0 1 0 0 0 0 0 0 0 0 0 0 0 0
0 0 0 0 -1 0 -1 0 0 0 0 1 0 0 0 0 0 0 0 1 0 0 0 0 0 0 0 0 0 0 0 0
-1 0 -1 0 0 0 0 0 0 0 0 0 1 0 0 0 0 0 0 0 0 0 0 0 0 0 0 0 0 0 0 0
0 0 0 0 -1 0 -1 0 0 0 0 0 0 1 0 0 0 0 0 0 0 0 0 0 0 0 0 0 0 0 0 0
-1 0 -1 0 0 0 0 0 0 0 0 0 0 0 1 0 0 0 0 0 0 0 0 0 0 0 0 0 0 0 0 0
0 0 0 0 -1 0 -1 0 0 0 0 0 0 0 0 1 0 0 0 0 0 0 0 0 0 0 0 0 0 0 0 0
-1 0 -1 0 0 0 0 0 0 0 0 0 0 0 0 0 1 1 0 0 0 0 0 0 0 0 0 0 0 0 0 0
-1 0 -1 0 0 0 0 0 0 0 0 0 0 0 0 0 0 2 0 0 0 0 0 0 0 0 0 0 0 0 0 0
0 0 0 0 -1 0 -1 0 0 0 0 0 0 0 0 0 0 0 1 1 0 0 0 0 0 0 0 0 0 0 0 0
0 0 0 0 -1 0 -1 0 0 0 0 0 0 0 0 0 0 0 0 2 0 0 0 0 0 0 0 0 0 0 0 0
-1 0 -1 0 0 0 0 0 0 0 0 0 0 0 0 0 0 0 0 0 1 0 0 0 0 0 0 0 0 0 0 0
0 0 0 0 -1 0 -1 0 0 0 0 0 0 0 0 0 0 0 0 0 0 1 0 0 0 0 0 0 0 0 0 0
-1 1 0 0 0 0 0 0 0 0 0 0 0 0 0 0 0 0 0 0 0 0 0 0 0 0 0 0 0 0 0 0
0 0 0 0 0 0 0 0 0 0 0 0 0 0 0 0 0 0 0 0 0 0 -1 1 0 0 0 0 0 0 0 0
-1 0 -1 0 0 0 0 0 0 0 0 0 0 0 0 0 0 0 0 0 0 0 1 0 1 0 0 0 0 0 0 0
-1 0 -1 0 0 0 0 0 0 0 0 0 0 0 0 0 0 0 0 0 0 0 1 0 0 1 0 0 0 0 0 0
0 0 0 0 -1 1 0 0 0 0 0 0 0 0 0 0 0 0 0 0 0 0 0 0 0 0 0 0 0 0 0 0
0 0 0 0 0 0 0 0 0 0 0 0 0 0 0 0 0 0 0 0 0 0 0 0 0 0 -1 1 0 0 0 0
0 0 0 0 -1 0 -1 0 0 0 0 0 0 0 0 0 0 0 0 0 0 0 0 0 0 0 1 0 1 0 0 0
0 0 0 0 -1 0 -1 0 0 0 0 0 0 0 0 0 0 0 0 0 0 0 0 0 0 0 1 0 0 1 0 0
-1 0 -1 0 0 0 0 0 0 0 0 0 0 0 0 0 0 0 0 0 0 0 0 0 0 0 0 0 0 0 1 0
0 0 0 0 -1 0 -1 0 0 0 0 0 0 0 0 0 0 0 0 0 0 0 0 0 0 0 0 0 0 0 0 1

1 0 0 0 0 0 0 0 0 0 0 0 0 0
0 1 0 0 0 0 0 0 0 0 0 0 0 0
0 0 1 0 0 0 0 0 0 0 0 0 0 0
0 0 0 1 0 0 0 0 0 0 0 0 0 0
0 0 0 0 2 0 0 0 0 0 0 0 0 0
0 0 0 0 0 2 0 0 0 0 0 0 0 0
0 0 0 0 0 0 0 0 0 0 0 0 0 0
0 0 0 0 0 0 0 0 0 0 0 0 0 0
0 0 0 0 0 0 0 0 0 0 0 0 0 0
0 0 0 0 0 0 0 0 0 0 0 0 0 0
0 0 0 0 0 0 0 0 0 0 0 0 0 0
0 0 0 0 0 0 0 0 0 0 0 0 0 0
0 0 0 0 0 0 0 0 0 0 0 0 0 0
0 0 0 0 0 0 0 0 0 0 0 0 0 0
0 0 0 0 0 0 0 0 0 0 0 0 0 0
0 0 0 0 0 0 0 0 0 0 0 0 0 0
0 0 0 0 0 0 0 0 0 0 0 0 0 0
0 0 0 0 0 0 0 0 0 0 0 0 0 0
0 0 0 0 0 0 0 0 0 0 0 0 0 0
0 0 0 0 0 0 0 0 0 0 0 0 0 0
0 0 0 0 0 0 0 0 0 0 0 0 0 0
0 0 0 0 0 0 0 0 0 0 0 0 0 0
0 0 0 0 0 0 0 0 0 0 0 0 0 0
0 0 0 0 0 0 0 0 0 0 0 0 0 0
0 0 0 0 0 0 0 0 0 0 0 0 0 0
0 0 0 0 0 0 0 0 0 0 0 0 0 0
0 0 0 0 0 0 0 0 0 0 0 0 0 0
0 0 0 0 0 0 0 0 0 0 0 0 0 0
0 0 0 0 0 0 0 0 0 0 0 0 0 0
0 0 0 0 0 0 0 0 0 0 0 0 0 0
0 0 0 0 0 0 0 0 0 0 0 0 0 0
0 0 0 0 0 0 0 0 0 0 0 0 0 0

1 -1 0 0 -1 0 -1 0 -1 0 -1 0 -1 0
0 0 0 0 0 0 -1 0 -1 0 -1 0 -1 0
0 0 1 -1 0 -1 0 -1 0 -1 0 -1 0 -1
0 0 0 0 0 0 0 -1 0 -1 0 -1 0 -1
0 0 0 0 1 0 1 0 0 0 0 0 0 0
0 0 0 0 0 0 1 0 0 0 0 0 0 0
0 0 0 0 0 1 0 1 0 0 0 0 0 0
0 0 0 0 0 0 0 1 0 0 0 0 0 0
0 0 0 0 0 0 0 0 1 0 0 0 0 0
0 0 0 0 0 0 0 0 0 1 0 0 0 0
0 0 0 0 0 0 0 0 0 0 1 0 0 0
0 0 0 0 0 0 0 0 0 0 0 1 0 0
0 1 0 0 0 0 0 0 1 0 1 0 2 0
0 0 0 1 0 0 0 0 0 1 0 1 0 2
