GM:(0,0,0)  R:(1/2,1/2,1/2)  S:(1/2,1/2,0)  T:(0,1/2,1/2)  U:(1/2,0,1/2)  X:(1/2,0,0)  Y:(0,1/2,0)  Z:(0,0,1/2)
GM:(0,0,0)  E:(1/2,1/2,1/2)  A:(1/2,0,1/2)  D:(0,1/2,1/2)  C:(1/2,1/2,0)  Y:(1/2,0,0)  B:(0,0,1/2)  Z:(0,1/2,0)
GM1+  GM2+  GM1-  GM2-  GM3  GM4  GM5  GM6  (R)E1E1  (R)E2E2  (S)A1+A2-  (S)A1-A2+  (S)A3A6  (S)A4A5  (T)D1D1  (T)D2D2  (U)C1  (U)C2  (X)Y1+  (X)Y2+  (X)Y1-  (X)Y2-  (X)Y3  (X)Y4  (X)Y5  (X)Y6  (Y)B1+B2-  (Y)B1-B2+  (Y)B3B6  (Y)B4B5  Z1  Z2
1 1 1 1 1 1 1 1 4 4 2 2 2 2 4 4 2 2 1 1 1 1 1 1 1 1 2 2 2 2 2 2
4a (1,1) Ag 4 1;4a (1,1) Au 4 1;4a (1,1) Ag 4 1;4a (1,1) Au 4 1;4b (1,1) Ag 4 1;4b (1,1) Au 4 1;4b (1,1) Ag 4 1;4b (1,1) Au 4 1;4c (2',1) A 4 1;4c (2',1) A 4 1;4d (m,m) A' 4 1;4d (m,m) A'' 4 1;4d (m,m) 1E 4 1;4d (m,m) 2E 4 1
2 2 0 0 0 0 0 0 1 0 1 1 0 0 1 0 2 0 2 2 0 0 0 0 0 0 1 1 0 0 2 0
0 0 2 2 0 0 0 0 1 0 1 1 0 0 1 0 2 0 0 0 2 2 0 0 0 0 1 1 0 0 2 0
0 0 0 0 2 2 0 0 0 1 0 0 1 1 0 1 0 2 0 0 0 0 2 2 0 0 0 0 1 1 0 2
0 0 0 0 0 0 2 2 0 1 0 0 1 1 0 1 0 2 0 0 0 0 0 0 2 2 0 0 1 1 0 2
2 2 0 0 0 0 0 0 1 0 1 1 0 0 1 0 2 0 0 0 2 2 0 0 0 0 1 1 0 0 2 0
0 0 2 2 0 0 0 0 1 0 1 1 0 0 1 0 2 0 2 2 0 0 0 0 0 0 1 1 0 0 2 0
0 0 0 0 2 2 0 0 0 1 0 0 1 1 0 1 0 2 0 0 0 0 0 0 2 2 0 0 1 1 0 2
0 0 0 0 0 0 2 2 0 1 0 0 1 1 0 1 0 2 0 0 0 0 2 2 0 0 0 0 1 1 0 2
1 1 1 1 0 0 0 0 1 0 1 1 0 0 1 0 2 0 1 1 1 1 0 0 0 0 1 1 0 0 2 0
0 0 0 0 1 1 1 1 0 1 0 0 1 1 0 1 0 2 0 0 0 0 1 1 1 1 0 0 1 1 0 2
2 0 0 2 0 0 0 0 1 0 2 0 0 0 1 0 2 0 2 0 0 2 0 0 0 0 2 0 0 0 2 0
0 2 2 0 0 0 0 0 1 0 0 2 0 0 1 0 2 0 0 2 2 0 0 0 0 0 0 2 0 0 2 0
0 0 0 0 0 2 2 0 0 1 0 0 0 2 0 1 0 2 0 0 0 0 0 2 2 0 0 0 0 2 0 2
0 0 0 0 2 0 0 2 0 1 0 0 2 0 0 1 0 2 0 0 0 0 2 0 0 2 0 0 2 0 0 2

0 0 0 0 0 0 0 0 0 0 0 0 0 0 0 0 0 0 0 0 0 0 0 0 0 0 0 1 0 0 0 0
0 0 1 0 0 0 0 0 0 0 0 0 0 0 0 0 0 0 0 0 0 0 0 0 0 0 0 0 0 0 0 0
0 0 0 0 0 0 -1 1 0 0 0 0 0 0 0 0 0 0 0 0 0 0 0 0 0 0 0 0 0 1 0 0
0 0 0 0 0 0 0 1 0 0 0 0 0 0 0 0 0 0 0 0 0 0 0 0 0 0 0 0 0 0 0 0
0 0 0 0 -1 0 -1 0 0 0 0 0 0 0 0 1 0 0 0 0 0 0 0 0 0 0 0 0 0 1 0 0
-2 0 -2 1 -1 0 -1 0 0 0 0 0 0 0 1 1 0 0 1 0 0 0 0 0 0 0 0 1 0 1 0 0
-3 0 -4 2 -3 0 -2 0 0 0 0 0 0 0 2 2 0 0 1 0 0 0 1 0 0 0 0 2 0 2 0 0
0 0 0 0 -3 0 -2 0 0 0 0 0 0 0 0 2 0 0 0 0 0 0 1 0 0 0 0 0 0 2 0 0
-1 0 -1 0 0 0 0 0 1 0 0 0 0 0 1 0 0 0 0 0 0 0 0 0 0 0 0 0 0 0 0 0
0 0 0 0 -1 0 -1 0 0 1 0 0 0 0 0 1 0 0 0 0 0 0 0 0 0 0 0 0 0 0 0 0
-1 0 -1 0 0 0 0 0 0 0 1 0 0 0 0 0 0 0 0 0 0 0 0 0 0 0 0 1 0 0 0 0
-1 0 -2 1 0 0 0 0 0 0 0 1 0 0 0 0 0 0 0 0 0 0 0 0 0 0 0 1 0 0 0 0
0 0 0 0 -1 0 -1 0 0 0 0 0 1 0 0 0 0 0 0 0 0 0 0 0 0 0 0 0 0 1 0 0
0 0 0 0 -1 0 -2 1 0 0 0 0 0 1 0 0 0 0 0 0 0 0 0 0 0 0 0 0 0 1 0 0
-1 0 -1 0 0 0 0 0 0 0 0 0 0 0 2 0 0 0 0 0 0 0 0 0 0 0 0 0 0 0 0 0
0 0 0 0 -1 0 -1 0 0 0 0 0 0 0 0 2 0 0 0 0 0 0 0 0 0 0 0 0 0 0 0 0
-1 0 -1 0 0 0 0 0 0 0 0 0 0 0 0 0 1 0 0 0 0 0 0 0 0 0 0 0 0 0 0 0
0 0 0 0 -1 0 -1 0 0 0 0 0 0 0 0 0 0 1 0 0 0 0 0 0 0 0 0 0 0 0 0 0
-1 1 -1 1 0 0 0 0 0 0 0 0 0 0 0 0 0 0 0 0 0 0 0 0 0 0 0 0 0 0 0 0
0 0 -1 1 0 0 0 0 0 0 0 0 0 0 0 0 0 0 -1 1 0 0 0 0 0 0 0 0 0 0 0 0
-1 0 -1 0 0 0 0 0 0 0 0 0 0 0 0 0 0 0 1 0 1 0 0 0 0 0 0 0 0 0 0 0
-1 0 0 -1 0 0 0 0 0 0 0 0 0 0 0 0 0 0 1 0 0 1 0 0 0 0 0 0 0 0 0 0
0 0 0 0 -1 1 -1 1 0 0 0 0 0 0 0 0 0 0 0 0 0 0 0 0 0 0 0 0 0 0 0 0
0 0 0 0 0 0 -1 1 0 0 0 0 0 0 0 0 0 0 0 0 0 0 -1 1 0 0 0 0 0 0 0 0
0 0 0 0 -1 0 -1 0 0 0 0 0 0 0 0 0 0 0 0 0 0 0 1 0 1 0 0 0 0 0 0 0
0 0 0 0 -1 0 0 -1 0 0 0 0 0 0 0 0 0 0 0 0 0 0 1 0 0 1 0 0 0 0 0 0
-1 0 -1 0 0 0 0 0 0 0 0 0 0 0 0 0 0 0 0 0 0 0 0 0 0 0 1 1 0 0 0 0
-1 0 -2 1 0 0 0 0 0 0 0 0 0 0 0 0 0 0 0 0 0 0 0 0 0 0 0 2 0 0 0 0
0 0 0 0 -1 0 -1 0 0 0 0 0 0 0 0 0 0 0 0 0 0 0 0 0 0 0 0 0 1 1 0 0
0 0 0 0 -1 0 -2 1 0 0 0 0 0 0 0 0 0 0 0 0 0 0 0 0 0 0 0 0 0 2 0 0
-1 0 -1 0 0 0 0 0 0 0 0 0 0 0 0 0 0 0 0 0 0 0 0 0 0 0 0 0 0 0 1 0
0 0 0 0 -1 0 -1 0 0 0 0 0 0 0 0 0 0 0 0 0 0 0 0 0 0 0 0 0 0 0 0 1

1 0 0 0 0 0 0 0 0 0 0 0 0 0
0 1 0 0 0 0 0 0 0 0 0 0 0 0
0 0 1 0 0 0 0 0 0 0 0 0 0 0
0 0 0 1 0 0 0 0 0 0 0 0 0 0
0 0 0 0 1 0 0 0 0 0 0 0 0 0
0 0 0 0 0 1 0 0 0 0 0 0 0 0
0 0 0 0 0 0 2 0 0 0 0 0 0 0
0 0 0 0 0 0 0 2 0 0 0 0 0 0
0 0 0 0 0 0 0 0 0 0 0 0 0 0
0 0 0 0 0 0 0 0 0 0 0 0 0 0
0 0 0 0 0 0 0 0 0 0 0 0 0 0
0 0 0 0 0 0 0 0 0 0 0 0 0 0
0 0 0 0 0 0 0 0 0 0 0 0 0 0
0 0 0 0 0 0 0 0 0 0 0 0 0 0
0 0 0 0 0 0 0 0 0 0 0 0 0 0
0 0 0 0 0 0 0 0 0 0 0 0 0 0
0 0 0 0 0 0 0 0 0 0 0 0 0 0
0 0 0 0 0 0 0 0 0 0 0 0 0 0
0 0 0 0 0 0 0 0 0 0 0 0 0 0
0 0 0 0 0 0 0 0 0 0 0 0 0 0
0 0 0 0 0 0 0 0 0 0 0 0 0 0
0 0 0 0 0 0 0 0 0 0 0 0 0 0
0 0 0 0 0 0 0 0 0 0 0 0 0 0
0 0 0 0 0 0 0 0 0 0 0 0 0 0
0 0 0 0 0 0 0 0 0 0 0 0 0 0
0 0 0 0 0 0 0 0 0 0 0 0 0 0
0 0 0 0 0 0 0 0 0 0 0 0 0 0
0 0 0 0 0 0 0 0 0 0 0 0 0 0
0 0 0 0 0 0 0 0 0 0 0 0 0 0
0 0 0 0 0 0 0 0 0 0 0 0 0 0
0 0 0 0 0 0 0 0 0 0 0 0 0 0
0 0 0 0 0 0 0 0 0 0 0 0 0 0

1 -1 0 0 -1 1 -1 1 -1 0 -1 -1 0 0
0 0 0 0 0 0 0 0 -1 0 -1 -1 0 0
0 0 1 -1 -1 0 0 1 0 -1 0 0 -1 -1
0 0 0 0 0 0 0 0 0 -1 0 0 -1 -1
0 0 0 0 1 -1 1 -1 0 0 1 0 0 0
0 0 0 0 0 0 0 0 0 0 1 0 0 0
0 0 0 0 1 0 0 -1 0 0 0 0 1 0
0 0 0 0 0 0 0 0 0 0 0 0 1 0
0 1 0 0 0 0 0 0 2 0 0 0 0 0
0 0 0 1 0 0 0 0 0 2 0 0 0 0
0 0 0 0 1 -1 2 -2 0 0 0 1 0 0
0 0 0 0 0 0 0 0 0 0 0 1 0 0
0 0 0 0 1 0 0 0 0 0 0 0 0 1
0 0 0 0 0 0 0 0 0 0 0 0 0 1
