GM:(0,0,0)  L:(1/2,1/2,1/2)  W:(1/2,1,0)  X:(0,1,0)
GM:(0,0,0)  L:(1/2,1/2,1/2)  W:(1/2,1,0)  X:(0,1,0)
GM1  GM2  GM3  GM4  GM5  GM6  GM7  GM8  L1L2  L3L3  L6L6  L4L4  L5L5  W1W2  W3W4  W5W5  X1  X2  X3  X5  X4  X6  X7
1 1 2 3 3 2 2 4 2 4 4 2 2 2 2 4 1 1 1 2 1 2 2
8a (432,432) A1 2 1,8a (432,432) A2 2 1,8a (432,432) E 4 1,8a (432,432) T1 6 1,8a (432,432) T2 6 1,8a (432,432) E1 4 1,8a (432,432) E2 4 1,8a (432,432) F 8 1,8b (m'3',23) 1E2E 4 1,8b (m'3',23) A 2 1,8b (m'3',23) T 6 1,8b (m'3',23) 1F2F 8 1,8b (m'3',23) E 4 1,24c (4'2m',222) A1 6 1,24c (4'2m',222) B1 6 1,24d (4/m',4) A 6 1,24d (4/m',4) B 6 1
2 0 0 0 0 0 0 0 1 0 0 0 0 1 0 0 2 0 0 0 0 0 0
0 2 0 0 0 0 0 0 1 0 0 0 0 1 0 0 0 2 0 0 0 0 0
0 0 2 0 0 0 0 0 0 1 0 0 0 2 0 0 2 2 0 0 0 0 0
0 0 0 2 0 0 0 0 1 1 0 0 0 1 2 0 0 0 2 2 0 0 0
0 0 0 0 2 0 0 0 1 1 0 0 0 1 2 0 0 0 0 2 2 0 0
0 0 0 0 0 2 0 0 0 0 1 0 0 0 0 1 0 0 0 0 0 2 0
0 0 0 0 0 0 2 0 0 0 1 0 0 0 0 1 0 0 0 0 0 0 2
0 0 0 0 0 0 0 2 0 0 1 1 1 0 0 2 0 0 0 0 0 2 2
0 0 2 0 0 0 0 0 0 1 0 0 0 0 2 0 0 0 2 0 2 0 0
1 1 0 0 0 0 0 0 1 0 0 0 0 0 1 0 0 0 1 0 1 0 0
0 0 0 1 1 0 0 0 1 1 0 0 0 2 1 0 1 1 0 2 0 0 0
0 0 0 0 0 0 0 2 0 0 1 1 1 0 0 2 0 0 0 0 0 2 2
0 0 0 0 0 1 1 0 0 0 1 0 0 0 0 1 0 0 0 0 0 1 1
1 0 1 0 1 0 0 0 1 1 0 0 0 1 2 0 1 0 1 1 2 0 0
0 1 1 1 0 0 0 0 1 1 0 0 0 1 2 0 0 1 2 1 1 0 0
1 0 1 1 0 0 0 0 1 1 0 0 0 2 1 0 2 1 1 1 0 0 0
0 1 1 0 1 0 0 0 1 1 0 0 0 2 1 0 1 2 0 1 1 0 0

1 0 0 0 0 0 0 0 0 0 0 0 0 1 0 0 -1 0 0 0 0 0 0
0 1 0 0 0 0 0 0 0 0 0 0 0 0 0 0 0 0 0 0 0 0 0
0 0 0 0 0 0 0 0 0 1 0 0 0 0 0 0 0 0 0 0 0 0 0
0 0 0 1 0 0 0 0 0 0 0 0 0 0 0 0 0 0 0 0 0 0 0
0 0 0 0 1 0 0 0 0 0 0 0 0 0 0 0 0 0 0 0 0 0 0
0 0 0 0 0 0 0 -1 0 0 0 0 0 0 0 1 0 0 0 0 0 0 0
0 0 0 0 0 0 1 0 0 0 0 0 0 0 0 0 0 0 0 0 0 0 0
0 0 0 0 0 0 0 0 0 0 0 0 1 0 0 0 0 0 0 0 0 0 0
1 -1 0 -1 -2 0 0 0 0 2 0 0 0 0 0 0 -1 0 0 0 0 0 0
0 -1 0 -1 -1 0 0 0 1 0 0 0 0 1 0 0 -1 0 0 0 0 0 0
0 0 0 0 0 -1 -1 -2 0 0 1 0 1 0 0 1 0 0 0 0 0 0 0
0 0 0 0 0 0 0 -1 0 0 0 1 1 0 0 0 0 0 0 0 0 0 0
0 0 0 0 0 0 0 -1 0 0 0 0 2 0 0 0 0 0 0 0 0 0 0
1 -1 0 -1 -1 0 0 0 0 0 0 0 0 2 0 0 -2 0 0 0 0 0 0
-1 0 0 0 0 0 0 0 0 -2 0 0 0 0 1 0 1 0 0 0 0 0 0
0 0 0 0 0 -1 -1 -2 0 0 0 0 0 0 0 2 0 0 0 0 0 0 0
0 0 1 1 1 0 0 0 0 -2 0 0 0 0 0 0 0 0 0 0 0 0 0
1 -1 0 0 0 0 0 0 0 0 0 0 0 0 0 0 -1 1 0 0 0 0 0
-1 0 0 0 1 0 0 0 0 -2 0 0 0 0 0 0 1 0 1 0 0 0 0
0 0 0 -1 -1 0 0 0 0 0 0 0 0 0 0 0 0 0 0 1 0 0 0
-1 0 0 1 0 0 0 0 0 -2 0 0 0 0 0 0 1 0 0 0 1 0 0
0 0 0 0 0 -1 0 -1 0 0 0 0 0 0 0 0 0 0 0 0 0 1 0
0 0 0 0 0 0 -1 -1 0 0 0 0 0 0 0 0 0 0 0 0 0 0 1

1 0 0 0 0 0 0 0 0 0 0 0 0 0 0 0 0
0 1 0 0 0 0 0 0 0 0 0 0 0 0 0 0 0
0 0 1 0 0 0 0 0 0 0 0 0 0 0 0 0 0
0 0 0 1 0 0 0 0 0 0 0 0 0 0 0 0 0
0 0 0 0 1 0 0 0 0 0 0 0 0 0 0 0 0
0 0 0 0 0 1 0 0 0 0 0 0 0 0 0 0 0
0 0 0 0 0 0 1 0 0 0 0 0 0 0 0 0 0
0 0 0 0 0 0 0 1 0 0 0 0 0 0 0 0 0
0 0 0 0 0 0 0 0 2 0 0 0 0 0 0 0 0
0 0 0 0 0 0 0 0 0 0 0 0 0 0 0 0 0
0 0 0 0 0 0 0 0 0 0 0 0 0 0 0 0 0
0 0 0 0 0 0 0 0 0 0 0 0 0 0 0 0 0
0 0 0 0 0 0 0 0 0 0 0 0 0 0 0 0 0
0 0 0 0 0 0 0 0 0 0 0 0 0 0 0 0 0
0 0 0 0 0 0 0 0 0 0 0 0 0 0 0 0 0
0 0 0 0 0 0 0 0 0 0 0 0 0 0 0 0 0
0 0 0 0 0 0 0 0 0 0 0 0 0 0 0 0 0
0 0 0 0 0 0 0 0 0 0 0 0 0 0 0 0 0
0 0 0 0 0 0 0 0 0 0 0 0 0 0 0 0 0
0 0 0 0 0 0 0 0 0 0 0 0 0 0 0 0 0
0 0 0 0 0 0 0 0 0 0 0 0 0 0 0 0 0
0 0 0 0 0 0 0 0 0 0 0 0 0 0 0 0 0
0 0 0 0 0 0 0 0 0 0 0 0 0 0 0 0 0

1 -1 0 -1 -1 0 0 0 0 -1 0 0 0 -1 0 -1 0
0 0 0 0 -1 0 0 0 0 -1 -1 0 0 -1 -1 0 -1
0 -1 1 -1 -2 0 0 0 -1 0 -1 0 0 -1 0 -1 -1
0 -1 0 0 -1 0 0 0 0 -1 -1 0 0 -1 -1 -1 0
0 0 0 0 0 0 0 0 0 0 -1 0 0 -1 0 0 -1
0 0 0 0 0 1 -1 0 0 0 0 0 -1 0 0 0 0
0 0 0 0 0 0 0 0 0 0 0 0 -1 0 0 0 0
0 0 0 0 0 0 0 1 0 0 0 -1 0 0 0 0 0
0 0 0 0 0 0 0 0 1 -1 0 0 0 -1 -1 0 0
0 0 0 0 0 0 0 0 0 1 0 0 0 0 0 0 0
0 0 0 0 0 0 0 0 0 0 1 0 0 0 0 0 0
0 0 0 0 0 0 0 0 0 0 0 1 0 0 0 0 0
0 0 0 0 0 0 1 0 0 0 0 0 2 0 0 0 0
0 0 0 0 0 0 0 0 0 0 0 0 0 1 0 0 0
0 1 0 0 1 0 0 0 0 1 1 0 0 1 2 0 0
0 1 0 1 1 0 0 0 0 1 0 0 0 1 0 2 0
0 0 0 0 1 0 0 0 0 0 1 0 0 1 0 0 2
