GM:(0,0,0)  M:(1,1,1)  N:(1/2,0,1/2)  P:(1/2,1/2,1/2)  X:(1/2,1/2,0)
GM:(0,0,0)  M:(1,1,1)  N:(1/2,0,1/2)  P:(1/2,1/2,1/2)  X:(1/2,1/2,0)
GM1  GM2  GM3GM4  GM5GM7  GM6GM8  M1M2  M3  M4  M5M7  M6M8  N1N1  N2  P1P2  P3  P4P4  X1  X2  X3X4
1 1 2 2 2 2 1 1 2 2 2 1 2 1 2 1 1 2
8a (2',1) A 4 0;8a (2',1) A 4 1;8b (2',1) A 4 0;8b (2',1) A 4 1;8c (2,2) A 4 0;8c (2,2) B 4 0;8c (2,2) 1E 4 1;8c (2,2) 2E 4 1
1 1 1 0 0 1 1 1 0 0 2 0 2 0 0 2 2 0
0 0 0 1 1 0 0 0 1 1 0 4 0 2 1 0 0 2
1 1 1 0 0 1 1 1 0 0 2 0 2 0 0 2 2 0
0 0 0 1 1 0 0 0 1 1 0 4 0 2 1 0 0 2
2 2 0 0 0 2 0 0 0 0 2 0 2 0 0 2 2 0
0 0 2 0 0 0 2 2 0 0 2 0 2 0 0 2 2 0
0 0 0 1 1 0 0 0 1 1 0 4 0 2 1 0 0 2
0 0 0 1 1 0 0 0 1 1 0 4 0 2 1 0 0 2

0 0 1 0 0 0 0 0 0 0 0 0 0 0 0 0 0 0
0 0 0 1 0 0 0 0 0 0 0 0 0 0 0 0 0 0
1 0 -1 0 0 0 0 0 0 0 0 0 0 0 0 0 0 0
-1 1 0 0 0 0 0 0 0 0 0 0 0 0 0 0 0 0
0 0 0 -1 1 0 0 0 0 0 0 0 0 0 0 0 0 0
-1 0 0 0 0 1 0 0 0 0 0 0 0 0 0 0 0 0
0 0 -1 0 0 0 1 0 0 0 0 0 0 0 0 0 0 0
0 0 -1 0 0 0 0 1 0 0 0 0 0 0 0 0 0 0
0 0 0 -1 0 0 0 0 1 0 0 0 0 0 0 0 0 0
0 0 0 -1 0 0 0 0 0 1 0 0 0 0 0 0 0 0
-1 0 -1 0 0 0 0 0 0 0 1 0 0 0 0 0 0 0
0 0 0 -4 0 0 0 0 0 0 0 1 0 0 0 0 0 0
-1 0 -1 0 0 0 0 0 0 0 0 0 1 0 0 0 0 0
0 0 0 -2 0 0 0 0 0 0 0 0 0 1 0 0 0 0
0 0 0 -1 0 0 0 0 0 0 0 0 0 0 1 0 0 0
-1 0 -1 0 0 0 0 0 0 0 0 0 0 0 0 1 0 0
-1 0 -1 0 0 0 0 0 0 0 0 0 0 0 0 0 1 0
0 0 0 -2 0 0 0 0 0 0 0 0 0 0 0 0 0 1

1 0 0 0 0 0 0 0
0 1 0 0 0 0 0 0
0 0 2 0 0 0 0 0
0 0 0 0 0 0 0 0
0 0 0 0 0 0 0 0
0 0 0 0 0 0 0 0
0 0 0 0 0 0 0 0
0 0 0 0 0 0 0 0
0 0 0 0 0 0 0 0
0 0 0 0 0 0 0 0
0 0 0 0 0 0 0 0
0 0 0 0 0 0 0 0
0 0 0 0 0 0 0 0
0 0 0 0 0 0 0 0
0 0 0 0 0 0 0 0
0 0 0 0 0 0 0 0
0 0 0 0 0 0 0 0
0 0 0 0 0 0 0 0

1 0 0 0 -1 -2 0 0
0 1 0 -1 0 0 -1 -1
0 0 0 0 1 0 0 0
0 0 0 1 0 0 0 0
0 0 1 0 0 1 0 0
0 0 0 0 0 1 0 0
0 0 0 0 0 0 1 0
0 0 0 0 0 0 0 1
