GM:(0,0,0)  L:(1/2,1/2,1/2)  LA:(1/2,1/2,-1/2)  T:(1,0,0)  Y:(0,1,0)  Z:(0,0,1)
GM:(0,0,0)  V:(1/2,1/2,0)  L:(1/2,1/2,1/2)  M:(0,1,1/2)  Y:(0,1,0)  A:(0,0,1/2)
GM1  GM2  GM4  GM3  (L)V1  (L)V2  (LA)L1  (LA)L2  (T)M1  (T)M2  (T)M4  (T)M3  Y1  Y2  Y4  Y3  (Z)A1  (Z)A2  (Z)A4  (Z)A3
1 1 1 1 1 1 1 1 1 1 1 1 1 1 1 1 1 1 1 1
4a (m'm2',m) A' 1 1,4a (m'm2',m) A'' 1 1,4a (m'm2',m) 1E 1 1,4a (m'm2',m) 2E 1 1,8b (2',1) A 2 0,8b (2',1) A 2 0
1 0 0 0 1 0 1 0 1 0 0 0 1 0 0 0 1 0 0 0
0 1 0 0 1 0 1 0 0 1 0 0 0 1 0 0 0 1 0 0
0 0 1 0 0 1 0 1 0 0 1 0 0 0 1 0 0 0 1 0
0 0 0 1 0 1 0 1 0 0 0 1 0 0 0 1 0 0 0 1
1 1 0 0 2 0 2 0 1 1 0 0 1 1 0 0 1 1 0 0
0 0 1 1 0 2 0 2 0 0 1 1 0 0 1 1 0 0 1 1

1 0 0 0 0 0 0 0 0 0 0 0 0 0 0 0 0 0 0 0
0 1 0 0 0 0 0 0 0 0 0 0 0 0 0 0 0 0 0 0
0 0 1 0 0 0 0 0 0 0 0 0 0 0 0 0 0 0 0 0
0 0 0 1 0 0 0 0 0 0 0 0 0 0 0 0 0 0 0 0
-1 -1 0 0 1 0 0 0 0 0 0 0 0 0 0 0 0 0 0 0
0 0 -1 -1 0 1 0 0 0 0 0 0 0 0 0 0 0 0 0 0
-1 -1 0 0 0 0 1 0 0 0 0 0 0 0 0 0 0 0 0 0
0 0 -1 -1 0 0 0 1 0 0 0 0 0 0 0 0 0 0 0 0
-1 0 0 0 0 0 0 0 1 0 0 0 0 0 0 0 0 0 0 0
0 -1 0 0 0 0 0 0 0 1 0 0 0 0 0 0 0 0 0 0
0 0 -1 0 0 0 0 0 0 0 1 0 0 0 0 0 0 0 0 0
0 0 0 -1 0 0 0 0 0 0 0 1 0 0 0 0 0 0 0 0
-1 0 0 0 0 0 0 0 0 0 0 0 1 0 0 0 0 0 0 0
0 -1 0 0 0 0 0 0 0 0 0 0 0 1 0 0 0 0 0 0
0 0 -1 0 0 0 0 0 0 0 0 0 0 0 1 0 0 0 0 0
0 0 0 -1 0 0 0 0 0 0 0 0 0 0 0 1 0 0 0 0
-1 0 0 0 0 0 0 0 0 0 0 0 0 0 0 0 1 0 0 0
0 -1 0 0 0 0 0 0 0 0 0 0 0 0 0 0 0 1 0 0
0 0 -1 0 0 0 0 0 0 0 0 0 0 0 0 0 0 0 1 0
0 0 0 -1 0 0 0 0 0 0 0 0 0 0 0 0 0 0 0 1

1 0 0 0 0 0
0 1 0 0 0 0
0 0 1 0 0 0
0 0 0 1 0 0
0 0 0 0 0 0
0 0 0 0 0 0
0 0 0 0 0 0
0 0 0 0 0 0
0 0 0 0 0 0
0 0 0 0 0 0
0 0 0 0 0 0
0 0 0 0 0 0
0 0 0 0 0 0
0 0 0 0 0 0
0 0 0 0 0 0
0 0 0 0 0 0
0 0 0 0 0 0
0 0 0 0 0 0
0 0 0 0 0 0
0 0 0 0 0 0

1 0 0 0 -1 0
0 1 0 0 -1 0
0 0 1 0 0 -1
0 0 0 1 0 -1
0 0 0 0 1 0
0 0 0 0 0 1
