GM:(0,0,0)  R:(1/2,0,1/2)  S:(0,1/2,1/2)  T:(1/2,1/2,0)  W:(1/2,1/2,1/2)  X:(1,1,1)
GM:(0,0,0)  R:(1/2,0,1/2)  S:(0,1/2,1/2)  T:(1/2,1/2,0)  W:(1/2,1/2,1/2)  X:(1,1,1)
GM1  GM2  GM3  GM4  GM5  R1R2  R3  R4  S1S2  S3  S4  T1  T2  T3T4  W1  W2  W3  W4  X1  X2  X3  X4  X5
1 1 1 1 2 2 1 1 2 1 1 1 1 2 1 1 1 1 1 1 1 1 2
4a (m'm'2,2) A 2 1,4a (m'm'2,2) B 2 1,4a (m'm'2,2) 1E 2 1,4a (m'm'2,2) 2E 2 1,4b (m'm'2,2) A 2 1,4b (m'm'2,2) B 2 1,4b (m'm'2,2) 1E 2 1,4b (m'm'2,2) 2E 2 1,8c (2',1) A 4 0,8c (2',1) A 4 0
1 1 0 0 0 1 0 0 1 0 0 2 0 0 2 0 0 0 1 1 0 0 0
0 0 1 1 0 1 0 0 1 0 0 0 2 0 0 2 0 0 0 0 1 1 0
0 0 0 0 1 0 1 1 0 1 1 0 0 1 0 0 1 1 0 0 0 0 1
0 0 0 0 1 0 1 1 0 1 1 0 0 1 0 0 1 1 0 0 0 0 1
1 1 0 0 0 1 0 0 1 0 0 0 2 0 0 2 0 0 1 1 0 0 0
0 0 1 1 0 1 0 0 1 0 0 2 0 0 2 0 0 0 0 0 1 1 0
0 0 0 0 1 0 1 1 0 1 1 0 0 1 0 0 1 1 0 0 0 0 1
0 0 0 0 1 0 1 1 0 1 1 0 0 1 0 0 1 1 0 0 0 0 1
1 1 1 1 0 2 0 0 2 0 0 2 2 0 2 2 0 0 1 1 1 1 0
0 0 0 0 2 0 2 2 0 2 2 0 0 2 0 0 2 2 0 0 0 0 2

1 0 0 0 0 0 0 0 0 0 0 0 0 0 0 0 0 0 0 0 0 0 0
0 0 1 0 0 0 0 0 0 0 0 0 0 0 0 0 0 0 0 0 0 0 0
0 0 0 0 1 0 0 0 0 0 0 0 0 0 0 0 0 0 0 0 0 0 0
2 0 0 0 0 0 0 0 0 0 0 -1 0 0 0 0 0 0 0 0 0 0 0
-1 1 0 0 0 0 0 0 0 0 0 0 0 0 0 0 0 0 0 0 0 0 0
-1 0 -1 0 0 1 0 0 0 0 0 0 0 0 0 0 0 0 0 0 0 0 0
0 0 0 0 -1 0 1 0 0 0 0 0 0 0 0 0 0 0 0 0 0 0 0
0 0 0 0 -1 0 0 1 0 0 0 0 0 0 0 0 0 0 0 0 0 0 0
-1 0 -1 0 0 0 0 0 1 0 0 0 0 0 0 0 0 0 0 0 0 0 0
0 0 0 0 -1 0 0 0 0 1 0 0 0 0 0 0 0 0 0 0 0 0 0
0 0 0 0 -1 0 0 0 0 0 1 0 0 0 0 0 0 0 0 0 0 0 0
0 0 -1 1 0 0 0 0 0 0 0 0 0 0 0 0 0 0 0 0 0 0 0
-2 0 -2 0 0 0 0 0 0 0 0 1 1 0 0 0 0 0 0 0 0 0 0
0 0 0 0 -1 0 0 0 0 0 0 0 0 1 0 0 0 0 0 0 0 0 0
0 0 0 0 0 0 0 0 0 0 0 -1 0 0 1 0 0 0 0 0 0 0 0
-2 0 -2 0 0 0 0 0 0 0 0 1 0 0 0 1 0 0 0 0 0 0 0
0 0 0 0 -1 0 0 0 0 0 0 0 0 0 0 0 1 0 0 0 0 0 0
0 0 0 0 -1 0 0 0 0 0 0 0 0 0 0 0 0 1 0 0 0 0 0
-1 0 0 0 0 0 0 0 0 0 0 0 0 0 0 0 0 0 1 0 0 0 0
-1 0 0 0 0 0 0 0 0 0 0 0 0 0 0 0 0 0 0 1 0 0 0
0 0 -1 0 0 0 0 0 0 0 0 0 0 0 0 0 0 0 0 0 1 0 0
0 0 -1 0 0 0 0 0 0 0 0 0 0 0 0 0 0 0 0 0 0 1 0
0 0 0 0 -1 0 0 0 0 0 0 0 0 0 0 0 0 0 0 0 0 0 1

1 0 0 0 0 0 0 0 0 0
0 1 0 0 0 0 0 0 0 0
0 0 1 0 0 0 0 0 0 0
0 0 0 2 0 0 0 0 0 0
0 0 0 0 0 0 0 0 0 0
0 0 0 0 0 0 0 0 0 0
0 0 0 0 0 0 0 0 0 0
0 0 0 0 0 0 0 0 0 0
0 0 0 0 0 0 0 0 0 0
0 0 0 0 0 0 0 0 0 0
0 0 0 0 0 0 0 0 0 0
0 0 0 0 0 0 0 0 0 0
0 0 0 0 0 0 0 0 0 0
0 0 0 0 0 0 0 0 0 0
0 0 0 0 0 0 0 0 0 0
0 0 0 0 0 0 0 0 0 0
0 0 0 0 0 0 0 0 0 0
0 0 0 0 0 0 0 0 0 0
0 0 0 0 0 0 0 0 0 0
0 0 0 0 0 0 0 0 0 0
0 0 0 0 0 0 0 0 0 0
0 0 0 0 0 0 0 0 0 0
0 0 0 0 0 0 0 0 0 0

1 0 0 -1 0 -1 0 0 -1 0
0 1 0 0 0 -1 0 0 -1 0
0 0 1 0 -1 0 -1 -1 0 -2
0 0 0 0 1 0 0 0 0 0
0 0 0 1 0 1 0 0 0 0
0 0 0 0 0 1 0 0 0 0
0 0 0 0 0 0 1 0 0 0
0 0 0 0 0 0 0 1 0 0
0 0 0 0 0 0 0 0 1 0
0 0 0 0 0 0 0 0 0 1
