GM:(0,0,0)  R:(1/2,1/2,1/2)  S:(1/2,1/2,0)  T:(0,1/2,1/2)  U:(1/2,0,1/2)  X:(1/2,0,0)  Y:(0,1/2,0)  Z:(0,0,1/2)
GM:(0,0,0)  C:(1/2,1/2,0)  D:(0,1/2,1/2)  Y:(1/2,0,0)  E:(1/2,1/2,1/2)  Z:(0,1/2,0)  B:(0,0,1/2)  A:(1/2,0,1/2)
GM1+  GM2+  GM1-  GM2-  GM3  GM4  GM5  GM6  (R)C1+C2-  (R)C1-C2+  (R)C3C6  (R)C4C5  (S)D1D1  (S)D2D2  (T)Y1+Y2+  (T)Y1-Y2-  (T)Y3Y4  (T)Y5Y6  (U)E1  (U)E2  (X)Z1-Z1+  (X)Z2-Z2+  (X)Z3Z5  (X)Z4Z6  (Y)B1  (Y)B2  (Z)A1  (Z)A2
1 1 1 1 1 1 1 1 2 2 2 2 4 4 2 2 2 2 2 2 2 2 2 2 2 2 2 2
4a (1,1) Ag 4 1;4a (1,1) Au 4 1;4a (1,1) Ag 4 1;4a (1,1) Au 4 1;4b (1,1) Ag 4 1;4b (1,1) Au 4 1;4b (1,1) Ag 4 1;4b (1,1) Au 4 1;4c (2',1) A 4 1;4c (2',1) A 4 1;4d (2,2) A 4 1;4d (2,2) B 4 1;4d (2,2) 1E 4 1;4d (2,2) 2E 4 1
2 2 0 0 0 0 0 0 1 1 0 0 1 0 2 0 0 0 2 0 1 1 0 0 2 0 2 0
0 0 2 2 0 0 0 0 1 1 0 0 1 0 0 2 0 0 2 0 1 1 0 0 2 0 2 0
0 0 0 0 2 2 0 0 0 0 1 1 0 1 0 0 2 0 0 2 0 0 1 1 0 2 0 2
0 0 0 0 0 0 2 2 0 0 1 1 0 1 0 0 0 2 0 2 0 0 1 1 0 2 0 2
2 2 0 0 0 0 0 0 1 1 0 0 1 0 0 2 0 0 2 0 1 1 0 0 2 0 2 0
0 0 2 2 0 0 0 0 1 1 0 0 1 0 2 0 0 0 2 0 1 1 0 0 2 0 2 0
0 0 0 0 2 2 0 0 0 0 1 1 0 1 0 0 0 2 0 2 0 0 1 1 0 2 0 2
0 0 0 0 0 0 2 2 0 0 1 1 0 1 0 0 2 0 0 2 0 0 1 1 0 2 0 2
1 1 1 1 0 0 0 0 1 1 0 0 1 0 1 1 0 0 2 0 1 1 0 0 2 0 2 0
0 0 0 0 1 1 1 1 0 0 1 1 0 1 0 0 1 1 0 2 0 0 1 1 0 2 0 2
2 0 2 0 0 0 0 0 1 1 0 0 1 0 1 1 0 0 2 0 2 0 0 0 2 0 2 0
0 2 0 2 0 0 0 0 1 1 0 0 1 0 1 1 0 0 2 0 0 2 0 0 2 0 2 0
0 0 0 0 0 2 0 2 0 0 1 1 0 1 0 0 1 1 0 2 0 0 0 2 0 2 0 2
0 0 0 0 2 0 2 0 0 0 1 1 0 1 0 0 1 1 0 2 0 0 2 0 0 2 0 2

0 0 0 0 0 0 0 0 0 0 0 0 0 0 0 0 0 0 0 0 0 1 0 0 0 0 0 0
0 0 0 1 0 0 0 0 0 0 0 0 0 0 0 0 0 0 0 0 0 0 0 0 0 0 0 0
0 0 0 0 0 0 1 -1 0 0 0 0 0 0 0 0 0 0 0 0 0 0 0 1 0 0 0 0
0 0 0 0 0 0 1 0 0 0 0 0 0 0 0 0 0 0 0 0 0 0 0 0 0 0 0 0
0 0 0 0 -1 0 0 -1 0 0 0 0 0 1 0 0 0 0 0 0 0 0 0 1 0 0 0 0
-1 0 1 -1 -1 0 0 -1 0 0 0 0 0 1 1 0 0 0 0 0 0 0 0 1 0 0 0 0
-2 0 2 -3 -2 0 0 -1 0 0 0 0 1 1 1 0 1 0 0 0 0 1 0 1 0 0 0 0
0 0 0 0 -2 0 0 -1 0 0 0 0 0 1 0 0 1 0 0 0 0 0 0 1 0 0 0 0
-1 0 0 -1 0 0 0 0 1 0 0 0 1 0 0 0 0 0 0 0 0 0 0 0 0 0 0 0
-1 0 0 -1 0 0 0 0 0 1 0 0 1 0 0 0 0 0 0 0 0 0 0 0 0 0 0 0
0 0 0 0 -1 0 0 -1 0 0 1 0 0 1 0 0 0 0 0 0 0 0 0 0 0 0 0 0
0 0 0 0 -1 0 0 -1 0 0 0 1 0 1 0 0 0 0 0 0 0 0 0 0 0 0 0 0
-1 0 0 -1 0 0 0 0 0 0 0 0 2 0 0 0 0 0 0 0 0 0 0 0 0 0 0 0
0 0 0 0 -1 0 0 -1 0 0 0 0 0 2 0 0 0 0 0 0 0 0 0 0 0 0 0 0
-1 1 1 -1 0 0 0 0 0 0 0 0 0 0 0 0 0 0 0 0 0 0 0 0 0 0 0 0
-1 0 0 -1 0 0 0 0 0 0 0 0 0 0 1 1 0 0 0 0 0 0 0 0 0 0 0 0
0 0 0 0 -1 1 1 -1 0 0 0 0 0 0 0 0 0 0 0 0 0 0 0 0 0 0 0 0
0 0 0 0 -1 0 0 -1 0 0 0 0 0 0 0 0 1 1 0 0 0 0 0 0 0 0 0 0
-1 0 0 -1 0 0 0 0 0 0 0 0 0 0 0 0 0 0 1 0 0 0 0 0 0 0 0 0
0 0 0 0 -1 0 0 -1 0 0 0 0 0 0 0 0 0 0 0 1 0 0 0 0 0 0 0 0
-1 0 0 -1 0 0 0 0 0 0 0 0 0 0 0 0 0 0 0 0 1 1 0 0 0 0 0 0
-1 0 1 -2 0 0 0 0 0 0 0 0 0 0 0 0 0 0 0 0 0 2 0 0 0 0 0 0
0 0 0 0 -1 0 0 -1 0 0 0 0 0 0 0 0 0 0 0 0 0 0 1 1 0 0 0 0
0 0 0 0 -1 0 1 -2 0 0 0 0 0 0 0 0 0 0 0 0 0 0 0 2 0 0 0 0
-1 0 0 -1 0 0 0 0 0 0 0 0 0 0 0 0 0 0 0 0 0 0 0 0 1 0 0 0
0 0 0 0 -1 0 0 -1 0 0 0 0 0 0 0 0 0 0 0 0 0 0 0 0 0 1 0 0
-1 0 0 -1 0 0 0 0 0 0 0 0 0 0 0 0 0 0 0 0 0 0 0 0 0 0 1 0
0 0 0 0 -1 0 0 -1 0 0 0 0 0 0 0 0 0 0 0 0 0 0 0 0 0 0 0 1

1 0 0 0 0 0 0 0 0 0 0 0 0 0
0 1 0 0 0 0 0 0 0 0 0 0 0 0
0 0 1 0 0 0 0 0 0 0 0 0 0 0
0 0 0 1 0 0 0 0 0 0 0 0 0 0
0 0 0 0 1 0 0 0 0 0 0 0 0 0
0 0 0 0 0 1 0 0 0 0 0 0 0 0
0 0 0 0 0 0 2 0 0 0 0 0 0 0
0 0 0 0 0 0 0 2 0 0 0 0 0 0
0 0 0 0 0 0 0 0 0 0 0 0 0 0
0 0 0 0 0 0 0 0 0 0 0 0 0 0
0 0 0 0 0 0 0 0 0 0 0 0 0 0
0 0 0 0 0 0 0 0 0 0 0 0 0 0
0 0 0 0 0 0 0 0 0 0 0 0 0 0
0 0 0 0 0 0 0 0 0 0 0 0 0 0
0 0 0 0 0 0 0 0 0 0 0 0 0 0
0 0 0 0 0 0 0 0 0 0 0 0 0 0
0 0 0 0 0 0 0 0 0 0 0 0 0 0
0 0 0 0 0 0 0 0 0 0 0 0 0 0
0 0 0 0 0 0 0 0 0 0 0 0 0 0
0 0 0 0 0 0 0 0 0 0 0 0 0 0
0 0 0 0 0 0 0 0 0 0 0 0 0 0
0 0 0 0 0 0 0 0 0 0 0 0 0 0
0 0 0 0 0 0 0 0 0 0 0 0 0 0
0 0 0 0 0 0 0 0 0 0 0 0 0 0
0 0 0 0 0 0 0 0 0 0 0 0 0 0
0 0 0 0 0 0 0 0 0 0 0 0 0 0
0 0 0 0 0 0 0 0 0 0 0 0 0 0
0 0 0 0 0 0 0 0 0 0 0 0 0 0

1 -1 0 0 -1 1 -1 1 -1 0 -1 -1 0 0
0 0 0 0 0 0 0 0 -1 0 -1 -1 0 0
0 0 1 -1 -1 0 0 1 0 -1 0 0 -1 -1
0 0 0 0 0 0 0 0 0 -1 0 0 -1 -1
0 0 0 0 1 -1 1 -1 0 0 1 0 0 0
0 0 0 0 0 0 0 0 0 0 1 0 0 0
0 0 0 0 1 0 0 -1 0 0 0 0 1 0
0 0 0 0 0 0 0 0 0 0 0 0 1 0
0 1 0 0 0 0 0 0 2 0 0 0 0 0
0 0 0 1 0 0 0 0 0 2 0 0 0 0
0 0 0 0 1 -1 2 -2 0 0 0 1 0 0
0 0 0 0 0 0 0 0 0 0 0 1 0 0
0 0 0 0 1 0 0 0 0 0 0 0 0 1
0 0 0 0 0 0 0 0 0 0 0 0 0 1
