GM:(0,0,0)  A:(1/2,1/2,1/2)  M:(1/2,1/2,0)  R:(0,1/2,1/2)  X:(0,1/2,0)  Z:(0,0,1/2)
GM:(0,0,0)  A:(1/2,1/2,1/2)  M:(1/2,1/2,0)  R:(0,1/2,1/2)  X:(0,1/2,0)  Z:(0,0,1/2)
GM3+GM4+  GM3-GM4-  GM1+  GM2-  GM1-  GM2+  GM6GM8  GM11GM9  GM5GM7  GM10GM12  A2A2  A1  A3A4  M2  M1  M3M4  R1R1  R2R2  X1  X2X2  Z3-Z4+  Z3+Z4-  Z1-Z1+  Z2-Z2+  Z10Z8  Z11Z5  Z7Z9  Z12Z6
2 2 1 1 1 1 2 2 2 2 4 2 4 2 2 4 4 4 2 4 2 2 2 2 2 2 2 2
4a (4,4) 1E 4 1,4a (4,4) 2E 4 1,4a (4,4) A 4 1,4a (4,4) B 4 1,4a (4,4) 1E1 4 1,4a (4,4) 1E2 4 1,4a (4,4) 2E1 4 1,4a (4,4) 2E2 4 1,4b (4',2) A 4 1,4c (4,4) 1E 4 1,4c (4,4) 2E 4 1,4c (4,4) A 4 1,4c (4,4) B 4 1,4c (4,4) 1E1 4 1,4c (4,4) 1E2 4 1,4c (4,4) 2E1 4 1,4c (4,4) 2E2 4 1,8d (1,1) Ag 8 0,8d (1,1) Au 8 0,8d (1,1) Ag 8 0,8d (1,1) Au 8 0,8e (1',1) A 8 0
1 1 0 0 0 0 0 0 0 0 1 0 0 2 0 0 1 0 2 0 2 0 0 0 0 0 0 0
1 1 0 0 0 0 0 0 0 0 1 0 0 2 0 0 1 0 2 0 0 2 0 0 0 0 0 0
0 0 2 2 0 0 0 0 0 0 0 2 0 0 2 0 1 0 2 0 0 0 1 1 0 0 0 0
0 0 0 0 2 2 0 0 0 0 0 2 0 0 2 0 1 0 2 0 0 0 1 1 0 0 0 0
0 0 0 0 0 0 1 1 0 0 0 0 1 0 0 1 0 1 0 1 0 0 0 0 1 1 0 0
0 0 0 0 0 0 0 0 1 1 0 0 1 0 0 1 0 1 0 1 0 0 0 0 0 0 1 1
0 0 0 0 0 0 1 1 0 0 0 0 1 0 0 1 0 1 0 1 0 0 0 0 0 0 1 1
0 0 0 0 0 0 0 0 1 1 0 0 1 0 0 1 0 1 0 1 0 0 0 0 1 1 0 0
0 0 1 1 1 1 0 0 0 0 0 2 0 0 2 0 1 0 2 0 0 0 1 1 0 0 0 0
1 1 0 0 0 0 0 0 0 0 0 2 0 0 2 0 1 0 2 0 1 1 0 0 0 0 0 0
1 1 0 0 0 0 0 0 0 0 0 2 0 0 2 0 1 0 2 0 1 1 0 0 0 0 0 0
0 0 2 0 2 0 0 0 0 0 1 0 0 2 0 0 1 0 2 0 0 0 2 0 0 0 0 0
0 0 0 2 0 2 0 0 0 0 1 0 0 2 0 0 1 0 2 0 0 0 0 2 0 0 0 0
0 0 0 0 0 0 1 0 0 1 0 0 1 0 0 1 0 1 0 1 0 0 0 0 1 0 0 1
0 0 0 0 0 0 0 1 1 0 0 0 1 0 0 1 0 1 0 1 0 0 0 0 0 1 1 0
0 0 0 0 0 0 1 0 0 1 0 0 1 0 0 1 0 1 0 1 0 0 0 0 1 0 0 1
0 0 0 0 0 0 0 1 1 0 0 0 1 0 0 1 0 1 0 1 0 0 0 0 0 1 1 0
2 0 2 0 0 2 0 0 0 0 1 2 0 2 2 0 2 0 4 0 1 1 1 1 0 0 0 0
0 2 0 2 2 0 0 0 0 0 1 2 0 2 2 0 2 0 4 0 1 1 1 1 0 0 0 0
0 0 0 0 0 0 2 0 2 0 0 0 2 0 0 2 0 2 0 2 0 0 0 0 1 1 1 1
0 0 0 0 0 0 0 2 0 2 0 0 2 0 0 2 0 2 0 2 0 0 0 0 1 1 1 1
1 1 1 1 1 1 0 0 0 0 1 2 0 2 2 0 2 0 4 0 1 1 1 1 0 0 0 0

-1 0 -1 0 -1 0 0 0 0 0 1 0 0 0 0 0 1 0 0 0 0 0 1 0 0 0 0 0
0 0 -1 0 -1 0 0 0 0 0 1 0 0 0 0 0 1 0 0 0 -1 0 1 0 0 0 0 0
0 0 0 0 0 0 0 0 0 0 0 0 0 0 0 0 0 0 0 0 0 0 0 1 0 0 0 0
0 0 -1 0 0 0 0 0 0 0 0 0 0 0 0 0 0 0 0 0 0 0 1 1 0 0 0 0
0 0 0 0 0 0 0 0 0 0 0 0 0 0 0 0 0 0 0 0 0 0 0 0 0 1 0 0
0 0 0 0 0 0 -1 1 1 0 0 0 0 0 0 0 0 0 0 0 0 0 0 0 1 -1 0 0
0 0 0 0 0 0 1 0 0 0 0 0 0 0 0 0 0 0 0 0 0 0 0 0 -1 0 0 0
0 0 0 0 0 0 0 0 0 0 -1 0 0 0 0 0 1 0 0 0 0 0 0 -1 0 0 0 0
1 0 0 0 0 0 0 0 0 0 -2 -1 0 0 0 0 1 0 0 0 0 0 1 0 0 0 0 0
0 0 0 0 0 0 0 0 0 0 0 0 0 0 0 0 0 0 0 0 0 0 0 0 1 -1 0 0
2 0 0 0 0 0 0 0 0 0 -2 -1 0 0 0 0 0 0 0 0 0 0 1 1 0 0 0 0
0 0 0 0 0 0 1 -1 0 0 0 0 0 0 0 0 0 0 0 0 0 0 0 0 -1 1 0 0
0 0 0 0 0 0 0 -1 -1 0 0 0 1 0 0 0 0 0 0 0 0 0 0 0 -1 1 0 0
0 0 0 0 0 0 0 0 0 0 -2 0 0 1 0 0 0 0 0 0 0 0 0 0 0 0 0 0
0 0 0 0 0 0 0 0 0 0 0 -1 0 0 1 0 0 0 0 0 0 0 0 0 0 0 0 0
0 0 0 0 0 0 0 -1 -1 0 0 0 0 0 0 1 0 0 0 0 0 0 0 0 -1 1 0 0
0 0 0 0 0 0 0 0 0 0 -2 -1 0 0 0 0 2 0 0 0 0 0 0 0 0 0 0 0
0 0 0 0 0 0 0 -1 -1 0 0 0 0 0 0 0 0 1 0 0 0 0 0 0 -1 1 0 0
0 0 0 0 0 0 0 0 0 0 -2 -1 0 0 0 0 0 0 1 0 0 0 0 0 0 0 0 0
0 0 0 0 0 0 0 -1 -1 0 0 0 0 0 0 0 0 0 0 1 0 0 0 0 -1 1 0 0
1 1 0 0 0 0 0 0 0 0 -2 -1 0 0 0 0 0 0 0 0 0 0 1 1 0 0 0 0
0 0 0 0 0 0 0 0 0 0 -2 -1 0 0 0 0 0 0 0 0 1 1 1 1 0 0 0 0
0 0 -1 0 -1 0 0 0 0 0 0 0 0 0 0 0 0 0 0 0 0 0 2 0 0 0 0 0
-2 0 0 0 -1 1 0 0 0 0 2 1 0 0 0 0 0 0 0 0 0 0 0 -2 0 0 0 0
2 0 0 1 1 0 0 0 0 0 -2 -1 0 0 0 0 0 0 0 0 0 0 0 0 0 0 0 0
0 0 0 0 0 0 1 -1 -1 1 0 0 0 0 0 0 0 0 0 0 0 0 0 0 -2 2 0 0
0 0 0 0 0 0 0 -1 -1 0 0 0 0 0 0 0 0 0 0 0 0 0 0 0 0 1 1 0
0 0 0 0 0 0 0 -1 -1 0 0 0 0 0 0 0 0 0 0 0 0 0 0 0 -1 2 0 1

1 0 0 0 0 0 0 0 0 0 0 0 0 0 0 0 0 0 0 0 0 0
0 1 0 0 0 0 0 0 0 0 0 0 0 0 0 0 0 0 0 0 0 0
0 0 1 0 0 0 0 0 0 0 0 0 0 0 0 0 0 0 0 0 0 0
0 0 0 1 0 0 0 0 0 0 0 0 0 0 0 0 0 0 0 0 0 0
0 0 0 0 1 0 0 0 0 0 0 0 0 0 0 0 0 0 0 0 0 0
0 0 0 0 0 1 0 0 0 0 0 0 0 0 0 0 0 0 0 0 0 0
0 0 0 0 0 0 1 0 0 0 0 0 0 0 0 0 0 0 0 0 0 0
0 0 0 0 0 0 0 1 0 0 0 0 0 0 0 0 0 0 0 0 0 0
0 0 0 0 0 0 0 0 1 0 0 0 0 0 0 0 0 0 0 0 0 0
0 0 0 0 0 0 0 0 0 1 0 0 0 0 0 0 0 0 0 0 0 0
0 0 0 0 0 0 0 0 0 0 2 0 0 0 0 0 0 0 0 0 0 0
0 0 0 0 0 0 0 0 0 0 0 2 0 0 0 0 0 0 0 0 0 0
0 0 0 0 0 0 0 0 0 0 0 0 0 0 0 0 0 0 0 0 0 0
0 0 0 0 0 0 0 0 0 0 0 0 0 0 0 0 0 0 0 0 0 0
0 0 0 0 0 0 0 0 0 0 0 0 0 0 0 0 0 0 0 0 0 0
0 0 0 0 0 0 0 0 0 0 0 0 0 0 0 0 0 0 0 0 0 0
0 0 0 0 0 0 0 0 0 0 0 0 0 0 0 0 0 0 0 0 0 0
0 0 0 0 0 0 0 0 0 0 0 0 0 0 0 0 0 0 0 0 0 0
0 0 0 0 0 0 0 0 0 0 0 0 0 0 0 0 0 0 0 0 0 0
0 0 0 0 0 0 0 0 0 0 0 0 0 0 0 0 0 0 0 0 0 0
0 0 0 0 0 0 0 0 0 0 0 0 0 0 0 0 0 0 0 0 0 0
0 0 0 0 0 0 0 0 0 0 0 0 0 0 0 0 0 0 0 0 0 0
0 0 0 0 0 0 0 0 0 0 0 0 0 0 0 0 0 0 0 0 0 0
0 0 0 0 0 0 0 0 0 0 0 0 0 0 0 0 0 0 0 0 0 0
0 0 0 0 0 0 0 0 0 0 0 0 0 0 0 0 0 0 0 0 0 0
0 0 0 0 0 0 0 0 0 0 0 0 0 0 0 0 0 0 0 0 0 0
0 0 0 0 0 0 0 0 0 0 0 0 0 0 0 0 0 0 0 0 0 0
0 0 0 0 0 0 0 0 0 0 0 0 0 0 0 0 0 0 0 0 0 0

1 -1 0 0 0 0 0 0 0 0 0 0 -1 0 0 0 0 0 -1 0 0 -1
0 0 0 0 0 0 0 0 0 0 -1 0 -1 0 0 0 0 0 -1 0 0 -1
0 -1 1 -1 0 0 0 0 0 0 -2 0 -1 0 0 0 0 0 -1 -1 0 -1
0 -1 0 0 0 0 0 0 0 0 -1 0 -1 0 0 0 0 0 -1 -1 0 -1
0 0 0 0 1 0 0 0 0 0 0 -1 0 -1 -1 0 -1 0 0 0 -2 0
0 0 0 0 0 1 0 0 0 0 0 0 0 -1 -1 0 -1 0 0 0 -2 0
0 0 0 0 0 0 1 0 0 0 0 -1 0 1 0 0 0 0 0 0 0 0
0 0 0 0 0 0 0 0 0 0 0 0 0 1 0 0 0 0 0 0 0 0
0 1 0 1 0 0 0 0 0 0 1 0 0 0 0 0 0 0 0 2 0 0
0 0 0 0 0 0 0 1 0 0 0 0 2 0 0 0 0 -1 0 0 0 0
0 0 0 0 0 0 0 0 0 0 0 0 0 0 0 0 0 1 0 0 0 0
0 0 0 0 0 0 0 0 1 0 -1 0 1 0 0 0 0 0 0 0 0 0
0 0 0 0 0 0 0 0 0 0 0 0 1 0 0 0 0 0 0 0 0 0
0 0 0 0 0 0 0 0 0 1 0 0 0 0 1 -1 1 0 0 0 0 0
0 0 0 0 0 0 0 0 0 0 0 0 0 0 1 0 0 0 0 0 0 0
0 0 0 0 0 0 0 0 0 0 0 0 0 0 0 1 0 0 0 0 0 0
0 0 0 0 0 0 0 0 0 0 0 0 0 0 0 0 1 0 0 0 0 0
0 0 0 0 0 0 0 0 0 0 1 0 0 0 0 0 0 0 1 0 0 0
0 0 0 0 0 0 0 0 0 0 0 0 0 0 0 0 0 0 1 0 0 0
0 0 0 0 0 0 0 0 0 0 0 1 0 0 0 0 0 0 0 0 1 0
0 0 0 0 0 0 0 0 0 0 0 0 0 0 0 0 0 0 0 0 1 0
0 1 0 0 0 0 0 0 0 0 1 0 0 0 0 0 0 0 0 0 0 2
