GM:(0,0,0)  F:(0,1/2,1)  L:(-1/2,1/2,1/2)  T:(0,0,3/2)
GM:(0,0,0)  F:(0,1/2,1)  L:(-1/2,1/2,1/2)  T:(0,0,3/2)
GM3  GM1  GM2  GM6  GM4  GM5  F1  F2  F3  F4  L1  L2  L3  L4  T3  T1  T2  T6  T4  T5
2 1 1 2 1 1 1 1 1 1 1 1 1 1 2 1 1 2 1 1
6a (3,3) 1E 2 1,6a (3,3) 2E 2 1,6a (3,3) A1 2 1,6a (3,3) 1E 2 1,6a (3,3) 2E 2 1,6a (3,3) E 2 1
1 0 0 0 0 0 1 1 0 0 1 1 0 0 1 0 0 0 0 0
1 0 0 0 0 0 1 1 0 0 1 1 0 0 1 0 0 0 0 0
0 1 1 0 0 0 1 1 0 0 1 1 0 0 0 1 1 0 0 0
0 0 0 1 0 0 0 0 1 1 0 0 1 1 0 0 0 1 0 0
0 0 0 1 0 0 0 0 1 1 0 0 1 1 0 0 0 1 0 0
0 0 0 0 1 1 0 0 1 1 0 0 1 1 0 0 0 0 1 1

1 0 0 0 0 0 0 0 0 0 0 0 0 0 0 0 0 0 0 0
0 1 0 0 0 0 0 0 0 0 0 0 0 0 0 0 0 0 0 0
0 0 0 1 0 0 0 0 0 0 0 0 0 0 0 0 0 0 0 0
0 0 0 0 1 0 0 0 0 0 0 0 0 0 0 0 0 0 0 0
0 -1 1 0 0 0 0 0 0 0 0 0 0 0 0 0 0 0 0 0
0 0 0 0 -1 1 0 0 0 0 0 0 0 0 0 0 0 0 0 0
-1 -1 0 0 0 0 1 0 0 0 0 0 0 0 0 0 0 0 0 0
-1 -1 0 0 0 0 0 1 0 0 0 0 0 0 0 0 0 0 0 0
0 0 0 -1 -1 0 0 0 1 0 0 0 0 0 0 0 0 0 0 0
0 0 0 -1 -1 0 0 0 0 1 0 0 0 0 0 0 0 0 0 0
-1 -1 0 0 0 0 0 0 0 0 1 0 0 0 0 0 0 0 0 0
-1 -1 0 0 0 0 0 0 0 0 0 1 0 0 0 0 0 0 0 0
0 0 0 -1 -1 0 0 0 0 0 0 0 1 0 0 0 0 0 0 0
0 0 0 -1 -1 0 0 0 0 0 0 0 0 1 0 0 0 0 0 0
-1 0 0 0 0 0 0 0 0 0 0 0 0 0 1 0 0 0 0 0
0 -1 0 0 0 0 0 0 0 0 0 0 0 0 0 1 0 0 0 0
0 -1 0 0 0 0 0 0 0 0 0 0 0 0 0 0 1 0 0 0
0 0 0 -1 0 0 0 0 0 0 0 0 0 0 0 0 0 1 0 0
0 0 0 0 -1 0 0 0 0 0 0 0 0 0 0 0 0 0 1 0
0 0 0 0 -1 0 0 0 0 0 0 0 0 0 0 0 0 0 0 1

1 0 0 0 0 0
0 1 0 0 0 0
0 0 1 0 0 0
0 0 0 1 0 0
0 0 0 0 0 0
0 0 0 0 0 0
0 0 0 0 0 0
0 0 0 0 0 0
0 0 0 0 0 0
0 0 0 0 0 0
0 0 0 0 0 0
0 0 0 0 0 0
0 0 0 0 0 0
0 0 0 0 0 0
0 0 0 0 0 0
0 0 0 0 0 0
0 0 0 0 0 0
0 0 0 0 0 0
0 0 0 0 0 0
0 0 0 0 0 0

1 0 0 0 0 -1
0 0 0 0 0 1
0 1 0 0 0 0
0 0 1 0 -1 0
0 0 0 0 1 0
0 0 0 1 0 0
