GM:(0,0,0)  A:(1/2,0,1/2)  B:(0,0,1/2)  C:(1/2,1/2,0)  D:(0,1/2,1/2)  E:(1/2,1/2,1/2)  Y:(1/2,0,0)  Z:(0,1/2,0)
GM:(0,0,0)  U:(1/2,0,1/2)  Z:(0,0,1/2)  V:(1/2,1/2,0)  T:(0,1/2,1/2)  R:(1/2,1/2,1/2)  X:(1/2,0,0)  Y:(0,1/2,0)
GM1  GM2  (A)U1  (A)U2  (B)Z1  (B)Z2  (C)V1  (C)V2  (D)T1  (D)T2  (E)R1  (E)R2  (Y)X1  (Y)X2  (Z)Y1  (Z)Y2
1 1 1 1 1 1 1 1 1 1 1 1 1 1 1 1
1a (m',1) A 1 1;1a (m',1) A 1 1;1b (m',1) A 1 1;1b (m',1) A 1 1
1 0 1 0 1 0 1 0 1 0 1 0 1 0 1 0
0 1 0 1 0 1 0 1 0 1 0 1 0 1 0 1
1 0 1 0 1 0 1 0 1 0 1 0 1 0 1 0
0 1 0 1 0 1 0 1 0 1 0 1 0 1 0 1

1 0 0 0 0 0 0 0 0 0 0 0 0 0 0 0
0 1 0 0 0 0 0 0 0 0 0 0 0 0 0 0
-1 0 1 0 0 0 0 0 0 0 0 0 0 0 0 0
0 -1 0 1 0 0 0 0 0 0 0 0 0 0 0 0
-1 0 0 0 1 0 0 0 0 0 0 0 0 0 0 0
0 -1 0 0 0 1 0 0 0 0 0 0 0 0 0 0
-1 0 0 0 0 0 1 0 0 0 0 0 0 0 0 0
0 -1 0 0 0 0 0 1 0 0 0 0 0 0 0 0
-1 0 0 0 0 0 0 0 1 0 0 0 0 0 0 0
0 -1 0 0 0 0 0 0 0 1 0 0 0 0 0 0
-1 0 0 0 0 0 0 0 0 0 1 0 0 0 0 0
0 -1 0 0 0 0 0 0 0 0 0 1 0 0 0 0
-1 0 0 0 0 0 0 0 0 0 0 0 1 0 0 0
0 -1 0 0 0 0 0 0 0 0 0 0 0 1 0 0
-1 0 0 0 0 0 0 0 0 0 0 0 0 0 1 0
0 -1 0 0 0 0 0 0 0 0 0 0 0 0 0 1

1 0 0 0
0 1 0 0
0 0 0 0
0 0 0 0
0 0 0 0
0 0 0 0
0 0 0 0
0 0 0 0
0 0 0 0
0 0 0 0
0 0 0 0
0 0 0 0
0 0 0 0
0 0 0 0
0 0 0 0
0 0 0 0

1 0 -1 0
0 1 0 -1
0 0 1 0
0 0 0 1
