GM:(0,0,0)  A:(0,0,1/2)  L:(1/2,1/2,1/2)  LA:(1/2,-1/2,1/2)  M:(0,1,1/2)  V:(1/2,1/2,0)  VA:(1/2,-1/2,0)  Y:(0,1,0)
GM:(0,0,0)  Z:(0,0,1/2)  U:(1/2,0,1/2)  T:(0,1/2,1/2)  R:(1/2,1/2,1/2)  X:(1/2,0,0)  Y:(0,1/2,0)  V:(1/2,1/2,0)
GM1+  GM1-  GM3  GM2  (A)Z1-Z1+  (A)Z2Z3  (L)U1+  (L)U1-  (L)U2  (L)U3  (LA)T1-  (LA)T1+  (LA)T2  (LA)T3  (M)R1-R1+  (M)R2R3  (V)X1+  (V)X1-  (V)X3  (V)X2  (VA)Y1+  (VA)Y1-  (VA)Y3  (VA)Y2  (Y)V1+  (Y)V1-  (Y)V3  (Y)V2
1 1 1 1 2 2 1 1 1 1 1 1 1 1 2 2 1 1 1 1 1 1 1 1 1 1 1 1
4a (1,1) Ag 2 1,4a (1,1) Au 2 1,4a (1,1) Ag 2 1,4a (1,1) Au 2 1,4b (1,1) Ag 2 1,4b (1,1) Au 2 1,4b (1,1) Ag 2 1,4b (1,1) Au 2 1,4c (1,1) Ag 2 1,4c (1,1) Au 2 1,4c (1,1) Ag 2 1,4c (1,1) Au 2 1,4d (1,1) Ag 2 1,4d (1,1) Au 2 1,4d (1,1) Ag 2 1,4d (1,1) Au 2 1,4e (2',1) A 2 1,4e (2',1) A 2 1
2 0 0 0 1 0 1 1 0 0 1 1 0 0 1 0 2 0 0 0 2 0 0 0 2 0 0 0
0 2 0 0 1 0 1 1 0 0 1 1 0 0 1 0 0 2 0 0 0 2 0 0 0 2 0 0
0 0 2 0 0 1 0 0 1 1 0 0 1 1 0 1 0 0 2 0 0 0 2 0 0 0 2 0
0 0 0 2 0 1 0 0 1 1 0 0 1 1 0 1 0 0 0 2 0 0 0 2 0 0 0 2
2 0 0 0 1 0 1 1 0 0 1 1 0 0 1 0 0 2 0 0 0 2 0 0 2 0 0 0
0 2 0 0 1 0 1 1 0 0 1 1 0 0 1 0 2 0 0 0 2 0 0 0 0 2 0 0
0 0 2 0 0 1 0 0 1 1 0 0 1 1 0 1 0 0 0 2 0 0 0 2 0 0 2 0
0 0 0 2 0 1 0 0 1 1 0 0 1 1 0 1 0 0 2 0 0 0 2 0 0 0 0 2
2 0 0 0 1 0 0 2 0 0 0 2 0 0 1 0 1 1 0 0 1 1 0 0 0 2 0 0
0 2 0 0 1 0 2 0 0 0 2 0 0 0 1 0 1 1 0 0 1 1 0 0 2 0 0 0
0 0 2 0 0 1 0 0 2 0 0 0 0 2 0 1 0 0 1 1 0 0 1 1 0 0 0 2
0 0 0 2 0 1 0 0 0 2 0 0 2 0 0 1 0 0 1 1 0 0 1 1 0 0 2 0
2 0 0 0 1 0 2 0 0 0 2 0 0 0 1 0 1 1 0 0 1 1 0 0 0 2 0 0
0 2 0 0 1 0 0 2 0 0 0 2 0 0 1 0 1 1 0 0 1 1 0 0 2 0 0 0
0 0 2 0 0 1 0 0 0 2 0 0 2 0 0 1 0 0 1 1 0 0 1 1 0 0 0 2
0 0 0 2 0 1 0 0 2 0 0 0 0 2 0 1 0 0 1 1 0 0 1 1 0 0 2 0
1 1 0 0 1 0 1 1 0 0 1 1 0 0 1 0 1 1 0 0 1 1 0 0 1 1 0 0
0 0 1 1 0 1 0 0 1 1 0 0 1 1 0 1 0 0 1 1 0 0 1 1 0 0 1 1

0 0 0 0 0 0 1 0 0 0 0 0 0 0 0 0 0 0 0 0 0 0 0 0 0 0 0 0
0 1 0 0 0 0 0 0 0 0 0 0 0 0 0 0 0 0 0 0 0 0 0 0 0 0 0 0
0 0 1 1 0 0 0 0 -1 0 0 0 0 0 0 0 0 0 0 0 0 0 0 0 0 0 0 0
0 0 0 1 0 0 0 0 0 0 0 0 0 0 0 0 0 0 0 0 0 0 0 0 0 0 0 0
0 0 1 0 0 1 0 0 -1 0 0 0 0 0 0 0 0 0 0 0 0 0 0 0 0 0 -1 0
0 0 1 0 0 1 0 0 -1 0 0 0 0 0 0 0 1 0 0 0 0 0 0 0 -1 0 -1 0
0 -1 1 0 1 1 1 0 -1 0 0 0 0 0 0 0 1 0 1 0 0 0 0 0 -2 0 -2 0
0 0 1 0 0 1 0 0 -1 0 0 0 0 0 0 0 0 0 1 0 0 0 0 0 0 0 -2 0
0 -1 -2 0 0 -2 2 0 2 0 0 0 0 0 0 0 0 0 2 0 0 0 0 0 -1 0 0 0
0 0 0 1 0 -2 0 0 0 0 0 0 0 0 0 0 0 0 2 0 0 0 0 0 0 0 -1 0
0 0 0 0 0 0 -1 0 0 0 1 0 0 0 0 0 0 0 0 0 0 0 0 0 0 0 0 0
-1 -1 0 0 0 0 1 0 0 0 0 1 0 0 0 0 0 0 0 0 0 0 0 0 0 0 0 0
0 0 -1 -1 0 0 0 0 1 0 0 0 1 0 0 0 0 0 0 0 0 0 0 0 0 0 0 0
0 0 0 0 0 0 0 0 -1 0 0 0 0 1 0 0 0 0 0 0 0 0 0 0 0 0 0 0
-1 -1 0 0 1 0 0 0 0 0 0 0 0 0 1 0 0 0 0 0 0 0 0 0 0 0 0 0
0 0 -1 -1 0 1 0 0 0 0 0 0 0 0 0 1 0 0 0 0 0 0 0 0 0 0 0 0
-1 -1 0 0 2 0 0 0 0 0 0 0 0 0 0 0 0 0 0 0 0 0 0 0 0 0 0 0
-1 -1 0 0 0 0 0 0 0 0 0 0 0 0 0 0 1 1 0 0 0 0 0 0 0 0 0 0
0 0 -1 -1 0 2 0 0 0 0 0 0 0 0 0 0 0 0 0 0 0 0 0 0 0 0 0 0
0 0 -1 -1 0 0 0 0 0 0 0 0 0 0 0 0 0 0 1 1 0 0 0 0 0 0 0 0
0 0 0 0 0 0 0 0 0 0 0 0 0 0 0 0 -1 0 0 0 1 0 0 0 0 0 0 0
-1 -1 0 0 0 0 0 0 0 0 0 0 0 0 0 0 1 0 0 0 0 1 0 0 0 0 0 0
0 0 0 0 0 0 0 0 0 0 0 0 0 0 0 0 0 0 -1 0 0 0 1 0 0 0 0 0
0 0 -1 -1 0 0 0 0 0 0 0 0 0 0 0 0 0 0 1 0 0 0 0 1 0 0 0 0
-1 -1 0 0 0 0 1 1 0 0 0 0 0 0 0 0 0 0 0 0 0 0 0 0 0 0 0 0
-1 -1 0 0 0 0 0 0 0 0 0 0 0 0 0 0 0 0 0 0 0 0 0 0 1 1 0 0
0 0 -1 -1 0 0 0 0 1 1 0 0 0 0 0 0 0 0 0 0 0 0 0 0 0 0 0 0
0 0 -1 -1 0 0 0 0 0 0 0 0 0 0 0 0 0 0 0 0 0 0 0 0 0 0 1 1

1 0 0 0 0 0 0 0 0 0 0 0 0 0 0 0 0 0
0 1 0 0 0 0 0 0 0 0 0 0 0 0 0 0 0 0
0 0 1 0 0 0 0 0 0 0 0 0 0 0 0 0 0 0
0 0 0 1 0 0 0 0 0 0 0 0 0 0 0 0 0 0
0 0 0 0 1 0 0 0 0 0 0 0 0 0 0 0 0 0
0 0 0 0 0 1 0 0 0 0 0 0 0 0 0 0 0 0
0 0 0 0 0 0 2 0 0 0 0 0 0 0 0 0 0 0
0 0 0 0 0 0 0 2 0 0 0 0 0 0 0 0 0 0
0 0 0 0 0 0 0 0 4 0 0 0 0 0 0 0 0 0
0 0 0 0 0 0 0 0 0 4 0 0 0 0 0 0 0 0
0 0 0 0 0 0 0 0 0 0 0 0 0 0 0 0 0 0
0 0 0 0 0 0 0 0 0 0 0 0 0 0 0 0 0 0
0 0 0 0 0 0 0 0 0 0 0 0 0 0 0 0 0 0
0 0 0 0 0 0 0 0 0 0 0 0 0 0 0 0 0 0
0 0 0 0 0 0 0 0 0 0 0 0 0 0 0 0 0 0
0 0 0 0 0 0 0 0 0 0 0 0 0 0 0 0 0 0
0 0 0 0 0 0 0 0 0 0 0 0 0 0 0 0 0 0
0 0 0 0 0 0 0 0 0 0 0 0 0 0 0 0 0 0
0 0 0 0 0 0 0 0 0 0 0 0 0 0 0 0 0 0
0 0 0 0 0 0 0 0 0 0 0 0 0 0 0 0 0 0
0 0 0 0 0 0 0 0 0 0 0 0 0 0 0 0 0 0
0 0 0 0 0 0 0 0 0 0 0 0 0 0 0 0 0 0
0 0 0 0 0 0 0 0 0 0 0 0 0 0 0 0 0 0
0 0 0 0 0 0 0 0 0 0 0 0 0 0 0 0 0 0
0 0 0 0 0 0 0 0 0 0 0 0 0 0 0 0 0 0
0 0 0 0 0 0 0 0 0 0 0 0 0 0 0 0 0 0
0 0 0 0 0 0 0 0 0 0 0 0 0 0 0 0 0 0
0 0 0 0 0 0 0 0 0 0 0 0 0 0 0 0 0 0

1 -1 0 0 -2 1 -1 2 -1 0 0 0 -1 -1 -1 0 -1 0
0 0 0 0 0 0 0 0 0 0 0 0 -1 -1 -1 0 -1 0
0 0 1 -1 -2 0 0 2 0 -1 -1 -1 0 0 0 -1 0 -1
0 0 0 0 0 0 0 0 0 0 -1 -1 0 0 0 -1 0 -1
0 0 0 0 0 -1 1 0 -1 0 0 0 1 0 0 0 0 0
0 0 0 0 0 0 0 0 0 0 0 0 1 0 0 0 0 0
0 0 0 0 0 0 0 0 0 -1 1 0 0 0 0 0 0 0
0 0 0 0 0 0 0 0 0 0 1 0 0 0 0 0 0 0
0 0 0 0 -2 -1 2 1 -3 0 0 0 0 0 1 0 0 0
0 0 0 0 0 0 0 0 0 0 0 0 0 0 1 0 0 0
0 0 0 0 -2 0 0 3 0 -3 0 1 0 0 0 0 0 0
0 0 0 0 0 0 0 0 0 0 0 1 0 0 0 0 0 0
0 0 0 0 1 0 0 -1 1 0 0 0 0 1 0 0 0 0
0 0 0 0 0 0 0 0 0 0 0 0 0 1 0 0 0 0
0 0 0 0 1 0 0 -1 0 1 0 0 0 0 0 1 0 0
0 0 0 0 0 0 0 0 0 0 0 0 0 0 0 1 0 0
0 1 0 0 0 0 0 0 0 0 0 0 0 0 0 0 2 0
0 0 0 1 0 0 0 0 0 0 0 0 0 0 0 0 0 2
