GM:(0,0,0)  R:(1/2,1/2,1/2)  S:(1/2,1/2,0)  T:(0,1/2,1/2)  U:(1/2,0,1/2)  X:(1/2,0,0)  Y:(0,1/2,0)  Z:(0,0,1/2)
GM:(0,0,0)  E:(1/2,1/2,1/2)  D:(0,1/2,1/2)  C:(1/2,1/2,0)  A:(1/2,0,1/2)  B:(0,0,1/2)  Z:(0,1/2,0)  Y:(1/2,0,0)
GM1  GM2  GM3  GM4  (R)E1E2  (R)E3E4  (S)D1D2  (S)D3D4  (T)C1C2  (T)C3C4  (U)A1A1  (U)A2A2  (U)A3A3  (U)A4A4  (X)B1  (X)B2  (X)B3  (X)B4  (Y)Z1Z2  (Y)Z3Z4  (Z)Y1Y1  (Z)Y2Y2  (Z)Y3Y3  (Z)Y4Y4
1 1 1 1 2 2 2 2 2 2 2 2 2 2 1 1 1 1 2 2 2 2 2 2
4a (1,1) A 4 1,4a (1,1) A 4 1
2 2 0 0 2 0 2 0 2 0 1 1 0 0 2 2 0 0 2 0 1 1 0 0
0 0 2 2 0 2 0 2 0 2 0 0 1 1 0 0 2 2 0 2 0 0 1 1

0 0 0 0 0 0 0 0 0 0 0 0 0 0 0 0 0 0 0 0 0 1 0 0
0 0 0 0 0 0 0 0 0 0 0 0 0 0 0 0 0 0 0 0 0 0 0 1
-1 1 0 0 0 0 0 0 0 0 0 0 0 0 0 0 0 0 0 0 0 0 0 0
0 0 -1 1 0 0 0 0 0 0 0 0 0 0 0 0 0 0 0 0 0 0 0 0
-1 0 0 0 1 0 0 0 0 0 0 0 0 0 0 0 0 0 0 0 0 0 0 0
0 0 -1 0 0 1 0 0 0 0 0 0 0 0 0 0 0 0 0 0 0 0 0 0
-1 0 0 0 0 0 1 0 0 0 0 0 0 0 0 0 0 0 0 0 0 0 0 0
0 0 -1 0 0 0 0 1 0 0 0 0 0 0 0 0 0 0 0 0 0 0 0 0
-1 0 0 0 0 0 0 0 1 0 0 0 0 0 0 0 0 0 0 0 0 0 0 0
0 0 -1 0 0 0 0 0 0 1 0 0 0 0 0 0 0 0 0 0 0 0 0 0
-1 0 0 0 0 0 0 0 0 0 1 0 0 0 0 0 0 0 0 0 0 1 0 0
-1 0 0 0 0 0 0 0 0 0 0 1 0 0 0 0 0 0 0 0 0 1 0 0
0 0 -1 0 0 0 0 0 0 0 0 0 1 0 0 0 0 0 0 0 0 0 0 1
0 0 -1 0 0 0 0 0 0 0 0 0 0 1 0 0 0 0 0 0 0 0 0 1
-1 0 0 0 0 0 0 0 0 0 0 0 0 0 1 0 0 0 0 0 0 0 0 0
-1 0 0 0 0 0 0 0 0 0 0 0 0 0 0 1 0 0 0 0 0 0 0 0
0 0 -1 0 0 0 0 0 0 0 0 0 0 0 0 0 1 0 0 0 0 0 0 0
0 0 -1 0 0 0 0 0 0 0 0 0 0 0 0 0 0 1 0 0 0 0 0 0
-1 0 0 0 0 0 0 0 0 0 0 0 0 0 0 0 0 0 1 0 0 0 0 0
0 0 -1 0 0 0 0 0 0 0 0 0 0 0 0 0 0 0 0 1 0 0 0 0
-1 0 0 0 0 0 0 0 0 0 0 0 0 0 0 0 0 0 0 0 1 1 0 0
-1 0 0 0 0 0 0 0 0 0 0 0 0 0 0 0 0 0 0 0 0 2 0 0
0 0 -1 0 0 0 0 0 0 0 0 0 0 0 0 0 0 0 0 0 0 0 1 1
0 0 -1 0 0 0 0 0 0 0 0 0 0 0 0 0 0 0 0 0 0 0 0 2

1 0
0 1
0 0
0 0
0 0
0 0
0 0
0 0
0 0
0 0
0 0
0 0
0 0
0 0
0 0
0 0
0 0
0 0
0 0
0 0
0 0
0 0
0 0
0 0

1 0
0 1
