GM:(0,0,0)  A:(1/2,1/2,1/2)  M:(1/2,1/2,0)  R:(0,1/2,1/2)  X:(0,1/2,0)  Z:(0,0,1/2)
GM:(0,0,0)  A:(1/2,1/2,1/2)  M:(1/2,1/2,0)  R:(0,1/2,1/2)  X:(0,1/2,0)  Z:(0,0,1/2)
GM1  GM2  GM3  GM4  GM5  GM6  GM7  A5  A1A3  A2A4  A6A7  M5  M1M3  M2M4  M6M7  R1R3  R2R4  R5R5  X1X3  X2X4  X5X5  Z1  Z2  Z3  Z4  Z5  Z6  Z7
1 1 1 1 2 2 2 2 2 2 4 2 2 2 4 2 2 4 2 2 4 1 1 1 1 2 2 2
4a (2'2'2,2) A 4 1;4a (2'2'2,2) B 4 1;4a (2'2'2,2) 1E 4 1;4a (2'2'2,2) 2E 4 1;4b (4',2) A 4 1;4c (4,4) 1E 4 1;4c (4,4) 2E 4 1;4c (4,4) A 4 1;4c (4,4) B 4 1;4c (4,4) 1E1 4 1;4c (4,4) 1E2 4 1;4c (4,4) 2E1 4 1;4c (4,4) 2E2 4 1;8d (1',1) A 8 0
1 1 1 1 0 0 0 2 0 0 0 2 0 0 0 1 1 0 1 1 0 1 1 1 1 0 0 0
0 0 0 0 2 0 0 0 1 1 0 0 1 1 0 1 1 0 1 1 0 0 0 0 0 2 0 0
0 0 0 0 0 1 1 0 0 0 1 0 0 0 1 0 0 1 0 0 1 0 0 0 0 0 1 1
0 0 0 0 0 1 1 0 0 0 1 0 0 0 1 0 0 1 0 0 1 0 0 0 0 0 1 1
1 1 1 1 0 0 0 2 0 0 0 2 0 0 0 1 1 0 1 1 0 1 1 1 1 0 0 0
0 0 0 0 2 0 0 2 0 0 0 2 0 0 0 1 1 0 1 1 0 0 0 0 0 2 0 0
0 0 0 0 2 0 0 2 0 0 0 2 0 0 0 1 1 0 1 1 0 0 0 0 0 2 0 0
2 0 0 2 0 0 0 0 1 1 0 0 1 1 0 1 1 0 1 1 0 2 0 0 2 0 0 0
0 2 2 0 0 0 0 0 1 1 0 0 1 1 0 1 1 0 1 1 0 0 2 2 0 0 0 0
0 0 0 0 0 0 2 0 0 0 1 0 0 0 1 0 0 1 0 0 1 0 0 0 0 0 0 2
0 0 0 0 0 2 0 0 0 0 1 0 0 0 1 0 0 1 0 0 1 0 0 0 0 0 2 0
0 0 0 0 0 0 2 0 0 0 1 0 0 0 1 0 0 1 0 0 1 0 0 0 0 0 0 2
0 0 0 0 0 2 0 0 0 0 1 0 0 0 1 0 0 1 0 0 1 0 0 0 0 0 2 0
1 1 1 1 2 0 0 2 1 1 0 2 1 1 0 2 2 0 2 2 0 1 1 1 1 2 0 0

0 1 0 0 0 0 0 0 0 0 0 0 0 0 0 0 0 0 0 0 0 0 0 0 0 0 0 0
0 0 0 0 0 0 0 0 0 0 0 0 0 1 0 0 0 0 0 0 0 0 0 0 0 0 0 0
0 0 0 0 0 1 0 0 0 0 0 0 0 0 0 0 0 0 0 0 0 0 0 0 0 0 0 0
-1 -2 0 0 -1 0 0 1 0 0 0 0 0 1 0 0 0 0 0 1 0 0 0 0 0 0 0 0
0 0 0 0 0 -1 0 0 0 0 0 0 0 0 0 0 0 0 0 0 1 0 0 0 0 0 0 0
-1 1 0 0 0 -2 0 0 0 0 0 0 0 0 0 0 0 0 0 0 2 0 0 0 0 0 0 0
0 -1 1 0 0 0 0 0 0 0 0 0 0 0 0 0 0 0 0 0 0 0 0 0 0 0 0 0
-1 0 0 1 0 0 0 0 0 0 0 0 0 0 0 0 0 0 0 0 0 0 0 0 0 0 0 0
-1 -1 0 0 -1 0 0 1 1 0 0 0 0 1 0 0 0 0 0 0 0 0 0 0 0 0 0 0
-1 -1 0 0 -1 0 0 1 0 1 0 0 0 1 0 0 0 0 0 0 0 0 0 0 0 0 0 0
0 0 0 0 0 -1 -1 0 0 0 1 0 0 0 0 0 0 0 0 0 1 0 0 0 0 0 0 0
0 0 0 0 0 0 0 -1 0 0 0 1 0 0 0 0 0 0 0 0 0 0 0 0 0 0 0 0
-1 -1 0 0 -1 0 0 1 0 0 0 0 1 1 0 0 0 0 0 0 0 0 0 0 0 0 0 0
-1 -1 0 0 -1 0 0 1 0 0 0 0 0 2 0 0 0 0 0 0 0 0 0 0 0 0 0 0
0 0 0 0 0 -1 -1 0 0 0 0 0 0 0 1 0 0 0 0 0 1 0 0 0 0 0 0 0
-1 -1 0 0 -1 0 0 0 0 0 0 0 0 0 0 1 0 0 0 1 0 0 0 0 0 0 0 0
-1 -1 0 0 -1 0 0 0 0 0 0 0 0 0 0 0 1 0 0 1 0 0 0 0 0 0 0 0
0 0 0 0 0 -1 -1 0 0 0 0 0 0 0 0 0 0 1 0 0 1 0 0 0 0 0 0 0
-1 -1 0 0 -1 0 0 0 0 0 0 0 0 0 0 0 0 0 1 1 0 0 0 0 0 0 0 0
-1 -1 0 0 -1 0 0 0 0 0 0 0 0 0 0 0 0 0 0 2 0 0 0 0 0 0 0 0
0 0 0 0 0 -1 -1 0 0 0 0 0 0 0 0 0 0 0 0 0 2 0 0 0 0 0 0 0
-1 0 0 0 0 0 0 0 0 0 0 0 0 0 0 0 0 0 0 0 0 1 0 0 0 0 0 0
0 -1 0 0 0 0 0 0 0 0 0 0 0 0 0 0 0 0 0 0 0 0 1 0 0 0 0 0
0 -1 0 0 0 0 0 0 0 0 0 0 0 0 0 0 0 0 0 0 0 0 0 1 0 0 0 0
-1 0 0 0 0 0 0 0 0 0 0 0 0 0 0 0 0 0 0 0 0 0 0 0 1 0 0 0
0 0 0 0 -1 0 0 0 0 0 0 0 0 0 0 0 0 0 0 0 0 0 0 0 0 1 0 0
0 0 0 0 0 -1 0 0 0 0 0 0 0 0 0 0 0 0 0 0 0 0 0 0 0 0 1 0
0 0 0 0 0 0 -1 0 0 0 0 0 0 0 0 0 0 0 0 0 0 0 0 0 0 0 0 1

1 0 0 0 0 0 0 0 0 0 0 0 0 0
0 1 0 0 0 0 0 0 0 0 0 0 0 0
0 0 1 0 0 0 0 0 0 0 0 0 0 0
0 0 0 1 0 0 0 0 0 0 0 0 0 0
0 0 0 0 1 0 0 0 0 0 0 0 0 0
0 0 0 0 0 2 0 0 0 0 0 0 0 0
0 0 0 0 0 0 0 0 0 0 0 0 0 0
0 0 0 0 0 0 0 0 0 0 0 0 0 0
0 0 0 0 0 0 0 0 0 0 0 0 0 0
0 0 0 0 0 0 0 0 0 0 0 0 0 0
0 0 0 0 0 0 0 0 0 0 0 0 0 0
0 0 0 0 0 0 0 0 0 0 0 0 0 0
0 0 0 0 0 0 0 0 0 0 0 0 0 0
0 0 0 0 0 0 0 0 0 0 0 0 0 0
0 0 0 0 0 0 0 0 0 0 0 0 0 0
0 0 0 0 0 0 0 0 0 0 0 0 0 0
0 0 0 0 0 0 0 0 0 0 0 0 0 0
0 0 0 0 0 0 0 0 0 0 0 0 0 0
0 0 0 0 0 0 0 0 0 0 0 0 0 0
0 0 0 0 0 0 0 0 0 0 0 0 0 0
0 0 0 0 0 0 0 0 0 0 0 0 0 0
0 0 0 0 0 0 0 0 0 0 0 0 0 0
0 0 0 0 0 0 0 0 0 0 0 0 0 0
0 0 0 0 0 0 0 0 0 0 0 0 0 0
0 0 0 0 0 0 0 0 0 0 0 0 0 0
0 0 0 0 0 0 0 0 0 0 0 0 0 0
0 0 0 0 0 0 0 0 0 0 0 0 0 0
0 0 0 0 0 0 0 0 0 0 0 0 0 0

1 0 0 0 0 0 0 -1 -2 0 0 0 0 -1
0 1 0 0 -1 1 0 0 -2 0 0 0 0 -1
0 0 1 0 0 0 0 0 0 -1 -2 0 -2 0
0 0 0 0 0 0 0 0 0 1 0 0 0 0
0 0 0 0 0 0 0 1 0 0 0 0 0 0
0 0 0 1 0 0 -1 0 2 0 0 0 0 0
0 0 0 0 0 0 1 0 0 0 0 0 0 0
0 0 0 0 1 -1 0 0 1 0 0 0 0 0
0 0 0 0 0 0 0 0 1 0 0 0 0 0
0 0 0 0 1 0 0 0 0 0 1 -1 1 0
0 0 0 0 0 0 0 0 0 0 1 0 0 0
0 0 0 0 0 0 0 0 0 0 0 1 0 0
0 0 0 0 0 0 0 0 0 0 0 0 1 0
0 0 0 0 0 0 0 0 0 0 0 0 0 1
