GM:(0,0,0)  F:(0,1/2,1)  L:(-1/2,1/2,1/2)  T:(0,0,3/2)
GM:(0,0,0)  F:(0,1/2,1)  L:(-1/2,1/2,1/2)  T:(0,0,3/2)
GM3  GM1  GM2  GM6  GM4GM5  F1  F2  F3F4  L1L2  L3L3  L4L4  T3T3  T1T2  T6T6  T4T4  T5T5
2 1 1 2 2 1 1 2 2 2 2 4 2 4 2 2
6a (31',3) 1E2E 4 1;6a (31',3) A1 2 1;6a (31',3) 1E2E 4 1;6a (31',3) EE 4 1
2 0 0 0 0 2 2 0 2 0 0 1 0 0 0 0
0 1 1 0 0 1 1 0 1 0 0 0 1 0 0 0
0 0 0 2 0 0 0 2 0 1 1 0 0 1 0 0
0 0 0 0 2 0 0 2 0 1 1 0 0 0 1 1

0 0 0 0 0 0 0 0 0 0 0 1 0 0 0 0
0 1 0 0 0 0 0 0 0 0 0 0 0 0 0 0
0 0 0 0 0 0 0 0 0 0 0 0 0 1 0 0
0 0 0 0 0 0 0 0 0 0 0 0 0 0 0 1
0 -1 1 0 0 0 0 0 0 0 0 0 0 0 0 0
-1 -1 0 0 0 1 0 0 0 0 0 0 0 0 0 0
-1 -1 0 0 0 0 1 0 0 0 0 0 0 0 0 0
0 0 0 -1 -1 0 0 1 0 0 0 0 0 0 0 0
-1 -1 0 0 0 0 0 0 1 0 0 0 0 0 0 0
0 0 0 -1 -1 0 0 0 0 1 0 0 0 1 0 1
0 0 0 -1 -1 0 0 0 0 0 1 0 0 1 0 1
-1 0 0 0 0 0 0 0 0 0 0 2 0 0 0 0
0 -1 0 0 0 0 0 0 0 0 0 0 1 0 0 0
0 0 0 -1 0 0 0 0 0 0 0 0 0 2 0 0
0 0 0 0 -1 0 0 0 0 0 0 0 0 0 1 1
0 0 0 0 -1 0 0 0 0 0 0 0 0 0 0 2

1 0 0 0
0 1 0 0
0 0 1 0
0 0 0 1
0 0 0 0
0 0 0 0
0 0 0 0
0 0 0 0
0 0 0 0
0 0 0 0
0 0 0 0
0 0 0 0
0 0 0 0
0 0 0 0
0 0 0 0
0 0 0 0

1 0 0 0
0 1 0 0
0 0 1 0
0 0 0 1
