GM:(0,0,0)  M:(1/2,1/2,0)  R:(1/2,1/2,1/2)  X:(0,1/2,0)
GM:(0,0,0)  M:(1/2,1/2,0)  R:(1/2,1/2,1/2)  X:(0,1/2,0)
GM2GM3  GM1  GM4  GM6GM7  GM5  M1M2  M3M4  M5M5  R2R3  R1  R4  R6R7  R5  X1X4  X2X3  X5X5
2 1 3 4 2 2 2 4 2 1 3 4 2 2 2 4
2a (23,23) 1E 2 1,2a (23,23) 2E 2 1,2a (23,23) A 2 1,2a (23,23) T 6 1,2a (23,23) 1F 4 1,2a (23,23) 2F 4 1,2a (23,23) E 4 1,4b (3',3) A1 4 1,4c (3',3) A1 4 1,6d (222,222) A1 6 1,6d (222,222) B1 6 1,6d (222,222) B2 6 1,6d (222,222) B3 6 1
1 0 0 0 0 1 0 0 1 0 0 0 0 1 0 0
1 0 0 0 0 1 0 0 1 0 0 0 0 1 0 0
0 2 0 0 0 1 0 0 0 2 0 0 0 1 0 0
0 0 2 0 0 1 2 0 0 0 2 0 0 1 2 0
0 0 0 1 0 0 0 1 0 0 0 1 0 0 0 1
0 0 0 1 0 0 0 1 0 0 0 1 0 0 0 1
0 0 0 0 2 0 0 1 0 0 0 0 2 0 0 1
0 1 1 0 0 1 1 0 0 1 1 0 0 1 1 0
0 1 1 0 0 1 1 0 0 1 1 0 0 1 1 0
2 2 0 0 0 1 2 0 0 0 2 0 0 3 0 0
0 0 2 0 0 1 2 0 0 0 2 0 0 1 2 0
0 0 2 0 0 1 2 0 0 0 2 0 0 1 2 0
0 0 2 0 0 3 0 0 2 2 0 0 0 1 2 0

-1 -1 -1 0 0 1 0 0 0 0 0 0 0 1 0 0
-1 0 0 0 0 0 0 0 0 0 0 0 0 1 0 0
0 0 1 0 0 0 0 0 0 0 0 0 0 0 0 0
0 0 0 1 0 0 0 0 0 0 0 0 0 0 0 0
0 0 0 -1 0 0 0 0 0 0 0 0 0 0 0 1
0 0 0 0 0 -1 0 0 0 0 0 0 0 1 0 0
-2 -1 -2 0 0 1 1 0 0 0 0 0 0 1 0 0
0 0 0 -2 -1 0 0 1 0 0 0 0 0 0 0 1
-1 0 0 0 0 -1 0 0 1 0 0 0 0 1 0 0
0 -1 0 0 0 -1 0 0 0 1 0 0 0 1 0 0
-2 -1 -2 0 0 1 0 0 0 0 1 0 0 1 0 0
0 0 0 -1 0 0 0 0 0 0 0 1 0 0 0 0
0 0 0 0 -1 0 0 0 0 0 0 0 1 0 0 0
-2 -1 -1 0 0 0 0 0 0 0 0 0 0 2 0 0
0 0 -1 0 0 0 0 0 0 0 0 0 0 0 1 0
0 0 0 -2 -1 0 0 0 0 0 0 0 0 0 0 2

1 0 0 0 0 0 0 0 0 0 0 0 0
0 1 0 0 0 0 0 0 0 0 0 0 0
0 0 1 0 0 0 0 0 0 0 0 0 0
0 0 0 1 0 0 0 0 0 0 0 0 0
0 0 0 0 1 0 0 0 0 0 0 0 0
0 0 0 0 0 2 0 0 0 0 0 0 0
0 0 0 0 0 0 0 0 0 0 0 0 0
0 0 0 0 0 0 0 0 0 0 0 0 0
0 0 0 0 0 0 0 0 0 0 0 0 0
0 0 0 0 0 0 0 0 0 0 0 0 0
0 0 0 0 0 0 0 0 0 0 0 0 0
0 0 0 0 0 0 0 0 0 0 0 0 0
0 0 0 0 0 0 0 0 0 0 0 0 0
0 0 0 0 0 0 0 0 0 0 0 0 0
0 0 0 0 0 0 0 0 0 0 0 0 0
0 0 0 0 0 0 0 0 0 0 0 0 0

1 0 0 0 0 0 -1 0 0 0 0 0 -2
0 0 0 0 0 0 1 0 0 0 0 0 0
0 1 -1 0 0 -1 0 -1 -1 0 0 0 -1
0 0 0 0 0 0 0 -1 -1 0 -1 -1 -1
0 0 0 1 0 0 0 0 0 -1 0 0 0
0 0 0 0 0 0 0 0 0 1 0 0 0
0 0 0 0 1 0 0 0 0 0 0 0 0
0 0 0 0 0 0 0 1 0 0 0 0 0
0 0 1 0 0 0 0 1 2 0 0 0 0
0 0 0 0 0 1 0 0 0 0 0 0 1
0 0 0 0 0 0 0 0 0 0 1 0 0
0 0 0 0 0 0 0 0 0 0 0 1 0
0 0 0 0 0 0 0 0 0 0 0 0 1
