GM:(0,0,0)  A:(1/2,0,1/2)  B:(0,0,1/2)  C:(1/2,1/2,0)  D:(0,1/2,1/2)  E:(1/2,1/2,1/2)  Y:(1/2,0,0)  Z:(0,1/2,0)
GM:(0,0,0)  A:(1/2,0,1/2)  B:(0,0,1/2)  C:(1/2,1/2,0)  D:(0,1/2,1/2)  E:(1/2,1/2,1/2)  Y:(1/2,0,0)  Z:(0,1/2,0)
GM1  GM2  GM3GM4  A1  A2  A3A4  B1  B2  B3B4  C1C2  C3C3  C4C4  D1D2  D3D3  D4D4  E1E2  E3E3  E4E4  Y1  Y2  Y3Y4  Z1Z2  Z3Z3  Z4Z4
1 1 2 1 1 2 1 1 2 2 2 2 2 2 2 2 2 2 1 1 2 2 2 2
2a (1',1) A 2 1,2a (1',1) AA 4 1,2b (1',1) A 2 1,2b (1',1) AA 4 1,2c (1',1) A 2 1,2c (1',1) AA 4 1,2d (1',1) A 2 1,2d (1',1) AA 4 1
1 1 0 1 1 0 1 1 0 1 0 0 1 0 0 1 0 0 1 1 0 1 0 0
0 0 2 0 0 2 0 0 2 0 1 1 0 1 1 0 1 1 0 0 2 0 1 1
1 1 0 1 1 0 1 1 0 1 0 0 1 0 0 1 0 0 1 1 0 1 0 0
0 0 2 0 0 2 0 0 2 0 1 1 0 1 1 0 1 1 0 0 2 0 1 1
1 1 0 1 1 0 1 1 0 1 0 0 1 0 0 1 0 0 1 1 0 1 0 0
0 0 2 0 0 2 0 0 2 0 1 1 0 1 1 0 1 1 0 0 2 0 1 1
1 1 0 1 1 0 1 1 0 1 0 0 1 0 0 1 0 0 1 1 0 1 0 0
0 0 2 0 0 2 0 0 2 0 1 1 0 1 1 0 1 1 0 0 2 0 1 1

1 0 0 0 0 0 0 0 0 0 0 0 0 0 0 0 0 0 0 0 0 0 0 0
0 0 0 0 0 0 0 0 0 0 0 0 0 0 0 0 0 0 0 0 0 0 0 1
-1 1 0 0 0 0 0 0 0 0 0 0 0 0 0 0 0 0 0 0 0 0 0 0
-1 0 0 1 0 0 0 0 0 0 0 0 0 0 0 0 0 0 0 0 0 0 0 0
-1 0 0 0 1 0 0 0 0 0 0 0 0 0 0 0 0 0 0 0 0 0 0 0
0 0 -1 0 0 1 0 0 0 0 0 0 0 0 0 0 0 0 0 0 0 0 0 0
-1 0 0 0 0 0 1 0 0 0 0 0 0 0 0 0 0 0 0 0 0 0 0 0
-1 0 0 0 0 0 0 1 0 0 0 0 0 0 0 0 0 0 0 0 0 0 0 0
0 0 -1 0 0 0 0 0 1 0 0 0 0 0 0 0 0 0 0 0 0 0 0 0
-1 0 0 0 0 0 0 0 0 1 0 0 0 0 0 0 0 0 0 0 0 0 0 0
0 0 -1 0 0 0 0 0 0 0 1 0 0 0 0 0 0 0 0 0 0 0 0 1
0 0 -1 0 0 0 0 0 0 0 0 1 0 0 0 0 0 0 0 0 0 0 0 1
-1 0 0 0 0 0 0 0 0 0 0 0 1 0 0 0 0 0 0 0 0 0 0 0
0 0 -1 0 0 0 0 0 0 0 0 0 0 1 0 0 0 0 0 0 0 0 0 1
0 0 -1 0 0 0 0 0 0 0 0 0 0 0 1 0 0 0 0 0 0 0 0 1
-1 0 0 0 0 0 0 0 0 0 0 0 0 0 0 1 0 0 0 0 0 0 0 0
0 0 -1 0 0 0 0 0 0 0 0 0 0 0 0 0 1 0 0 0 0 0 0 1
0 0 -1 0 0 0 0 0 0 0 0 0 0 0 0 0 0 1 0 0 0 0 0 1
-1 0 0 0 0 0 0 0 0 0 0 0 0 0 0 0 0 0 1 0 0 0 0 0
-1 0 0 0 0 0 0 0 0 0 0 0 0 0 0 0 0 0 0 1 0 0 0 0
0 0 -1 0 0 0 0 0 0 0 0 0 0 0 0 0 0 0 0 0 1 0 0 0
-1 0 0 0 0 0 0 0 0 0 0 0 0 0 0 0 0 0 0 0 0 1 0 0
0 0 -1 0 0 0 0 0 0 0 0 0 0 0 0 0 0 0 0 0 0 0 1 1
0 0 -1 0 0 0 0 0 0 0 0 0 0 0 0 0 0 0 0 0 0 0 0 2

1 0 0 0 0 0 0 0
0 1 0 0 0 0 0 0
0 0 0 0 0 0 0 0
0 0 0 0 0 0 0 0
0 0 0 0 0 0 0 0
0 0 0 0 0 0 0 0
0 0 0 0 0 0 0 0
0 0 0 0 0 0 0 0
0 0 0 0 0 0 0 0
0 0 0 0 0 0 0 0
0 0 0 0 0 0 0 0
0 0 0 0 0 0 0 0
0 0 0 0 0 0 0 0
0 0 0 0 0 0 0 0
0 0 0 0 0 0 0 0
0 0 0 0 0 0 0 0
0 0 0 0 0 0 0 0
0 0 0 0 0 0 0 0
0 0 0 0 0 0 0 0
0 0 0 0 0 0 0 0
0 0 0 0 0 0 0 0
0 0 0 0 0 0 0 0
0 0 0 0 0 0 0 0
0 0 0 0 0 0 0 0

1 0 -1 0 -1 0 -1 0
0 1 0 -1 0 -1 0 -1
0 0 1 0 0 0 0 0
0 0 0 1 0 0 0 0
0 0 0 0 1 0 0 0
0 0 0 0 0 1 0 0
0 0 0 0 0 0 1 0
0 0 0 0 0 0 0 1
