GM:(0,0,0)  A:(1/2,1/2,1/2)  M:(1/2,1/2,0)  R:(0,1/2,1/2)  X:(0,1/2,0)  Z:(0,0,1/2)
GM:(0,0,0)  A:(1/2,1/2,1/2)  M:(1/2,1/2,0)  R:(0,1/2,1/2)  X:(0,1/2,0)  Z:(0,0,1/2)
GM1  GM2  GM3  GM4  GM5  GM6  GM7  A3  A4  A1  A2  A5  A6  A7  M5  M1M3  M2M4  M6M7  R2R4  R1R3  R5R5  X1X4  X2X3  X5X5  Z5  Z1Z3  Z2Z4  Z6Z7
1 1 1 1 2 2 2 1 1 1 1 2 2 2 2 2 2 4 2 2 4 2 2 4 2 2 2 4
2a (4'22',222) A1 2 1,2a (4'22',222) B1 2 1,2a (4'22',222) B2B3 4 1,2a (4'22',222) E 4 1,2b (4'22',222) A1 2 1,2b (4'22',222) B1 2 1,2b (4'22',222) B2B3 4 1,2b (4'22',222) E 4 1,4c (222,222) A1 4 1,4c (222,222) B1 4 1,4c (222,222) B2 4 1,4c (222,222) B3 4 1,4d (4,4) 1E 4 1,4d (4,4) 2E 4 1,4d (4,4) A 4 1,4d (4,4) B 4 1,4d (4,4) 1E1 4 1,4d (4,4) 1E2 4 1,4d (4,4) 2E1 4 1,4d (4,4) 2E2 4 1,8f (1',1) A 8 0
1 1 0 0 0 0 0 1 1 0 0 0 0 0 1 0 0 0 1 0 0 1 0 0 1 0 0 0
0 0 1 1 0 0 0 0 0 1 1 0 0 0 1 0 0 0 0 1 0 0 1 0 1 0 0 0
0 0 0 0 2 0 0 0 0 0 0 2 0 0 0 1 1 0 1 1 0 1 1 0 0 1 1 0
0 0 0 0 0 1 1 0 0 0 0 0 1 1 0 0 0 1 0 0 1 0 0 1 0 0 0 1
1 1 0 0 0 0 0 0 0 1 1 0 0 0 1 0 0 0 0 1 0 1 0 0 1 0 0 0
0 0 1 1 0 0 0 1 1 0 0 0 0 0 1 0 0 0 1 0 0 0 1 0 1 0 0 0
0 0 0 0 2 0 0 0 0 0 0 2 0 0 0 1 1 0 1 1 0 1 1 0 0 1 1 0
0 0 0 0 0 1 1 0 0 0 0 0 1 1 0 0 0 1 0 0 1 0 0 1 0 0 0 1
2 2 0 0 0 0 0 0 0 0 0 2 0 0 0 1 1 0 1 1 0 2 0 0 2 0 0 0
0 0 2 2 0 0 0 0 0 0 0 2 0 0 0 1 1 0 1 1 0 0 2 0 2 0 0 0
0 0 0 0 2 0 0 0 0 2 2 0 0 0 2 0 0 0 0 2 0 1 1 0 0 1 1 0
0 0 0 0 2 0 0 2 2 0 0 0 0 0 2 0 0 0 2 0 0 1 1 0 0 1 1 0
0 0 0 0 2 0 0 0 2 2 0 0 0 0 2 0 0 0 1 1 0 1 1 0 0 1 1 0
0 0 0 0 2 0 0 2 0 0 2 0 0 0 2 0 0 0 1 1 0 1 1 0 0 1 1 0
2 0 0 2 0 0 0 0 0 0 0 2 0 0 0 1 1 0 1 1 0 1 1 0 2 0 0 0
0 2 2 0 0 0 0 0 0 0 0 2 0 0 0 1 1 0 1 1 0 1 1 0 2 0 0 0
0 0 0 0 0 0 2 0 0 0 0 0 2 0 0 0 0 1 0 0 1 0 0 1 0 0 0 1
0 0 0 0 0 2 0 0 0 0 0 0 0 2 0 0 0 1 0 0 1 0 0 1 0 0 0 1
0 0 0 0 0 0 2 0 0 0 0 0 0 2 0 0 0 1 0 0 1 0 0 1 0 0 0 1
0 0 0 0 0 2 0 0 0 0 0 0 2 0 0 0 0 1 0 0 1 0 0 1 0 0 0 1
1 1 1 1 2 0 0 1 1 1 1 2 0 0 2 1 1 0 2 2 0 2 2 0 2 1 1 0

0 0 0 0 0 0 0 1 0 0 0 0 0 0 0 0 0 0 0 0 0 0 0 0 0 0 0 0
0 0 1 0 0 0 0 0 0 0 0 0 0 0 0 0 0 0 0 0 0 0 0 0 0 0 0 0
-1 0 -1 0 -1 0 0 1 0 0 0 0 0 0 0 0 1 0 0 1 0 0 0 0 0 0 1 0
0 0 0 0 0 1 0 0 0 0 0 0 0 0 0 0 0 0 0 0 0 0 0 0 0 0 0 0
0 0 -1 0 0 0 0 0 0 0 1 0 0 0 0 0 0 0 0 0 0 0 0 0 0 0 0 0
-1 1 -1 0 -1 0 0 0 0 0 -1 0 0 0 0 0 0 0 0 1 0 0 1 0 0 0 0 0
-1 0 -1 0 -1 0 0 0 1 0 0 0 0 0 0 0 1 0 0 1 0 0 0 0 0 0 0 0
0 0 -1 0 -1 0 0 0 0 0 0 0 0 0 0 0 0 0 0 0 0 0 1 0 0 0 1 0
0 0 0 0 0 -1 0 0 0 0 0 0 0 0 0 0 0 0 0 0 0 0 0 0 0 0 0 1
0 0 0 0 0 0 1 0 0 0 0 0 -1 0 0 0 0 0 0 0 0 0 0 0 0 0 0 0
-1 1 -1 1 0 0 0 0 0 0 0 0 0 0 0 0 0 0 0 0 0 0 0 0 0 0 0 0
-1 0 -1 0 -1 0 0 0 1 0 1 1 0 0 0 0 0 0 0 0 0 0 0 0 0 0 0 0
0 0 0 0 0 0 0 1 -1 1 -1 0 0 0 0 0 0 0 0 0 0 0 0 0 0 0 0 0
0 0 0 0 0 -1 -1 0 0 0 0 0 1 1 0 0 0 0 0 0 0 0 0 0 0 0 0 0
0 0 0 0 0 0 0 0 -1 0 -1 0 0 0 1 0 0 0 0 0 0 0 0 0 0 0 0 0
-1 0 -1 0 -1 0 0 0 1 0 1 0 0 0 0 1 1 0 0 0 0 0 0 0 0 0 0 0
-1 0 -1 0 -1 0 0 0 1 0 1 0 0 0 0 0 2 0 0 0 0 0 0 0 0 0 0 0
0 0 0 0 0 -1 -1 0 0 0 0 0 0 0 0 0 0 1 0 0 0 0 0 0 0 0 0 1
-1 0 -1 0 -1 0 0 0 0 0 0 0 0 0 0 0 0 0 1 1 0 0 0 0 0 0 0 0
-1 0 -1 0 -1 0 0 1 0 0 -1 0 0 0 0 0 0 0 0 2 0 0 0 0 0 0 0 0
0 0 0 0 0 -1 -1 0 0 0 0 0 0 0 0 0 0 0 0 0 1 0 0 0 0 0 0 1
-1 0 -1 0 -1 0 0 0 0 0 0 0 0 0 0 0 0 0 0 0 0 1 1 0 0 0 0 0
-1 1 -2 0 -1 0 0 0 0 0 0 0 0 0 0 0 0 0 0 0 0 0 2 0 0 0 0 0
0 0 0 0 0 -1 -1 0 0 0 0 0 0 0 0 0 0 0 0 0 0 0 0 1 0 0 0 1
-1 0 -1 0 0 0 0 0 0 0 0 0 0 0 0 0 0 0 0 0 0 0 0 0 1 0 0 0
0 0 0 0 -1 0 0 0 0 0 0 0 0 0 0 0 0 0 0 0 0 0 0 0 0 1 1 0
0 0 0 0 -1 0 0 0 0 0 0 0 0 0 0 0 0 0 0 0 0 0 0 0 0 0 2 0
0 0 0 0 0 -1 -1 0 0 0 0 0 0 0 0 0 0 0 0 0 0 0 0 0 0 0 0 2

1 0 0 0 0 0 0 0 0 0 0 0 0 0 0 0 0 0 0 0 0
0 1 0 0 0 0 0 0 0 0 0 0 0 0 0 0 0 0 0 0 0
0 0 1 0 0 0 0 0 0 0 0 0 0 0 0 0 0 0 0 0 0
0 0 0 1 0 0 0 0 0 0 0 0 0 0 0 0 0 0 0 0 0
0 0 0 0 1 0 0 0 0 0 0 0 0 0 0 0 0 0 0 0 0
0 0 0 0 0 1 0 0 0 0 0 0 0 0 0 0 0 0 0 0 0
0 0 0 0 0 0 1 0 0 0 0 0 0 0 0 0 0 0 0 0 0
0 0 0 0 0 0 0 1 0 0 0 0 0 0 0 0 0 0 0 0 0
0 0 0 0 0 0 0 0 1 0 0 0 0 0 0 0 0 0 0 0 0
0 0 0 0 0 0 0 0 0 2 0 0 0 0 0 0 0 0 0 0 0
0 0 0 0 0 0 0 0 0 0 0 0 0 0 0 0 0 0 0 0 0
0 0 0 0 0 0 0 0 0 0 0 0 0 0 0 0 0 0 0 0 0
0 0 0 0 0 0 0 0 0 0 0 0 0 0 0 0 0 0 0 0 0
0 0 0 0 0 0 0 0 0 0 0 0 0 0 0 0 0 0 0 0 0
0 0 0 0 0 0 0 0 0 0 0 0 0 0 0 0 0 0 0 0 0
0 0 0 0 0 0 0 0 0 0 0 0 0 0 0 0 0 0 0 0 0
0 0 0 0 0 0 0 0 0 0 0 0 0 0 0 0 0 0 0 0 0
0 0 0 0 0 0 0 0 0 0 0 0 0 0 0 0 0 0 0 0 0
0 0 0 0 0 0 0 0 0 0 0 0 0 0 0 0 0 0 0 0 0
0 0 0 0 0 0 0 0 0 0 0 0 0 0 0 0 0 0 0 0 0
0 0 0 0 0 0 0 0 0 0 0 0 0 0 0 0 0 0 0 0 0
0 0 0 0 0 0 0 0 0 0 0 0 0 0 0 0 0 0 0 0 0
0 0 0 0 0 0 0 0 0 0 0 0 0 0 0 0 0 0 0 0 0
0 0 0 0 0 0 0 0 0 0 0 0 0 0 0 0 0 0 0 0 0
0 0 0 0 0 0 0 0 0 0 0 0 0 0 0 0 0 0 0 0 0
0 0 0 0 0 0 0 0 0 0 0 0 0 0 0 0 0 0 0 0 0
0 0 0 0 0 0 0 0 0 0 0 0 0 0 0 0 0 0 0 0 0
0 0 0 0 0 0 0 0 0 0 0 0 0 0 0 0 0 0 0 0 0

1 0 0 0 0 0 0 0 0 0 0 -2 0 -2 0 0 -1 0 0 0 -1
0 1 0 0 0 0 0 0 0 0 0 0 0 0 0 -2 -1 0 -2 0 -1
0 0 1 0 0 0 0 0 0 0 -1 -1 -1 -2 0 0 0 0 0 0 -1
0 0 0 1 0 0 0 0 0 0 0 0 0 0 -1 0 0 -2 0 -2 0
0 0 0 0 1 0 0 0 0 0 -2 0 0 -2 0 2 1 0 2 0 0
0 0 0 0 0 0 0 0 0 0 0 0 0 0 0 0 1 0 0 0 0
0 0 0 0 0 0 0 0 0 0 0 0 1 0 0 0 0 0 0 0 0
0 0 0 0 0 0 0 0 0 0 0 0 0 0 1 0 0 0 0 0 0
0 0 0 0 0 1 0 0 0 0 1 1 0 2 0 -2 0 0 -1 0 0
0 0 0 0 0 0 0 0 0 0 0 0 0 0 0 0 0 0 1 0 0
0 0 0 0 0 0 0 0 0 0 1 0 0 0 0 0 0 0 0 0 0
0 0 0 0 0 0 0 0 0 0 0 1 0 0 0 0 0 0 0 0 0
0 0 0 0 0 0 1 0 0 0 0 0 0 1 0 0 0 0 0 0 0
0 0 0 0 0 0 0 0 0 0 0 0 0 1 0 0 0 0 0 0 0
0 0 0 0 0 0 0 1 0 0 0 0 0 0 0 1 0 0 0 0 0
0 0 0 0 0 0 0 0 0 0 0 0 0 0 0 1 0 0 0 0 0
0 0 0 0 0 0 0 0 1 -1 0 0 0 0 0 0 0 1 0 0 0
0 0 0 0 0 0 0 0 0 0 0 0 0 0 0 0 0 1 0 0 0
0 0 0 0 0 0 0 0 0 1 0 0 0 0 0 0 0 0 0 1 0
0 0 0 0 0 0 0 0 0 0 0 0 0 0 0 0 0 0 0 1 0
0 0 0 0 0 0 0 0 0 0 0 0 0 0 0 0 0 0 0 0 1
